   0.0000000e+00   0.0000000e+00   0.0000000e+00   0.0000000e+00   0.0000000e+00   0.0000000e+00
  -3.0040905e-02  -6.8162085e-02  -4.2038703e-02   3.3398096e-03   5.5286369e-04  -6.6861237e-04
  -5.3946516e-02  -1.0650166e-01   4.7262565e-02   2.9913348e-03   1.4342424e-03  -1.2680259e-03
  -1.2807775e-02  -1.5144981e-01   2.0231281e-02  -5.2481391e-04   2.5507410e-04  -1.1763554e-03
  -2.0630848e-02  -2.8234490e-02   2.0270676e-02  -1.3061017e-03   4.0312541e-04  -1.9306314e-03
  -3.0620093e-03  -3.5168607e-02  -4.7693173e-04  -9.5724570e-04  -4.0977246e-05  -8.4604763e-04
  -1.1366751e-02  -5.8895452e-02  -7.5491376e-02   9.2894561e-04   2.2596010e-05  -1.4470745e-03
  -4.6378736e-02  -1.1971273e-01  -2.7974336e-02  -2.9074520e-05   1.2296103e-03  -1.3588743e-03
  -4.4171492e-02  -1.5983351e-01   5.0227859e-02  -2.5381510e-03   1.1755851e-03  -2.0787794e-03
  -1.9434863e-02  -1.1859621e-01   5.3184658e-02  -2.2508837e-03   4.7547073e-04  -1.8348896e-03
  -1.0858787e-02  -1.0777636e-01   6.7555498e-02  -1.7031433e-03   2.8955675e-04  -2.3997284e-03
  -1.5522418e-02  -1.4343390e-01  -1.9079386e-03  -8.8862903e-04   1.8499703e-04  -3.0111226e-03
  -2.8799968e-02  -8.8820374e-02   1.6069725e-02  -5.6799766e-04   2.7413173e-04  -1.5830842e-03
  -3.8350422e-02  -1.3545096e-01   4.2039852e-02   8.4115169e-04   9.0934217e-04  -2.2435631e-03
  -4.8411976e-02  -1.0983803e-01   1.3695283e-01  -6.2126537e-04   1.5757681e-03  -2.3675594e-03
  -3.4829196e-02  -1.1513143e-01   1.1010431e-01  -1.9823614e-03   1.3353595e-03  -2.2804725e-03
  -4.3611694e-02  -7.1009548e-02   8.9696127e-02  -2.0523870e-03   1.3095130e-03  -1.9545862e-03
  -3.6330491e-02  -1.6513759e-01   7.5563257e-02  -3.0063117e-03   1.0995056e-03  -2.3966687e-03
  -1.0721498e-02  -1.5411828e-01  -7.8913025e-03  -1.9128727e-03   5.9244467e-04  -1.9563871e-03
  -4.6449188e-02  -1.2578456e-01   7.3090029e-02  -1.3213514e-03   1.5873873e-03  -1.9099236e-03
  -4.5753177e-02  -1.0646649e-01   1.2096960e-01  -1.7962610e-03   1.7353622e-03  -1.8614929e-03
  -2.4892040e-02  -1.3364676e-01   8.7015918e-02  -8.3380513e-04   2.0826074e-03  -1.2914043e-03
  -3.0920456e-02  -1.0592830e-01   1.7149200e-01  -5.8817942e-04   2.3358909e-03  -1.0876539e-03
  -2.8443815e-02  -1.4392483e-01   1.3455582e-01  -9.0771739e-04   2.2657696e-03  -1.0884023e-03
  -1.6904469e-02  -1.0015740e-01   5.8044573e-02  -7.8708390e-04   1.6256325e-03  -8.7118679e-04
  -3.3081130e-02  -9.4994459e-02   1.5374556e-01  -4.6145625e-04   2.4451993e-03  -9.1936142e-04
  -7.2938443e-03  -1.5662655e-01   3.6521202e-02  -1.0729215e-03   1.8813907e-03  -9.2179080e-04
   6.6697487e-03  -2.2481781e-01   4.4267106e-02   6.4593820e-04   1.3560761e-03  -3.7302891e-04
  -3.0276547e-02  -1.2845500e-01   7.7231944e-02   9.6087886e-04   2.4087487e-03   3.7536200e-04
  -1.5554515e-02  -1.6839119e-01  -6.0640548e-03   9.2634277e-04   2.0146514e-03   4.8075255e-04
   8.6944723e-03  -1.4406766e-01   3.0273051e-02   1.8563584e-03   1.1300908e-03   6.1819570e-04
  -3.4624660e-02  -1.6944178e-01   1.2154741e-01   2.5447825e-03   2.3591466e-03   5.0202261e-04
   1.4970427e-03  -2.9453147e-01   2.8528104e-02   2.1423113e-03   1.6073810e-03  -1.3500222e-04
   4.0369123e-02  -1.4823130e-01   8.0331840e-02   2.2402759e-03   5.5009932e-04   1.8229699e-03
  -1.9859969e-02  -1.2444961e-01   8.1655968e-02   1.8527046e-03   1.8257700e-03   6.2802174e-04
  -2.4594571e-02  -1.7567853e-01   1.9621162e-02   2.8974652e-03   1.8338243e-03   1.5266966e-04
  -6.0965262e-02  -1.4920401e-01   1.0332426e-01   3.7559269e-03   2.6359055e-03   4.4065553e-04
  -6.3666948e-02  -1.4129585e-01   1.6896681e-01   3.7587817e-03   2.7273069e-03   3.2690868e-06
  -4.6322605e-03  -2.3046271e-01   6.8593147e-02   4.3778076e-03   2.1593507e-03  -9.6818801e-04
   1.0784396e-02  -1.4259676e-01   1.3464108e-01   1.6481923e-03   2.0607703e-03   7.5187409e-05
   1.8521487e-01  -5.7935693e-03   2.5408530e-01  -8.0962545e-03  -8.9092403e-04   4.5630187e-03
   1.4743426e-01  -1.0024821e-01   9.5143910e-02  -3.4076705e-03  -6.2241914e-04   1.6611334e-03
   1.1806273e-01  -3.4573312e-02   6.8368784e-02  -3.2040811e-03   3.7252819e-04   1.4798187e-03
   1.1001297e-01   8.2390747e-03   5.6710690e-02  -3.3004838e-03   5.4005784e-04   6.0511031e-04
   1.3198885e-01  -8.3518520e-02   5.3441994e-02  -2.6744856e-03   1.8290844e-04   1.2374145e-03
   8.1280550e-02  -1.0622045e-01   1.5450972e-01  -1.0543925e-03   1.8862269e-03  -4.6294878e-04
   1.1310103e-01  -2.0750879e-01   1.2396069e-01  -1.6187207e-03   1.1467757e-03   2.7435226e-04
   1.0150237e-01  -1.0614015e-01   1.4901553e-01  -1.7631615e-03   7.7892241e-04   4.5325021e-05
   1.1850240e-01  -1.0268545e-01   1.7678850e-01  -7.7839861e-04   3.3822785e-04   1.6979534e-03
   1.1591595e-01  -1.1640287e-01   1.0151410e-01  -4.7439935e-04   6.0421334e-04   2.3169373e-03
   6.1343457e-02  -1.8408702e-01   9.2260046e-02   1.4003762e-03   1.9045978e-03   1.6945126e-03
   7.4164426e-02  -1.8698285e-01   1.0438484e-01   7.4185125e-04   1.5772747e-03   1.2267881e-03
   9.0654704e-02  -2.4585041e-01   1.0685640e-01  -8.7838535e-04   1.4933936e-03   5.6376343e-04
   1.0537644e-01  -2.1652005e-01   6.2502110e-02  -1.0979617e-03   9.4157511e-04   4.2589800e-05
   3.9399927e-02  -1.3154143e-01   1.6489730e-01  -1.3237099e-04   2.8686248e-03  -7.0710202e-04
   4.3853902e-02  -1.1931267e-01   7.0888993e-02  -6.8266296e-04   2.6598309e-03  -3.3437371e-04
   3.3022504e-02  -1.7757205e-01  -1.0315346e-02   1.8610073e-03   2.2409686e-03  -1.2210099e-03
   2.7617912e-02  -2.2073461e-01   9.8663661e-03   2.7673580e-03   2.0334890e-03  -1.1228836e-03
   3.8611989e-02  -2.5522243e-01   1.8879935e-02  -2.6129459e-04   2.4637600e-03  -1.2299475e-03
   7.2262285e-02  -2.0933739e-01  -8.0093219e-02   1.6462705e-03   1.2409109e-03   4.9808791e-04
   2.9009705e-02  -2.0942341e-01  -3.5923617e-02   2.3194173e-03   2.0435787e-03  -6.9199637e-05
  -9.9857209e-03  -1.9333015e-01   5.5921928e-02   2.2283988e-03   3.1155619e-03  -7.4536449e-04
   2.7914419e-02  -2.2993256e-01   4.2893292e-02   1.8046480e-03   2.2161751e-03  -3.5918962e-04
  -5.9227680e-03  -2.0929052e-01   1.0215640e-01   2.1853263e-03   2.9708797e-03  -1.2289875e-03
   1.6054839e-02  -2.1560841e-01   9.7852251e-02   5.2951210e-04   2.6885746e-03  -1.1372197e-03
   3.0615739e-02  -1.8880690e-01   3.5132459e-02   1.0860128e-03   1.9515913e-03  -1.0146671e-03
   2.2441427e-02  -1.8974499e-01   1.0259537e-01   1.3562958e-03   2.5566737e-03  -6.1845048e-04
   1.4389910e-02  -1.9231710e-01   6.5426323e-02   2.1771946e-04   2.5749830e-03  -1.0722762e-03
   3.2196567e-02  -2.0156194e-01   7.6690280e-02   9.4927427e-04   2.1526671e-03  -5.5651290e-04
   1.8049615e-02  -1.9951121e-01   1.2349449e-01   3.8903637e-04   2.5851375e-03  -5.5683951e-04
   3.1556975e-03  -2.1794008e-01   1.7728308e-02   1.2405102e-03   2.5953005e-03  -3.6219629e-04
  -5.3941322e-03  -1.8452958e-01   6.6461325e-02   1.7394765e-03   2.9290396e-03  -4.4502352e-04
   1.0347728e-02  -1.9755257e-01   1.0318196e-01   2.2948985e-03   2.7232472e-03   4.7683309e-04
   3.7345632e-02  -3.0756835e-01   3.0694126e-02   3.7895687e-03   2.2981627e-03   7.5819534e-04
   3.7568009e-02  -2.9008471e-01  -1.6757566e-02   2.4205885e-03   2.0067677e-03   6.7586916e-04
   5.8056466e-02  -2.0943544e-01  -9.5870656e-02   3.4287371e-03   1.3404236e-03   1.9848944e-03
   3.5301726e-02  -1.6479497e-01   1.1042336e-02   4.1455684e-03   1.8079521e-03   1.7865188e-03
   3.8445947e-02  -2.4338378e-01  -1.3903525e-03   3.9033605e-03   2.2403109e-03   1.6915866e-03
   6.7764095e-02  -3.0145980e-01  -1.4780775e-02   3.2594125e-03   1.6200767e-03   1.5865100e-03
   4.6518718e-02  -2.8465291e-01   4.9625573e-02   3.7747331e-03   2.3234724e-03   8.8977699e-04
   5.6389334e-02  -3.6460778e-01  -1.2665689e-02   1.6440027e-03   2.5478497e-03   7.1569135e-04
   7.1302075e-02  -2.8892541e-01  -2.8909408e-02   2.3182006e-03   1.6214210e-03   7.5940101e-04
   3.9048691e-02  -2.9921420e-01   2.5578536e-02   4.5585009e-03   2.3744140e-03   5.6316956e-04
   2.7078052e-02  -3.0334101e-01   4.1494324e-02   2.3951741e-03   2.7806243e-03   5.1922995e-04
   8.8253445e-03  -3.3865180e-01   8.4948633e-02   2.1178289e-03   2.7658123e-03   2.2239040e-04
  -9.5174180e-03  -2.7588716e-01   1.8708542e-01   1.2874227e-03   3.0169865e-03  -4.6176320e-05
   2.8484703e-02  -3.2869283e-01   8.7937264e-02   9.4430879e-04   2.6074492e-03  -3.1920986e-05
   4.7370808e-03  -2.4619317e-01   7.9453980e-02   1.3237498e-03   2.8882040e-03   1.5965940e-05
   2.7892630e-03  -2.4596097e-01   1.1369106e-01   1.6531104e-03   3.0615936e-03   2.2870341e-05
   2.3780155e-02  -2.9722214e-01   2.4355346e-02   3.3657375e-03   2.6974076e-03   6.3719440e-05
   9.5362146e-03  -2.7610069e-01   8.8450636e-02   3.7710704e-03   3.2299661e-03   1.9704015e-04
   1.0674488e-02  -2.9076991e-01   1.1705948e-01   1.9182076e-03   3.2441487e-03   2.6462007e-04
   2.0205343e-02  -3.8793696e-01   2.1970489e-02   6.7220398e-04   2.8387799e-03   9.9887805e-05
   2.4396892e-02  -3.5806954e-01   4.9551407e-02   2.5698735e-03   2.4184310e-03  -1.1452251e-03
   3.0640044e-03  -3.2958859e-01  -2.4621466e-02   2.2930659e-03   3.3847855e-03  -6.6987149e-04
   1.6065681e-02  -3.2417854e-01  -3.0660095e-02   4.4593811e-03   2.9803671e-03  -1.1762936e-04
  -4.3777843e-03  -2.8324479e-01   5.2095318e-02   4.9747985e-03   3.4861201e-03  -2.4462819e-04
   3.1813118e-03  -3.2694352e-01  -1.5824518e-02   4.0143742e-03   3.4935547e-03  -5.1539645e-04
  -2.0677873e-02  -3.0696664e-01   4.4017186e-02   4.4136495e-03   3.8465119e-03  -4.7899566e-04
  -7.7237080e-03  -2.4585020e-01   9.5189540e-02   3.9720725e-03   3.7694039e-03  -2.8092882e-04
   2.2484894e-03  -3.5109606e-01  -2.3134041e-02   2.9814116e-03   3.6941696e-03  -8.6048326e-04
   2.0565336e-02  -4.6500623e-01  -1.3189559e-01   6.7360096e-03   2.6445156e-03  -9.1281839e-04
   4.3824111e-02  -4.1427692e-01   4.4233353e-03   3.3327456e-03   2.0263507e-03  -2.4605753e-04
   4.4616666e-02  -3.7369727e-01  -4.7150287e-02   2.6343041e-03   1.9827096e-03   1.9134662e-04
   3.5925960e-02  -3.0145567e-01   5.5023631e-02   2.6040356e-03   2.2646989e-03   8.3547689e-04
   3.2214229e-02  -3.2171156e-01   1.3368385e-01   1.6653824e-03   2.4956762e-03   1.1293592e-03
   4.2449035e-02  -3.6017233e-01   6.6267527e-02   3.0500967e-03   2.1813611e-03   1.6143587e-03
   5.8796881e-02  -3.2561316e-01   1.2489234e-01   2.9464857e-03   2.2828373e-03   1.8446353e-03
   5.6017596e-02  -3.3016691e-01   1.6722833e-01   2.5574106e-03   2.3935388e-03   1.7791739e-03
   5.5475271e-02  -3.2209198e-01   4.6532575e-02   2.2655000e-03   2.1671862e-03   1.3312260e-03
   5.8948258e-02  -3.2471264e-01   9.3957009e-02   2.8352969e-03   2.4041894e-03   1.2602844e-03
   3.8644730e-02  -3.3858782e-01   1.2333504e-01   2.9624501e-03   2.6811268e-03   1.1524340e-03
   6.3282504e-02  -4.5786797e-01  -2.7859867e-02   2.4232321e-03   1.9759405e-03   8.6002021e-04
   7.4961447e-02  -4.1193438e-01   2.2913167e-02   1.6940518e-03   1.5930339e-03   1.0300393e-03
   5.9703062e-02  -4.2392575e-01  -8.9543752e-02   2.4217875e-03   1.9605740e-03   6.5828116e-04
   6.8540648e-02  -4.7762331e-01  -5.0272927e-02   3.9036816e-03   1.4018401e-03   9.7373038e-04
   6.4109590e-02  -4.3607866e-01  -1.7700437e-02   3.8782335e-03   1.5838352e-03   8.4134124e-04
   6.1855562e-02  -4.4238111e-01  -5.7123052e-02   5.7461345e-03   1.4688282e-03   1.1023771e-03
   4.4634381e-02  -4.0825531e-01   5.5596864e-02   6.4745563e-03   1.9016881e-03   1.1794678e-03
   4.8489767e-02  -4.1660611e-01   3.0533571e-02   5.1591977e-03   2.1454966e-03   1.4143421e-03
   7.2285797e-02  -4.7478863e-01  -1.0922569e-03   4.5508186e-03   1.4920405e-03   1.0691712e-03
   5.9624287e-02  -4.5443123e-01   6.5470369e-02   4.7239418e-03   1.9806827e-03   6.7325774e-04
   5.2842389e-02  -4.3909989e-01  -7.3364707e-03   4.2481184e-03   2.2631236e-03   1.0375635e-03
   4.8372781e-02  -3.7801683e-01   1.2554199e-02   5.1463315e-03   1.8364945e-03   1.2420204e-03
   4.9407096e-02  -3.7811730e-01   7.6227291e-02   5.7093294e-03   1.8737794e-03   1.1882994e-03
   8.2757403e-02  -4.3870057e-01  -3.9243459e-02   5.0458487e-03   1.5446595e-03   1.3862873e-03
   1.0021362e-01  -4.1398107e-01  -2.7664143e-02   4.5199547e-03   5.8803314e-04   1.3117562e-03
   6.9569753e-02  -4.7182068e-01  -1.8860620e-02   3.7542199e-03   1.6279589e-03   1.8782201e-03
   9.1953960e-02  -4.4105589e-01  -9.9046770e-02   4.9337854e-03   1.0779639e-03   1.6140512e-03
   3.7939304e-02  -4.1486923e-01   3.7083109e-02   6.0496335e-03   2.2854293e-03   1.6362139e-03
   5.7910242e-02  -4.2033872e-01   2.4845190e-03   4.8532618e-03   2.2098218e-03   1.6803778e-03
   2.8969760e-02  -4.0541758e-01   2.5380653e-02   5.4404000e-03   2.5130322e-03   1.8619011e-03
   4.4591807e-02  -3.7832738e-01   8.5276039e-02   4.9463591e-03   2.1135368e-03   1.4345683e-03
   7.8111248e-02  -4.3902597e-01   1.0811693e-02   4.5331715e-03   1.9370856e-03   1.4167255e-03
   4.6492925e-02  -3.9993353e-01   7.8089184e-02   4.2327645e-03   2.2306016e-03   1.4888761e-03
   1.1529868e-02  -4.4726948e-01   8.5287917e-02   4.6585830e-03   2.9929387e-03   1.0272651e-03
   8.6805840e-02  -5.1291146e-01  -8.4895198e-02   3.6473239e-03   1.5081816e-03   1.2212796e-03
   7.4728106e-02  -4.0483807e-01  -4.0723781e-02   4.5121516e-03   1.3099342e-03   2.5032319e-03
   3.9855921e-02  -3.8900562e-01  -3.9234897e-03   4.6656173e-03   2.4251723e-03   2.4661031e-03
   6.4743438e-02  -3.9698730e-01  -6.6328607e-02   5.8640437e-03   1.4076479e-03   2.2495672e-03
   2.8875462e-02  -4.1086700e-01   5.8016742e-02   6.8280638e-03   2.3883168e-03   1.7501563e-03
   3.1871922e-02  -4.6650670e-01   6.0506037e-02   6.1614065e-03   2.6113732e-03   1.5809854e-03
   4.2117973e-02  -4.2705948e-01   9.6505068e-03   5.8942027e-03   2.2397791e-03   9.0808193e-04
   4.9654296e-02  -4.5537089e-01   7.9172508e-02   5.4466866e-03   2.7022688e-03   9.4585161e-04
   4.2863963e-02  -4.7324030e-01  -1.8240993e-02   4.9184560e-03   2.7411030e-03   7.1786956e-04
   3.0886009e-02  -4.1145491e-01   5.8278465e-03   5.3041495e-03   2.9967592e-03   3.6324814e-04
   3.4457540e-02  -4.5562931e-01   1.3749306e-02   4.6714407e-03   3.1135271e-03   2.9123152e-04
   4.5626291e-02  -4.7454881e-01  -2.7727201e-02   6.3331227e-03   2.6423388e-03   6.4691543e-04
   6.2920284e-02  -4.5955148e-01   2.8258241e-02   6.0895572e-03   2.6005427e-03   8.0201061e-04
   5.0251916e-02  -4.9289289e-01   9.6518930e-02   4.8916154e-03   2.8678226e-03   8.6872224e-04
   5.7886912e-02  -4.6302032e-01   7.1277757e-03   3.6070151e-03   2.3859308e-03   9.5612394e-04
   4.7498346e-02  -4.8359962e-01   6.6291643e-02   2.4721093e-03   2.8174158e-03   7.0943299e-04
   4.0743048e-02  -4.7807723e-01   1.4265597e-01   1.4433826e-03   3.2395978e-03   8.2213681e-04
   5.8787132e-02  -5.7291503e-01   3.7539372e-02   1.8748240e-03   2.9252395e-03   8.8045070e-04
   8.0811069e-02  -5.5458053e-01   1.7733876e-02   8.5604386e-04   2.1464284e-03   6.7561520e-04
   1.0709837e-01  -5.6725905e-01  -1.4584715e-01   2.0046820e-03   1.8109799e-03   2.8473869e-03
   6.8185002e-02  -5.2149488e-01  -7.6648507e-02   4.1308094e-03   2.5934500e-03   2.1101988e-03
   7.2828409e-02  -6.2227423e-01  -5.9110359e-02   3.3619699e-03   2.5577924e-03   2.0780022e-03
   9.7882562e-02  -5.9164410e-01  -9.8231782e-02   4.7711813e-03   1.6504045e-03   2.9429040e-03
   7.4274919e-02  -5.4883552e-01   1.3429513e-02   5.9032422e-03   2.0061052e-03   2.1745707e-03
   6.7474206e-02  -6.3009297e-01  -7.7962693e-02   4.8968749e-03   2.3753189e-03   1.7715749e-03
   9.2092788e-02  -5.6374807e-01  -7.4935799e-02   5.7108819e-03   1.4650430e-03   2.1589103e-03
   6.4928592e-02  -5.3106460e-01   4.4359016e-02   6.7225358e-03   2.2141670e-03   1.6299735e-03
   9.5877927e-02  -5.8557209e-01  -6.3747982e-02   6.0639970e-03   1.8589179e-03   1.6357525e-03
   5.8334533e-02  -5.2709247e-01   3.0807280e-02   7.1699045e-03   2.4062778e-03   1.5932392e-03
   4.5631899e-02  -5.0896898e-01   8.8760392e-02   6.9968029e-03   2.7528918e-03   1.5282613e-03
   6.1754920e-02  -5.7075168e-01  -2.4180048e-04   5.4370577e-03   2.8619563e-03   1.4480561e-03
   5.0670032e-02  -5.5299611e-01   8.2762978e-03   5.9631836e-03   2.7302798e-03   1.5377675e-03
   4.4484563e-02  -5.2703163e-01   7.3968860e-02   4.7980660e-03   2.9224715e-03   1.1360869e-03
   5.2811824e-02  -5.6089941e-01   2.3054260e-02   3.3376322e-03   3.2284499e-03   1.2297247e-03
   3.0986326e-02  -5.6610324e-01  -2.1563381e-02   4.9581434e-03   3.2277053e-03   1.1553239e-03
   8.3613003e-03  -5.3469810e-01   4.4271595e-02   5.3805525e-03   3.6562395e-03   8.8425831e-04
  -1.2102938e-02  -5.7077880e-01   1.6094433e-02   5.0465363e-03   4.0723801e-03   8.4696437e-04
  -3.5634797e-02  -5.6619432e-01  -8.0190894e-03   4.4031856e-03   5.1687283e-03   9.4562376e-04
  -1.5090726e-03  -6.0360400e-01   8.5931912e-02   3.2126520e-03   4.0024748e-03   6.2115766e-04
   4.1680588e-02  -6.5410832e-01  -6.5750743e-03   3.5095234e-03   3.5601171e-03   9.8771951e-04
   4.6325673e-02  -6.0225663e-01   2.3507289e-02   2.9535473e-03   3.3279483e-03   1.0206191e-03
   4.4227839e-02  -6.0558840e-01   7.8128009e-02   3.0918370e-03   3.9617984e-03   1.0492194e-03
   5.9210775e-02  -6.1848411e-01  -3.8860277e-03   2.4987638e-03   3.3424513e-03   9.1278183e-04
   4.9528627e-02  -6.2190148e-01   3.1175388e-02   4.1116170e-03   3.3960826e-03   6.9411517e-04
   5.2601138e-02  -5.8232487e-01   7.0744128e-02   4.1348646e-03   3.4493245e-03   7.3821993e-04
   6.1637934e-02  -6.5037574e-01  -2.8124864e-03   4.2135318e-03   3.5412044e-03   6.6423199e-04
   4.7888656e-02  -5.6397779e-01   8.5182517e-03   4.0033765e-03   3.5879569e-03   9.2926638e-04
   4.3709351e-02  -5.6143217e-01   7.0466076e-02   4.0773262e-03   3.8726395e-03   9.5100062e-04
   4.9331499e-02  -6.3231800e-01   3.7630577e-04   3.9607879e-03   3.9382396e-03   7.6284107e-04
   4.2547118e-02  -6.1126711e-01   2.3571557e-02   4.5230209e-03   3.8048125e-03   7.9003416e-04
   4.2116200e-02  -6.0636520e-01   8.1522042e-02   4.1211876e-03   3.9367859e-03   8.6810219e-04
   3.8978478e-02  -6.4593493e-01   5.1258888e-02   3.6146510e-03   3.9649032e-03   8.8628872e-04
   6.6133249e-02  -5.7809126e-01   4.5561475e-02   4.2621407e-03   3.2823580e-03   9.3284635e-04
   4.5830008e-02  -6.8041890e-01   2.0018553e-02   4.9381761e-03   3.5378629e-03   8.2807946e-04
   8.1023314e-02  -7.8734966e-01  -1.3146605e-01   5.5889621e-03   2.8317137e-03   6.8614599e-04
   1.0921684e-01  -7.6762355e-01  -2.1849849e-01   4.2846071e-03   2.0029612e-03   7.5595799e-04
   1.3500969e-01  -6.9850424e-01  -2.4093093e-01   5.7599996e-03   6.8739846e-04   2.2549614e-03
   1.0690549e-01  -6.5588612e-01  -1.3734511e-01   7.1223747e-03   1.7699325e-03   2.8789935e-03
   1.2151666e-01  -7.9575314e-01  -1.8909829e-01   7.4088985e-03   1.3618066e-03   2.1943458e-03
   1.1756401e-01  -7.1834114e-01  -1.1315080e-01   7.3481765e-03   1.2259822e-03   1.8618486e-03
   7.8944453e-02  -6.7234553e-01  -5.2799470e-02   7.2721572e-03   2.5621610e-03   1.4807677e-03
   8.1287765e-02  -7.2454313e-01  -9.6147438e-02   8.1345396e-03   2.4865156e-03   1.6197819e-03
   9.6033111e-02  -6.6398301e-01  -2.5882752e-02   7.6881522e-03   2.0885898e-03   1.5838878e-03
   8.7061828e-02  -6.4046547e-01   1.8793365e-02   6.3835087e-03   2.5276110e-03   1.7342776e-03
   1.0645125e-01  -6.5415564e-01  -7.2763218e-02   7.1124671e-03   2.0784214e-03   1.7082669e-03
   8.3100208e-02  -6.9931597e-01   4.4989449e-02   5.8987129e-03   3.0031264e-03   1.0053999e-03
   6.7262417e-02  -6.9541643e-01  -2.0013456e-02   4.5902283e-03   3.4959370e-03   9.4181823e-04
   7.0211096e-02  -6.5339122e-01  -4.8953810e-02   5.1284023e-03   3.1846667e-03   9.0734555e-04
   6.3187173e-02  -6.4894579e-01   1.5387050e-02   6.3751899e-03   3.3438259e-03   7.3700693e-04
   7.0524963e-02  -6.9009642e-01  -4.6495107e-02   5.2201997e-03   3.4369845e-03   8.0470987e-04
   5.7269762e-02  -6.9977063e-01  -7.0286504e-02   6.0301056e-03   3.4920185e-03   6.8521858e-04
   3.1945117e-02  -6.5925139e-01  -3.7731584e-03   6.5073034e-03   3.8469134e-03   6.0879412e-04
   3.7815291e-02  -6.8623434e-01  -5.7135522e-02   6.2072390e-03   3.9122721e-03   7.4870132e-04
   6.2535304e-02  -7.0523287e-01  -6.0790212e-02   7.5893486e-03   3.1744623e-03   8.4301256e-04
