   0.0000000e+00   0.0000000e+00   0.0000000e+00   0.0000000e+00   0.0000000e+00   0.0000000e+00
   7.7990484e-03  -3.7757455e-02   4.0039610e-02  -4.7842367e-04   3.8590814e-04   2.4566221e-04
   4.2642909e-02   1.0475762e-02   2.2438316e-02  -2.4890570e-04   4.2686838e-04   1.0380574e-03
   4.4428741e-02  -1.3603557e-02   3.3365972e-02  -5.2110397e-04   3.6249771e-04   1.1898803e-03
   4.2400762e-02  -3.1254646e-02   2.0835730e-02   1.1867490e-05   3.0357391e-04   1.5619740e-03
   6.0452576e-02  -7.0926717e-02   4.6839429e-02  -7.5209718e-04   7.8203498e-04   1.3330217e-03
   6.7738782e-02  -9.3110455e-03   3.4696780e-02  -2.8413826e-04   6.7760118e-04   1.6928355e-03
   7.3954422e-02  -9.4043194e-02   5.5375425e-02  -1.0968535e-03   6.4324657e-04   1.8666734e-03
   8.4225894e-02  -4.8939598e-02   4.1597415e-02  -5.3227860e-04   8.1766318e-04   2.0402969e-03
   7.6419794e-02  -1.1846575e-01   3.9406054e-02  -8.2943254e-04   6.6968931e-04   2.2268227e-03
   7.8301072e-02  -4.8983837e-02   4.2348075e-02  -9.6859135e-04   4.9824473e-04   2.1876386e-03
   5.8996414e-02  -1.1020827e-01   2.5015078e-02  -7.8559889e-04   3.9431493e-04   1.9994086e-03
   5.7935233e-02  -4.7843007e-02   3.5325426e-02  -1.0704906e-03   5.5831419e-04   1.9667941e-03
   5.9754847e-02  -1.0795498e-01   2.5045072e-02  -8.8684607e-04   7.7246740e-04   1.9062083e-03
   5.4678880e-02  -7.3839231e-02   4.7594855e-02  -1.4312154e-03   6.4946193e-04   1.6171590e-03
   4.3716331e-02  -1.2187758e-01   2.9236586e-02  -1.2321234e-03   4.3890925e-04   1.9487257e-03
   5.3769736e-02  -1.1763169e-01   5.3010519e-02  -1.6335257e-03   4.3517920e-04   1.9840195e-03
   6.6261721e-02  -1.0508281e-01   6.4333849e-03  -6.8588310e-04   3.7825139e-04   2.4675220e-03
   6.0254011e-02  -1.4492887e-01   1.4174991e-02  -7.9115367e-04   4.2742652e-04   2.5885821e-03
   7.0149744e-02  -7.8446299e-02   1.5121211e-02  -6.4157074e-04   3.9153216e-04   3.4178878e-03
   6.0042193e-02  -1.7125451e-01   1.6443071e-02  -9.4911266e-04   5.7759095e-04   2.9273962e-03
   6.2973313e-02  -1.0814474e-01   4.5250775e-02  -1.9481385e-03   6.6552532e-04   2.7940336e-03
   6.2255025e-02  -1.6127829e-01  -1.0945916e-02  -6.0049419e-04   4.5741420e-04   3.3261023e-03
   6.9871779e-02  -1.6931825e-01   2.5384857e-02  -1.3449228e-03   6.4052974e-04   3.2205855e-03
   6.0647524e-02  -1.4279870e-01  -1.9040027e-02  -1.4377641e-03   4.1263554e-04   3.1321588e-03
   4.1836484e-02  -2.4236067e-01  -8.6338386e-03  -2.0756797e-03   8.9604975e-05   2.5481527e-03
   9.6889676e-03  -1.5189921e-01  -4.1987325e-03  -2.0462815e-03  -1.1095803e-04   2.0342323e-03
   2.2104030e-02  -2.4723090e-01  -1.6271670e-03  -1.7024177e-03   6.9201898e-05   2.4405979e-03
   2.3440588e-02  -1.8123679e-01   1.7486058e-02  -2.1136615e-03  -4.7134633e-05   2.1881285e-03
   3.6439113e-02  -2.2626295e-01   5.6754572e-03  -1.4692466e-03   3.5088349e-06   2.4420084e-03
   7.2581217e-02  -1.8138243e-01   3.4782816e-02  -1.8395881e-03   1.9186286e-04   3.5081299e-03
   7.7939479e-02  -2.4025957e-01   1.5586384e-02  -1.3893937e-03   3.0628586e-04   3.6618334e-03
   9.9852662e-02  -2.3701742e-01   4.1701424e-02  -2.2761934e-03   4.0494858e-04   3.6053728e-03
   1.1089008e-01  -2.0928539e-01   1.7071802e-02  -1.6632245e-03   7.0382991e-04   3.9297154e-03
   1.1607671e-01  -2.9975422e-01   3.5371414e-02  -2.1662651e-03   7.0784614e-04   4.1000353e-03
   1.2043209e-01  -2.1536855e-01   4.8763801e-02  -2.0443904e-03   7.3523610e-04   4.1038605e-03
   1.2061432e-01  -2.6422491e-01   2.9656248e-02  -1.9563024e-03   6.8630454e-04   4.2026203e-03
   1.0914539e-01  -2.4955932e-01   4.2573075e-02  -2.1796579e-03   3.6109613e-04   4.0979249e-03
   1.0285058e-01  -2.4948970e-01   2.2829507e-02  -1.2569798e-03   4.3882542e-04   4.1460070e-03
   9.7469769e-02  -3.2895138e-01   3.5674015e-02  -2.1653011e-03   1.1455797e-04   3.9773809e-03
   1.0383270e-01  -2.5586489e-01   4.3089073e-02  -1.6466983e-03   1.2284226e-04   4.2144211e-03
   1.0631489e-01  -3.0198782e-01   2.9714017e-02  -1.3996125e-03   2.4547520e-04   4.3093876e-03
   1.1403461e-01  -2.9483996e-01   5.5511227e-02  -2.0989548e-03   2.8607168e-04   4.0247320e-03
   1.3058164e-01  -2.4264104e-01   1.6188401e-03  -1.3866787e-03   6.1140065e-04   3.9567293e-03
   1.3169440e-01  -2.9989901e-01   1.8727220e-02  -1.9230684e-03   8.2610477e-04   4.6651987e-03
   1.4033302e-01  -3.3702498e-01   4.5880440e-02  -2.5424316e-03   1.1199162e-03   3.8566663e-03
   1.5318888e-01  -2.9476767e-01   2.4239452e-02  -2.1243132e-03   1.0199810e-03   4.1442222e-03
   1.6409125e-01  -3.3096409e-01   6.7302286e-04  -2.5169279e-03   1.3130073e-03   4.5059363e-03
   1.6035558e-01  -3.6191839e-01   1.6164438e-02  -2.9944179e-03   1.6152299e-03   4.0238651e-03
   1.4586865e-01  -3.2191525e-01   6.3884759e-03  -2.8768416e-03   1.8719520e-03   3.6842969e-03
   1.6073071e-01  -3.4994776e-01   2.1705923e-02  -2.9362473e-03   1.4836199e-03   3.6306814e-03
   1.7775538e-01  -2.8591418e-01   1.5759509e-02  -2.4767980e-03   1.8172112e-03   3.6428738e-03
   1.6192246e-01  -3.3318419e-01   8.0148465e-03  -1.6733666e-03   1.5062531e-03   3.7227725e-03
   1.8064685e-01  -3.0408672e-01   3.2053005e-02  -1.9273576e-03   1.4549515e-03   3.7451722e-03
   1.6529085e-01  -2.9980638e-01   3.2056228e-02  -1.5524672e-03   1.4931474e-03   3.6666288e-03
   1.7052259e-01  -3.3957184e-01   2.6270519e-02  -1.8439105e-03   1.8676589e-03   3.8032386e-03
   1.9214575e-01  -3.2718965e-01   4.4743799e-02  -2.3488383e-03   1.9237176e-03   3.7484329e-03
   1.9233540e-01  -3.3651547e-01   2.0983723e-02  -2.4106768e-03   1.8900899e-03   3.7295064e-03
   1.9301678e-01  -3.9168589e-01   5.0530962e-02  -2.9998470e-03   1.3829263e-03   4.1765247e-03
   2.0588004e-01  -3.5770054e-01   3.9041886e-02  -2.0546440e-03   1.6091365e-03   4.1838738e-03
   2.0778092e-01  -3.7272708e-01   3.3929694e-02  -2.3775003e-03   1.5390371e-03   4.4192036e-03
   2.1066257e-01  -3.5403243e-01   3.9030294e-02  -2.4664988e-03   1.7735129e-03   3.9850317e-03
   2.1005514e-01  -3.5334359e-01   2.4171532e-02  -1.7407585e-03   1.9130028e-03   3.9562947e-03
   2.1108036e-01  -4.1029538e-01   3.1338273e-02  -2.1691853e-03   1.8778581e-03   4.0769205e-03
   2.4498095e-01  -3.9653379e-01   3.4539450e-02  -2.6586411e-03   2.1233918e-03   4.7002819e-03
   2.5833440e-01  -3.8903154e-01   3.7477405e-02  -1.9510351e-03   2.1315655e-03   4.7455190e-03
   2.5240499e-01  -4.3809619e-01   2.3567783e-02  -1.2958678e-03   2.2158115e-03   5.2933514e-03
   2.5120371e-01  -4.4734857e-01   3.7265492e-02  -1.2397211e-03   2.1981525e-03   5.2102809e-03
   2.5358401e-01  -4.2172538e-01   4.0404028e-02  -7.7863275e-04   2.3690672e-03   5.1406251e-03
   2.4647222e-01  -5.0705770e-01   5.7249235e-02  -7.5549143e-04   2.6550843e-03   5.0144435e-03
   2.6195596e-01  -4.6224421e-01   6.5432833e-02  -5.5764804e-04   2.8885514e-03   5.1172569e-03
   2.5202910e-01  -5.5105836e-01   7.4610310e-02  -9.3592935e-04   2.7512829e-03   5.2338294e-03
   2.5131165e-01  -4.9379430e-01   7.6579092e-02  -7.2562604e-04   2.6801373e-03   5.0967198e-03
   2.4241116e-01  -5.4308240e-01   5.6657113e-02  -8.4905310e-05   2.8116650e-03   5.0661915e-03
   2.4361606e-01  -5.5790230e-01   6.1552163e-02  -7.2595639e-04   2.5968171e-03   5.2572641e-03
   2.4754586e-01  -5.1319231e-01   4.3557421e-02  -1.4574901e-04   2.7304515e-03   5.2903061e-03
   2.2659550e-01  -5.7067726e-01   4.6602103e-02  -4.3912965e-04   2.4361685e-03   4.8331959e-03
   2.3994997e-01  -5.3066827e-01   5.3216780e-02  -3.9427907e-04   2.8333047e-03   5.0606328e-03
   2.3953992e-01  -5.9735696e-01   6.5433119e-02  -1.2460667e-03   2.9774494e-03   4.9643964e-03
   2.4828113e-01  -5.2557120e-01   3.5719742e-02  -1.7658839e-04   2.8685351e-03   5.0028804e-03
   2.5182783e-01  -6.0684031e-01   4.7021447e-02  -4.5630417e-04   3.0017159e-03   5.4428790e-03
   2.4210885e-01  -5.2888287e-01   1.3762207e-02   9.9531897e-04   3.0326117e-03   5.2726200e-03
   2.2719112e-01  -6.1801900e-01   2.5568707e-02   2.3605027e-05   2.8916170e-03   5.2103439e-03
   2.2847595e-01  -5.4342458e-01   3.8803433e-02   2.1391260e-04   2.6969254e-03   5.3158685e-03
   2.3155876e-01  -6.0092376e-01   3.2026285e-02   6.6609887e-05   2.8078221e-03   5.8009142e-03
   2.4002064e-01  -5.4228929e-01   4.3781319e-02  -1.3914285e-04   2.8139584e-03   5.6446729e-03
   2.3437333e-01  -5.8019887e-01   2.8043601e-02  -1.4139791e-04   2.6410785e-03   5.6016398e-03
   2.2946127e-01  -5.2994616e-01   1.9825746e-02   1.3816433e-04   2.6186777e-03   5.6671265e-03
   1.8559996e-01  -5.7950265e-01  -6.2722667e-03   2.3567285e-04   2.6106539e-03   4.4641639e-03
   1.8120321e-01  -5.7294411e-01   4.5113670e-02  -1.4244989e-03   3.1662062e-03   3.5715142e-03
   1.9656297e-01  -5.5989860e-01   9.3678118e-03  -1.6313544e-03   2.9179003e-03   5.2361491e-03
   1.7180347e-01  -6.0593873e-01   6.1324345e-02  -2.3269253e-03   2.6576612e-03   5.0479167e-03
   1.7346291e-01  -6.1066287e-01   4.8896432e-02  -2.0690983e-03   3.1671455e-03   4.4215287e-03
   1.7346897e-01  -6.6359437e-01   4.1594117e-02  -2.0170245e-03   2.9910109e-03   4.7147491e-03
   1.6830654e-01  -6.4046069e-01   4.3428461e-02  -2.7343314e-03   2.7736159e-03   4.5661096e-03
   1.5918442e-01  -6.4070824e-01   1.9869628e-02  -2.1609370e-03   2.9894693e-03   4.3912625e-03
   1.5221311e-01  -6.8960397e-01   5.4111097e-02  -2.5794614e-03   3.0721506e-03   3.5696677e-03
   1.9612389e-01  -6.6297372e-01   1.2112466e-02  -2.4642140e-03   4.1804711e-03   3.8968748e-03
   1.9894955e-01  -7.1217610e-01   3.1397590e-02  -2.5852726e-03   3.5137627e-03   3.7070215e-03
   1.9950060e-01  -6.7907861e-01   4.0619006e-02  -2.4467061e-03   3.6563488e-03   3.6562419e-03
   1.8890834e-01  -7.0832574e-01   1.0927020e-02  -1.2588069e-03   3.5063004e-03   3.5330495e-03
   1.9271259e-01  -6.9158428e-01   4.0865130e-02  -2.0297351e-03   3.2491272e-03   3.3293935e-03
   2.2307173e-01  -6.5903527e-01   3.9485732e-02  -1.2889974e-03   3.6336290e-03   3.8303436e-03
   2.3980751e-01  -7.5638840e-01   5.8629696e-02  -1.6582332e-03   3.6369776e-03   4.2145706e-03
   2.7186013e-01  -7.3734965e-01   6.8072836e-02  -2.0562638e-03   3.5540074e-03   4.5286879e-03
   2.8361139e-01  -7.2292547e-01   2.6873338e-02  -1.6367225e-03   3.8022544e-03   4.6446500e-03
   2.9372065e-01  -7.6590494e-01   8.4267691e-02  -2.5087655e-03   3.4420156e-03   5.0198573e-03
   2.9044839e-01  -7.4076183e-01   6.6187854e-02  -1.6246480e-03   3.4978611e-03   5.2372639e-03
   2.9717115e-01  -7.3740868e-01   6.1749482e-02  -2.2922211e-03   3.6433214e-03   6.0883449e-03
   2.8442672e-01  -7.2883688e-01   8.5834347e-02  -3.4345188e-03   3.4222681e-03   5.7968458e-03
   2.8304593e-01  -7.1655363e-01   7.3754770e-02  -2.9731776e-03   3.7733604e-03   5.2190054e-03
   3.0202939e-01  -7.9536556e-01   8.3690458e-02  -3.0424820e-03   3.6841613e-03   5.4705504e-03
   3.3631265e-01  -7.6455985e-01   1.0030842e-01  -3.4352860e-03   3.7494346e-03   5.9203331e-03
   3.6144378e-01  -7.5728904e-01   5.8373831e-02  -2.6059821e-03   4.1967433e-03   5.8232760e-03
   3.6005217e-01  -8.2176972e-01   9.5577877e-02  -2.9386541e-03   4.7658028e-03   4.8593557e-03
   3.8956033e-01  -7.9014896e-01   9.5118058e-02  -2.1617564e-03   5.1500200e-03   4.8429172e-03
   4.0056743e-01  -7.9590170e-01   6.6586370e-02  -1.3399467e-03   5.4388377e-03   4.9279153e-03
   4.3873646e-01  -7.9286250e-01   9.8373253e-02  -8.1548944e-04   6.3088007e-03   4.7804446e-03
   4.2754620e-01  -7.8170875e-01   9.2065021e-02  -1.1811876e-03   6.1505722e-03   4.8588589e-03
   4.1394505e-01  -8.3563738e-01   9.1433089e-02  -1.4297383e-03   5.8703329e-03   5.0035106e-03
   4.2187826e-01  -8.0021220e-01   8.7477738e-02  -1.0946098e-03   5.8361158e-03   4.6028294e-03
   3.8150100e-01  -8.2288475e-01   5.9174934e-02   3.8464452e-04   5.4931041e-03   4.3622779e-03
   3.8497057e-01  -8.1233152e-01   8.1835677e-02   2.0956251e-04   5.2836578e-03   4.7837197e-03
   4.4237094e-01  -7.7941472e-01   8.4048632e-02  -8.6950076e-04   5.9765755e-03   6.5735887e-03
   3.9676397e-01  -8.2756755e-01   9.5862792e-02  -3.2236287e-03   4.8012084e-03   6.1607384e-03
   5.2284392e-01  -8.3753273e-01   1.2880187e-01  -3.2723178e-03   6.6203080e-03   7.3947643e-03
   4.9969724e-01  -7.9733136e-01   1.0363437e-01  -1.5663208e-03   6.4678188e-03   7.6941962e-03
   5.2550472e-01  -8.6076465e-01   1.0065377e-01  -1.7916288e-03   6.4979213e-03   7.5504423e-03
   5.5224337e-01  -8.5685457e-01   1.0597760e-01  -1.6675200e-03   6.4582722e-03   7.3186625e-03
   5.5198995e-01  -8.2287076e-01   9.1541189e-02  -1.2522148e-03   7.2317686e-03   7.3653515e-03
   5.6839587e-01  -8.5048255e-01   1.1356254e-01  -1.9720262e-03   6.5743974e-03   8.1648026e-03
   5.5858674e-01  -8.0756558e-01   8.7154246e-02  -1.3370591e-03   6.6802147e-03   8.2043678e-03
   5.4398015e-01  -8.8495388e-01   9.7091043e-02  -1.6092059e-03   6.7848206e-03   7.5192966e-03
   5.2917050e-01  -8.8563630e-01   1.0476788e-01  -2.5212631e-03   6.2843762e-03   7.8847560e-03
   4.6811423e-01  -8.7540488e-01   7.9612845e-02  -3.1960346e-03   5.9535895e-03   7.0507696e-03
   4.9629907e-01  -9.1571444e-01   1.0781833e-01  -3.5257910e-03   5.9118607e-03   7.5275956e-03
   5.3330926e-01  -8.9349380e-01   1.2802113e-01  -3.1266920e-03   6.4450922e-03   8.1256733e-03
   5.2299523e-01  -9.1637509e-01   1.1636421e-01  -2.6699025e-03   6.6564811e-03   8.1964997e-03
   4.9666269e-01  -9.4648012e-01   1.3211862e-01  -3.3646901e-03   6.8779059e-03   8.1642834e-03
   4.4367357e-01  -8.9391821e-01   5.2913500e-02  -2.1636594e-03   7.1191913e-03   8.3804795e-03
   4.6979547e-01  -9.5111531e-01   9.3661869e-02  -3.1706259e-03   7.1725989e-03   8.1705941e-03
   4.5183952e-01  -9.5217218e-01   1.1521092e-01  -5.3306176e-03   6.2879540e-03   8.5813001e-03
   4.7876348e-01  -9.5493300e-01   1.1131732e-01  -5.2501337e-03   6.5587253e-03   7.9572040e-03
   5.9019519e-01  -1.0158982e+00   1.3742483e-01  -4.4061817e-03   7.8073607e-03   9.0122856e-03
   5.6579859e-01  -9.5193279e-01   1.1991066e-01  -3.6003282e-03   7.3882035e-03   9.0184518e-03
   5.2410803e-01  -1.0123898e+00   6.7228300e-02  -5.9388983e-03   5.5889127e-03   1.0019993e-02
   4.1697732e-01  -1.0328234e+00   9.8994356e-02  -8.4438239e-03   5.2347460e-03   9.8580079e-03
   4.3717233e-01  -1.0363248e+00   5.2091588e-02  -6.2770762e-03   7.5126947e-03   9.7644397e-03
   4.5978756e-01  -1.0870032e+00   1.0781107e-01  -6.5350753e-03   7.2581889e-03   8.9142736e-03
   4.6629681e-01  -9.9225060e-01   9.0282841e-02  -5.7189718e-03   7.1270531e-03   8.6555004e-03
   4.9471837e-01  -1.0351497e+00   7.3003096e-02  -4.4435022e-03   7.3265245e-03   8.3990785e-03
   5.0931361e-01  -9.7764222e-01   8.4843543e-02  -3.2323283e-03   7.4089074e-03   7.8688342e-03
   4.9435921e-01  -9.7596541e-01   2.9606459e-02  -3.8247977e-03   7.2298869e-03   1.0339212e-02
   4.3783998e-01  -1.0085668e+00   5.1863270e-02  -4.8701870e-03   6.4781122e-03   9.2142889e-03
   5.1050506e-01  -9.9589991e-01   6.3188252e-02  -3.4875167e-03   7.8334872e-03   9.7662545e-03
   5.6033653e-01  -1.0608622e+00   7.9620260e-02  -4.0319409e-03   8.3834963e-03   9.0741169e-03
   3.9741913e-01  -1.0619911e+00   3.2777753e-02  -5.3496502e-03   7.3622249e-03   7.6685584e-03
   2.7941160e-01  -1.0213035e+00  -4.8078140e-03  -6.9713044e-03   6.2092075e-03   9.1847555e-03
   3.7555222e-01  -1.1017455e+00   4.9791495e-02  -7.7700077e-03   7.4327456e-03   9.3116883e-03
   2.7723033e-01  -1.0693942e+00   5.2363417e-04  -7.2852503e-03   6.3264808e-03   8.7742615e-03
   3.4311735e-01  -1.1115022e+00   2.0803008e-02  -7.9205234e-03   7.3237324e-03   8.3842218e-03
   1.7511286e-01  -1.0917802e+00  -2.1528227e-02  -6.5357758e-03   5.7075949e-03   6.6548380e-03
   2.1130569e-01  -1.1483146e+00   2.1476854e-02  -9.0316488e-03   4.6610912e-03   6.1911707e-03
  -3.1429098e-02  -1.1708153e+00  -1.5472389e-02  -9.6065225e-03   2.4698635e-03   1.5312919e-03
  -2.2995218e-01  -1.1771123e+00  -7.4409103e-02  -8.6563411e-03   1.2460288e-03  -1.6398511e-03
  -1.8759152e-01  -1.2298712e+00  -3.9204653e-02  -9.4362983e-03   2.0884163e-03  -9.7087245e-04
  -1.7581415e-01  -1.2188769e+00  -5.0826863e-02  -8.7206065e-03   2.8463920e-03   6.7813731e-04
  -1.8418053e-01  -1.2838411e+00  -4.6107030e-02  -9.4593116e-03   2.7720180e-03   6.0845677e-04
  -2.0497328e-01  -1.2836489e+00  -5.3716817e-02  -9.6173259e-03   1.9281458e-03  -3.1729680e-04
  -4.2398220e-01  -1.3294152e+00  -8.8401317e-02  -1.0264970e-02  -1.3507913e-03  -5.6807278e-03
  -5.2790972e-01  -1.3365907e+00  -7.7770287e-02  -1.0638941e-02  -2.5603610e-03  -8.7735945e-03
  -5.7364717e-01  -1.3252281e+00  -1.0078815e-01  -9.9174812e-03  -2.4292373e-03  -9.5321933e-03
  -5.7715488e-01  -1.3582161e+00  -4.1278927e-02  -1.1440571e-02  -2.8618112e-03  -1.0584394e-02
  -5.8752342e-01  -1.3417315e+00  -6.7525065e-02  -1.0659970e-02  -2.8190769e-03  -1.0745347e-02
  -4.1166044e-01  -1.3634822e+00   7.0928151e-02  -1.3706439e-02  -2.3726442e-03  -7.9733552e-03
  -5.7959574e-01  -1.3882789e+00  -7.2882847e-02  -1.1877940e-02  -3.2014492e-03  -9.8594179e-03
  -6.1391400e-01  -1.4113633e+00  -5.5917700e-02  -1.2633123e-02  -3.6131650e-03  -1.0938825e-02
  -6.3360519e-01  -1.4134284e+00  -5.2188279e-02  -1.2234905e-02  -3.5381297e-03  -1.1198173e-02
  -6.4428079e-01  -1.4220471e+00  -5.9877064e-02  -1.2346543e-02  -3.7753988e-03  -1.1834160e-02
  -6.4152147e-01  -1.4332437e+00  -3.4482675e-02  -1.2647797e-02  -3.6252714e-03  -1.2096222e-02
  -6.5068997e-01  -1.4374427e+00  -7.1541829e-02  -1.2374442e-02  -4.0361238e-03  -1.2490575e-02
  -6.4981633e-01  -1.4627090e+00  -3.7687539e-02  -1.2905968e-02  -4.3008808e-03  -1.2816259e-02
  -6.7248443e-01  -1.4373544e+00  -8.1676678e-02  -1.1770817e-02  -3.8638891e-03  -1.2457675e-02
  -6.6703252e-01  -1.4825653e+00  -3.1192560e-02  -1.3040137e-02  -4.3027735e-03  -1.3214317e-02
  -6.7673824e-01  -1.4566830e+00  -5.7089868e-02  -1.1912675e-02  -4.0973474e-03  -1.2944091e-02
  -6.8013130e-01  -1.5034601e+00  -4.0517321e-02  -1.2725821e-02  -4.5730449e-03  -1.3656770e-02
  -6.9334572e-01  -1.4737197e+00  -4.4745888e-02  -1.1803440e-02  -4.3697626e-03  -1.3308500e-02
  -6.9682257e-01  -1.5239641e+00  -5.5561966e-02  -1.2063707e-02  -4.5130932e-03  -1.3708640e-02
  -7.0198706e-01  -1.5333712e+00  -3.5948139e-02  -1.2246818e-02  -4.3576496e-03  -1.3573660e-02
  -7.0596241e-01  -1.5435095e+00  -6.2645890e-02  -1.1949617e-02  -4.4713901e-03  -1.3836666e-02
  -7.1732609e-01  -1.5892164e+00  -3.6527392e-02  -1.3096662e-02  -4.6991495e-03  -1.4468443e-02
  -7.4080838e-01  -1.5711116e+00  -8.8860094e-02  -1.1056407e-02  -4.9129146e-03  -1.4625978e-02
  -7.4159543e-01  -1.6271075e+00  -4.0220961e-02  -1.2867560e-02  -4.9661126e-03  -1.5119540e-02
  -7.5836040e-01  -1.6673494e+00  -1.0596182e-01  -9.1847018e-03  -4.6787542e-03  -1.4788407e-02
  -7.7027594e-01  -1.7095308e+00   9.9336295e-03  -1.3320823e-02  -5.3829246e-03  -1.5587606e-02
  -7.8236145e-01  -1.7313696e+00  -6.7032132e-02  -1.1701308e-02  -6.3605837e-03  -1.7092389e-02
  -6.5824560e-01  -1.6798153e+00  -3.1137233e-02  -1.2138510e-02  -3.9681320e-03  -1.5094936e-02
  -6.0209021e-01  -1.6056079e+00  -1.7780929e-02  -1.2185968e-02  -3.7625401e-03  -1.3762329e-02
  -5.7331390e-01  -1.5961621e+00  -2.5062216e-02  -1.1442359e-02  -3.8472374e-03  -1.3582220e-02
  -5.3586285e-01  -1.6130603e+00  -1.4528646e-02  -1.1297078e-02  -3.7285144e-03  -1.3093132e-02
  -5.2614385e-01  -1.5928138e+00   9.1156547e-03  -1.1448050e-02  -4.0167064e-03  -1.2805024e-02
  -4.8038546e-01  -1.6052865e+00   7.3143291e-03  -1.1551517e-02  -3.7501308e-03  -1.1952508e-02
  -4.8378148e-01  -1.5919084e+00  -1.3638876e-02  -1.0525074e-02  -3.2665251e-03  -1.1836123e-02
  -4.2485194e-01  -1.6776459e+00   1.7563216e-03  -1.1932638e-02  -3.2594898e-03  -1.1574432e-02
  -3.6856644e-01  -1.6722731e+00   3.0786084e-02  -1.2595422e-02  -2.5001592e-03  -1.0981959e-02
  -3.4859440e-01  -1.6355656e+00   8.6737153e-03  -1.1823710e-02  -2.2247132e-03  -1.0761351e-02
  -3.2906487e-01  -1.6590543e+00   4.9510604e-03  -1.1874263e-02  -2.1082196e-03  -1.0634553e-02
  -3.2782619e-01  -1.6301799e+00   2.5838682e-02  -1.1770402e-02  -1.6331025e-03  -1.0987970e-02
  -3.0975650e-01  -1.6618180e+00   8.0103911e-03  -1.0717830e-02  -1.2752173e-03  -1.0879004e-02
  -2.8697722e-01  -1.7012272e+00   1.1691736e-02  -1.1115824e-02  -1.1461210e-03  -1.1010985e-02
