   1.4210855e-14   0.0000000e+00   0.0000000e+00   0.0000000e+00   0.0000000e+00   0.0000000e+00
   3.7513950e-02   9.9175000e-02   1.0804283e-01  -2.0816525e-04   1.3601666e-03  -8.7958884e-05
   6.0253007e-02   9.2095085e-02   2.5367958e-02   8.6436075e-04   1.7377470e-03   2.8444120e-04
   8.7532417e-02   1.2851218e-01  -9.7604710e-03  -1.3646457e-03   2.5628738e-03   1.6769029e-03
   7.2457357e-02   1.1087186e-01  -6.5331595e-03  -2.4045139e-03   2.0282967e-03   1.4591743e-03
   8.1773742e-02   1.0863015e-01   1.3345573e-02  -1.8562307e-03   2.2318597e-03   1.4846143e-03
   8.8088942e-02   8.8275501e-02  -2.0639368e-03  -3.7371638e-03   2.1761330e-03   1.6093723e-03
   1.0181467e-01   1.1585923e-01  -7.8368826e-02  -2.6242202e-03   2.5754774e-03   2.3021288e-03
   8.8204604e-02  -8.0696479e-03  -1.4203104e-02  -4.3088622e-03   1.5980086e-03   2.2555430e-03
   1.0802963e-01   6.5178021e-02  -3.7536531e-02  -3.5154968e-03   2.1531776e-03   1.8982782e-03
   8.1005579e-02  -3.3994509e-02  -1.0948857e-01  -3.9265759e-03   1.5367316e-03   2.0351468e-03
   8.2086217e-02   1.3237539e-01  -2.4980419e-01  -1.3883857e-03   2.1239183e-03   2.4434428e-03
   4.3459500e-02   2.3054734e-02  -2.5185927e-01  -2.9822803e-03   7.8183086e-04   3.4251186e-03
   4.1085689e-02   2.1038007e-01  -1.5659407e-01  -2.5255919e-03   1.0015080e-03   3.8617699e-03
   2.6762420e-03   8.8040170e-02  -1.3851991e-01  -3.7198191e-03   7.1456591e-04   3.2575220e-03
  -4.8077551e-02  -1.9280335e-02  -1.6991747e-01  -4.4562490e-03  -3.3944494e-04   2.3256792e-03
  -4.5251406e-02   1.3039181e-02  -4.4987841e-01  -7.0111507e-04  -4.5412917e-04   1.8672613e-03
  -3.4444780e-02   6.0729319e-02  -2.9332486e-01  -2.9199408e-03   8.7511158e-04   2.8489574e-03
  -5.8046797e-02  -5.1884195e-03  -2.8333801e-01  -4.9940014e-03   5.6214572e-04   2.5116964e-03
  -2.3459540e-02   1.3100922e-01  -2.7828084e-01  -3.7715962e-03   1.1036696e-03   3.1523628e-03
   1.5882364e-02   1.1212654e-01  -2.8521714e-01  -6.0463923e-03   2.3728466e-03   4.0862610e-03
   1.2961273e-03   9.3048170e-02  -2.4486494e-01  -5.0162997e-03   1.5974874e-03   3.8692431e-03
   5.3420246e-03   1.4680572e-01  -3.1152226e-01  -4.2066611e-03   1.9420572e-03   3.4629254e-03
  -1.1688305e-02   1.1714674e-01  -3.8175143e-01  -4.0749795e-03   1.6151074e-03   3.8509932e-03
  -2.5947205e-02   9.1888150e-02  -3.1579912e-01  -5.7690559e-03   1.7171548e-03   3.9281211e-03
  -2.6915770e-02   3.8139398e-02  -2.5226922e-01  -5.5431741e-03   1.5649503e-03   3.7435764e-03
   5.1318304e-03   1.4633288e-01  -2.8427817e-01  -5.3764381e-03   2.1406413e-03   4.2168356e-03
  -1.5935691e-03   3.2860301e-02  -2.6504252e-01  -6.8722197e-03   3.0383822e-03   4.3018611e-03
  -1.7008358e-02   8.1011270e-02  -2.4356535e-01  -7.5748011e-03   2.3220159e-03   4.0370769e-03
  -9.3411326e-03   1.2729232e-01  -3.4394407e-01  -4.6814282e-03   2.1951559e-03   4.0763508e-03
  -2.2146013e-02   1.3145970e-02  -2.4673040e-01  -8.3588722e-03   2.0478016e-03   3.9513627e-03
  -1.2942653e-02   4.4917588e-02  -1.9098775e-01  -7.3827018e-03   2.2887149e-03   3.8915468e-03
   6.5820222e-03   8.4551004e-03  -2.1856414e-01  -7.5878995e-03   2.2879487e-03   4.3584201e-03
   3.2158328e-03   1.3839682e-01  -3.5753067e-01  -6.1947106e-03   2.3521087e-03   4.4577008e-03
  -3.6304956e-02  -1.5890753e-02  -3.2591126e-01  -6.8145734e-03   1.7437818e-03   4.2074514e-03
  -5.5656719e-02   5.3802357e-02  -2.3973121e-01  -8.6862183e-03   1.7190585e-03   3.8730016e-03
  -7.8704417e-02  -3.3114571e-02  -2.4267978e-01  -8.0418107e-03   1.2393254e-03   3.4758270e-03
  -3.3581889e-02   4.2996961e-02  -2.5808376e-01  -8.5734587e-03   2.1686306e-03   4.8859903e-03
  -4.1876079e-02   5.9834252e-02  -2.3970920e-01  -7.5404243e-03   1.9160014e-03   5.1642808e-03
  -5.8187548e-02  -1.0614689e-02  -2.9966839e-01  -9.3518866e-03   1.3491145e-03   4.7427738e-03
  -7.7565633e-02   8.5915701e-02  -3.1268109e-01  -7.2043157e-03   9.9420131e-04   4.3619124e-03
  -9.8173356e-02  -7.7792604e-03  -2.4725626e-01  -6.7281920e-03   4.2845205e-04   4.5010377e-03
  -1.1306754e-01   6.5315569e-02  -2.6627315e-01  -6.8709897e-03   8.2960688e-04   3.8215234e-03
  -9.4465813e-02  -5.1755084e-02  -2.1311242e-01  -7.8971108e-03   9.4465299e-04   3.2695676e-03
  -9.2803495e-02   4.3450986e-02  -1.7898298e-01  -7.2269941e-03   1.1881999e-03   3.9549776e-03
  -5.6135259e-02  -1.6965818e-02  -2.3064016e-01  -6.4773063e-03   1.7569946e-03   4.8719696e-03
  -8.3076602e-02  -7.4667037e-04  -3.4578505e-01  -6.6624673e-03   3.7279495e-04   3.8143687e-03
  -9.5319834e-02   9.5790516e-03  -2.6774868e-01  -6.1200661e-03   2.8943667e-04   3.9038928e-03
  -8.0123970e-02  -5.1571966e-03  -2.2708592e-01  -7.3664614e-03   3.0884943e-04   4.3704830e-03
  -8.5638303e-02   6.4428786e-02  -3.1771410e-01  -5.1563335e-03   3.9799790e-04   4.5162045e-03
  -4.7653645e-02  -2.8261844e-03  -5.0532047e-01  -4.0379091e-03  -4.6100106e-04   4.9376878e-03
  -2.0742892e-01  -4.4423696e-01  -3.1960511e-01   1.8159428e-03   3.9468173e-04   1.7884675e-03
  -2.1471607e-01  -1.8022791e-01  -2.2947140e-01   8.2322452e-04   5.4388129e-04  -3.3912297e-04
  -1.4067448e-01  -3.8861079e-02  -2.6322926e-01  -1.5766127e-03   1.4463828e-03   9.6927427e-04
  -1.2021372e-01   2.1474979e-02  -2.5031639e-01  -2.7551449e-03   3.4246140e-03   1.5301010e-03
  -1.3939541e-01  -1.1152959e-01  -2.7656685e-01  -3.3951820e-03   3.7610705e-03   1.9953076e-03
  -1.2275686e-01  -2.2625737e-02  -2.2675241e-01  -3.3578221e-03   3.6538856e-03   2.1346957e-03
  -1.2286212e-01  -1.1862465e-01  -2.7433730e-01  -4.3391385e-03   3.5261298e-03   2.8171874e-03
  -1.2130135e-01  -4.9450519e-02  -2.4914167e-01  -4.2251258e-03   3.5428872e-03   3.0768637e-03
  -1.1737512e-01  -3.8084920e-02  -2.7929102e-01  -5.2277865e-03   3.3890128e-03   3.4368410e-03
  -1.1677118e-01  -7.7171205e-02  -2.7685625e-01  -4.3578400e-03   3.3638080e-03   3.2196883e-03
  -1.1113235e-01  -4.6968417e-03  -2.5418273e-01  -5.3194778e-03   3.5879590e-03   3.2105342e-03
  -1.0865209e-01  -5.0210308e-02  -2.6089106e-01  -6.2174469e-03   3.4447467e-03   3.4714273e-03
  -1.0304597e-01  -7.9165402e-02  -2.7332463e-01  -5.3152909e-03   3.3633817e-03   3.4153881e-03
  -1.0985953e-01  -3.2066046e-02  -2.6532835e-01  -5.9885656e-03   3.3732512e-03   3.4404414e-03
  -1.1778889e-01  -1.4513720e-01  -2.9108665e-01  -5.9965022e-03   3.2102825e-03   3.2584986e-03
  -1.1683727e-01  -7.3815340e-02  -2.6157906e-01  -6.9228408e-03   3.2466456e-03   3.1588036e-03
  -1.2308185e-01  -1.5352655e-01  -3.1046026e-01  -6.2889990e-03   3.3628148e-03   3.1723969e-03
  -1.2734029e-01  -1.0910218e-01  -2.8970877e-01  -7.5113205e-03   3.3066623e-03   2.8451838e-03
  -1.2764463e-01  -1.3495520e-01  -3.0119412e-01  -6.5698016e-03   3.5108194e-03   2.7373947e-03
  -1.1690387e-01  -1.3200625e-01  -3.1214013e-01  -7.9418509e-03   3.5254594e-03   3.1430894e-03
  -1.2560482e-01  -1.2680718e-01  -3.2263135e-01  -6.4123025e-03   3.7622432e-03   3.2118322e-03
  -1.3549566e-01  -1.8632584e-01  -3.3732595e-01  -7.3869561e-03   3.5093180e-03   3.5020714e-03
  -1.3022230e-01  -1.0213340e-01  -3.2566918e-01  -6.3208382e-03   3.9184939e-03   3.4994082e-03
  -1.4183961e-01  -2.0096122e-01  -3.3914120e-01  -7.2473965e-03   3.5774197e-03   3.7384409e-03
  -1.3943179e-01  -9.3468837e-02  -3.1393565e-01  -6.4559313e-03   3.9484032e-03   3.4334125e-03
  -1.5393791e-01  -2.1669500e-01  -3.3917267e-01  -6.6103172e-03   3.5866633e-03   3.2843810e-03
  -1.5327058e-01  -1.5443177e-01  -3.1941453e-01  -7.2910582e-03   3.5778728e-03   3.2847795e-03
  -1.5583178e-01  -1.8382833e-01  -3.3610691e-01  -6.4990405e-03   3.6724152e-03   3.2372291e-03
  -1.6037122e-01  -2.0393955e-01  -3.3157172e-01  -7.7452739e-03   3.4547269e-03   3.4294748e-03
  -1.5780613e-01  -1.7371422e-01  -3.5387602e-01  -6.2509797e-03   3.7628087e-03   3.1051924e-03
  -1.7130457e-01  -2.5926982e-01  -3.5173535e-01  -7.3690262e-03   3.4260078e-03   3.1185831e-03
  -1.7586489e-01  -1.6392136e-01  -3.1450010e-01  -6.6385288e-03   3.4052940e-03   2.5183241e-03
  -1.8763402e-01  -2.5862603e-01  -4.0097406e-01  -6.7734083e-03   3.1282202e-03   2.6483390e-03
  -1.7458370e-01  -2.3090987e-01  -3.6408689e-01  -8.0186302e-03   2.7539633e-03   2.5764751e-03
  -1.8735943e-01  -1.7711348e-01  -3.7809327e-01  -6.8660935e-03   2.9495544e-03   2.2385521e-03
  -1.8589844e-01  -2.6479427e-01  -3.8114880e-01  -8.0759388e-03   3.0322255e-03   2.6600821e-03
  -1.8631211e-01  -1.9943449e-01  -3.6159802e-01  -6.8795449e-03   3.1599492e-03   2.5148477e-03
  -1.8684738e-01  -2.8785320e-01  -3.6049357e-01  -7.5831076e-03   2.9686486e-03   2.8433367e-03
  -1.8149410e-01  -1.7272612e-01  -3.2633049e-01  -7.0112120e-03   3.0709831e-03   2.6523437e-03
  -1.7928249e-01  -2.7610973e-01  -3.5499397e-01  -7.3974593e-03   2.9050749e-03   2.8847080e-03
  -1.7403329e-01  -1.7124597e-01  -3.1964265e-01  -6.8752941e-03   3.0205741e-03   2.7979267e-03
  -1.6618709e-01  -2.8776565e-01  -3.5427268e-01  -7.2772176e-03   2.9913065e-03   3.1207001e-03
  -1.7015217e-01  -2.0481565e-01  -3.2089572e-01  -7.4010052e-03   3.0418109e-03   2.8893130e-03
  -1.7185934e-01  -3.0308763e-01  -3.5481957e-01  -6.9391760e-03   3.0516058e-03   2.8192204e-03
  -1.6634079e-01  -2.3170623e-01  -3.3317479e-01  -7.5534975e-03   2.9205436e-03   2.8527700e-03
  -1.5893058e-01  -2.5720428e-01  -3.4907049e-01  -6.7762633e-03   3.1402859e-03   2.6973192e-03
  -1.5669469e-01  -2.9242003e-01  -3.2820392e-01  -8.1679512e-03   2.8463795e-03   3.0955116e-03
  -1.5703710e-01  -2.5324475e-01  -3.2689008e-01  -6.9247344e-03   3.0760334e-03   3.0085651e-03
  -1.5625441e-01  -3.2824677e-01  -3.3758610e-01  -8.4082027e-03   2.9043408e-03   3.0840941e-03
  -1.5384255e-01  -2.4374362e-01  -3.1390626e-01  -7.2699268e-03   2.9960214e-03   2.9336115e-03
  -1.5252575e-01  -3.5145001e-01  -3.3046516e-01  -8.0837536e-03   2.7658830e-03   3.0440048e-03
  -1.4450067e-01  -2.4579967e-01  -2.8851121e-01  -7.4284393e-03   2.9934294e-03   3.0459408e-03
  -1.5379648e-01  -3.3823854e-01  -3.2637691e-01  -7.2580114e-03   2.9284029e-03   3.1656180e-03
  -1.5518955e-01  -2.7439993e-01  -2.9183854e-01  -7.9903607e-03   2.7825532e-03   2.9679678e-03
  -1.5628822e-01  -2.9640121e-01  -2.9998685e-01  -6.9806224e-03   3.0044512e-03   2.8464073e-03
  -1.4574295e-01  -3.2134497e-01  -2.8778737e-01  -8.3329166e-03   2.4779302e-03   2.9790142e-03
  -1.4362425e-01  -2.8503177e-01  -3.0558812e-01  -6.8909066e-03   2.9760726e-03   2.8014258e-03
  -1.4687859e-01  -3.6661288e-01  -3.0333514e-01  -8.3841854e-03   2.8099165e-03   3.1920295e-03
  -1.4497903e-01  -2.7742392e-01  -2.8542503e-01  -7.2813148e-03   2.6983709e-03   2.7810901e-03
  -1.5098635e-01  -3.7056787e-01  -3.0978366e-01  -7.7055434e-03   2.5893035e-03   3.2180003e-03
  -1.5161747e-01  -2.6372004e-01  -2.8450755e-01  -7.7276150e-03   2.9098787e-03   3.0491775e-03
  -1.5257794e-01  -3.6509778e-01  -3.1810867e-01  -7.3859421e-03   2.7511189e-03   3.2685543e-03
  -1.4835958e-01  -2.9596005e-01  -2.8652484e-01  -8.1074006e-03   2.6720942e-03   3.2798767e-03
  -1.5763486e-01  -3.4603069e-01  -2.9026201e-01  -7.4589513e-03   2.8335602e-03   3.1331483e-03
  -1.5189735e-01  -3.4406816e-01  -2.8908986e-01  -8.5839904e-03   2.7424395e-03   3.3975548e-03
  -1.5408085e-01  -3.4566623e-01  -3.3006435e-01  -7.1023457e-03   3.2543471e-03   3.1417748e-03
  -1.6454805e-01  -3.3968586e-01  -2.9702647e-01  -8.2202445e-03   2.5952263e-03   3.7048315e-03
  -1.7497370e-01  -3.2232360e-01  -3.3236989e-01  -7.2282309e-03   2.4235010e-03   3.2100951e-03
  -1.8739677e-01  -3.9795927e-01  -2.9222759e-01  -9.1981897e-03   1.8489789e-03   3.0852637e-03
  -1.7413873e-01  -3.0776435e-01  -2.9867848e-01  -7.9333864e-03   1.7955949e-03   3.0171100e-03
  -1.8462977e-01  -4.4130760e-01  -2.6918409e-01  -9.5320037e-03   1.3729868e-03   2.8119620e-03
  -1.8436204e-01  -3.7482974e-01  -1.7866044e-01  -9.8857418e-03   1.4005010e-03   2.1025899e-03
  -1.6536428e-01  -4.3600849e-01  -1.9175023e-01  -8.7128077e-03   1.0905423e-03   2.5064068e-03
  -1.4909595e-01  -3.6469240e-01  -1.6462565e-01  -9.1976297e-03   1.0242404e-03   2.7244969e-03
  -1.3658865e-01  -4.2684088e-01  -1.8237298e-01  -8.6734860e-03   1.1381033e-03   2.6376318e-03
  -1.2458973e-01  -4.4508602e-01  -1.1045607e-01  -1.0432970e-02   9.9832365e-04   3.0010784e-03
  -1.2565767e-01  -4.0397786e-01  -1.4157514e-01  -9.6209416e-03   1.0342183e-03   2.6667617e-03
  -1.2592755e-01  -4.9490533e-01  -1.0695034e-01  -1.0916226e-02   7.9366006e-04   2.9214719e-03
  -1.2078785e-01  -3.7411895e-01  -9.8681121e-02  -9.6643508e-03   6.0426736e-04   2.7990380e-03
  -1.1703834e-01  -4.8253002e-01  -8.2413194e-02  -1.0743003e-02   5.0787761e-04   2.8395427e-03
  -1.1836858e-01  -3.9525157e-01  -8.3404406e-02  -1.0540675e-02   5.0691721e-04   2.5340420e-03
  -1.2071608e-01  -4.8056267e-01  -9.2877653e-02  -1.0020614e-02   4.5313861e-04   2.9414224e-03
  -1.2737013e-01  -4.3565580e-01  -6.6915071e-02  -1.1047417e-02   2.5859931e-04   2.8219270e-03
  -1.1995096e-01  -4.6526256e-01  -7.9287505e-02  -1.0394520e-02   5.1508953e-04   2.5508314e-03
  -1.2275591e-01  -4.9524698e-01  -6.3276025e-02  -1.1126165e-02  -5.5650186e-05   2.6014587e-03
  -1.3150032e-01  -4.6082715e-01   1.1505563e-03  -1.0799797e-02   2.4001943e-04   1.8059000e-03
  -1.2777485e-01  -5.7650268e-01   6.7843772e-02  -1.0756838e-02  -5.8207196e-05   1.9247473e-03
  -1.0843366e-01  -4.8347950e-01   1.2023351e-02  -1.0401852e-02   4.7968399e-04   1.6918434e-03
  -1.2533912e-01  -5.7329936e-01   5.9748215e-02  -1.0593874e-02   3.7170963e-05   1.3957018e-03
  -1.1571107e-01  -5.0566110e-01   6.1347066e-02  -1.0760910e-02   1.1001925e-04   1.6821628e-03
  -1.3131587e-01  -5.6971370e-01   9.5556468e-02  -1.0554658e-02  -1.9692350e-04   1.7188893e-03
  -1.0835559e-01  -5.6343761e-01   1.2814031e-01  -1.1565654e-02   7.7662569e-05   2.3782882e-03
  -1.0166742e-01  -5.3778167e-01   1.2524080e-01  -1.0888686e-02   3.7493327e-04   2.2612516e-03
  -1.0945066e-01  -6.0155539e-01   1.4531445e-01  -1.2013952e-02  -1.4361939e-04   2.2438665e-03
  -1.1285121e-01  -5.5420120e-01   1.3801296e-01  -1.1936490e-02   1.0502224e-04   1.7954848e-03
  -1.2995358e-01  -6.4517095e-01   1.6099034e-01  -1.2728481e-02  -2.8375364e-04   1.7502691e-03
  -1.1785494e-01  -5.3923290e-01   1.5861000e-01  -1.1768280e-02   1.7510319e-04   1.5024884e-03
  -1.2396974e-01  -6.3560145e-01   1.3096786e-01  -1.2056647e-02  -5.7411747e-05   1.8055763e-03
  -1.2627389e-01  -5.7269796e-01   1.4337350e-01  -1.2161582e-02   3.5185373e-05   1.5979816e-03
  -1.3958866e-01  -6.3794158e-01   1.3410680e-01  -1.1885648e-02  -1.8994556e-04   1.5104480e-03
  -1.4156198e-01  -5.9316888e-01   1.7719297e-01  -1.2837204e-02  -2.6468420e-05   1.4443420e-03
  -1.5745893e-01  -6.1373080e-01   1.2143329e-01  -1.1382115e-02  -3.7746253e-05   1.6019129e-03
  -1.6617520e-01  -6.6076165e-01   1.4851899e-01  -1.2687696e-02  -7.7015471e-04   1.6588412e-03
  -1.5622681e-01  -5.9893080e-01   1.3596225e-01  -1.1714717e-02  -5.9730964e-04   1.3652658e-03
  -1.5339499e-01  -6.6797467e-01   1.4978687e-01  -1.2653325e-02  -6.9053366e-04   1.6316170e-03
  -1.5156036e-01  -5.4279145e-01   1.4660368e-01  -1.1938330e-02  -7.0194308e-04   1.4766935e-03
  -1.5643923e-01  -6.8068911e-01   1.5859117e-01  -1.2284752e-02  -7.8119742e-04   1.1858884e-03
  -1.6870646e-01  -6.8913521e-01   2.2350347e-01  -1.4630019e-02  -1.2975128e-03   9.1372258e-04
  -1.5516710e-01  -6.5031466e-01   1.2488753e-01  -1.1940620e-02  -6.9883310e-04   7.4117883e-04
  -1.6024107e-01  -7.6177385e-01   1.9825278e-01  -1.3237019e-02  -1.6231214e-04   1.0741872e-03
  -1.5353232e-01  -6.8243510e-01   2.5159243e-01  -1.2445660e-02  -1.0423924e-03   9.4486906e-04
  -1.6837081e-01  -7.0750464e-01   2.4128043e-01  -1.2402110e-02  -1.1605832e-03   1.2477523e-03
  -1.6275495e-01  -7.4160843e-01   2.7529806e-01  -1.3169397e-02  -1.1693435e-03   1.3426903e-03
  -1.5599828e-01  -6.5112205e-01   2.8589709e-01  -1.2832314e-02  -1.0605939e-03   1.0631415e-03
  -1.6044529e-01  -7.6362439e-01   3.1857372e-01  -1.3358201e-02  -1.4330499e-03   1.2626463e-03
  -1.6353369e-01  -6.9550238e-01   3.1353396e-01  -1.4045447e-02  -1.5109092e-03   1.3257863e-03
  -1.5753914e-01  -7.4925637e-01   3.2527142e-01  -1.3619389e-02  -1.2480499e-03   9.8099091e-04
  -1.5112377e-01  -7.8461780e-01   3.4471907e-01  -1.5072369e-02  -1.1425663e-03   1.3112999e-03
  -1.5908853e-01  -6.8881894e-01   2.4436857e-01  -1.2708964e-02  -1.0020917e-03   1.1597401e-03
  -2.0247817e-01  -9.0133017e-01   4.1756605e-01  -1.5568706e-02  -2.3847281e-03   2.4879903e-04
  -2.2420217e-01  -7.8838073e-01   4.0796149e-01  -1.4947889e-02  -3.2821588e-03  -6.5859919e-04
  -1.6562792e-01  -7.7632807e-01   3.4661190e-01  -1.3728816e-02  -1.6686295e-03  -3.1406332e-04
  -1.5358366e-01  -8.5592260e-01   5.5038240e-01  -1.7106356e-02  -2.1974830e-03   9.8907110e-04
  -1.6805444e-01  -7.8529928e-01   5.2381290e-01  -1.5790252e-02  -2.3661293e-03   5.3174736e-04
  -1.8503421e-01  -8.5407222e-01   5.8626955e-01  -1.6728547e-02  -3.4684290e-03   1.6543298e-03
  -1.4329942e-01  -7.2514168e-01   4.4093072e-01  -1.5236016e-02  -2.2817163e-03   2.6031563e-03
  -1.7471756e-01  -8.5089983e-01   4.5502459e-01  -1.6312139e-02  -2.8908452e-03   1.7330443e-03
  -1.7986639e-01  -7.3379089e-01   4.7724466e-01  -1.5925804e-02  -2.8230926e-03   1.4188747e-03
  -2.0185107e-01  -8.3054535e-01   4.4905372e-01  -1.3221619e-02  -3.9809413e-03   1.8418251e-03
  -1.6635766e-01  -6.6709164e-01   4.1992949e-01  -1.2973841e-02  -2.9955243e-03   2.2953102e-03
  -1.7604240e-01  -7.6811186e-01   4.5496835e-01  -1.3413937e-02  -3.3738076e-03   3.0515008e-03
  -1.6141930e-01  -6.6765889e-01   5.3491793e-01  -1.4074521e-02  -3.2278810e-03   2.6305049e-03
  -1.4991416e-01  -6.8807551e-01   4.2190066e-01  -1.1257598e-02  -3.0401903e-03   2.3615998e-03
  -1.5640271e-01  -6.1283868e-01   4.6547330e-01  -1.3852282e-02  -3.0128274e-03   2.7128850e-03
  -1.4569152e-01  -7.2086171e-01   5.3960938e-01  -1.3896811e-02  -3.5712846e-03   2.9608763e-03
  -1.0982956e-01  -5.1005582e-01   6.1959084e-01  -1.1586893e-02  -3.2195094e-03   3.3611626e-03
  -1.0528947e-01  -6.5758431e-01   6.6570698e-01  -1.0856997e-02  -4.3943396e-03   2.9914899e-03
  -1.0793939e-01  -5.0279466e-01   5.0988941e-01  -1.0414420e-02  -3.7072230e-03   2.5387563e-03
  -9.5340591e-02  -6.3603045e-01   6.2405675e-01  -1.1033357e-02  -3.1195396e-03   2.7074126e-03
  -8.8115783e-02  -5.0495131e-01   6.2679198e-01  -1.0549528e-02  -2.8463139e-03   2.5345465e-03
  -9.1983761e-02  -6.8076849e-01   7.4074362e-01  -1.0060648e-02  -3.5464894e-03   2.7584865e-03
  -9.7442740e-02  -4.8684000e-01   6.3761126e-01  -8.2201448e-03  -3.6727440e-03   1.9354402e-03
  -1.2854292e-01  -6.1802004e-01   4.9117890e-01  -9.7785998e-03  -4.5179661e-03   2.5554922e-03
  -1.5608488e-01  -5.2971626e-01   5.5947235e-01  -1.1309092e-02  -3.9475555e-03   2.7468089e-03
  -1.6509282e-01  -6.8179400e-01   5.6542009e-01  -1.1634288e-02  -4.2931359e-03   2.3267719e-03
  -1.4314449e-01  -5.4654639e-01   6.1592767e-01  -1.1458313e-02  -4.2203655e-03   2.6886623e-03
  -1.2140293e-01  -6.3714963e-01   7.1943953e-01  -1.1065572e-02  -3.9535209e-03   2.6694022e-03
  -1.5000120e-01  -5.3542930e-01   6.0930624e-01  -1.0103657e-02  -4.4847651e-03   2.5534920e-03
  -1.6558854e-01  -6.5891116e-01   6.0903721e-01  -1.0823624e-02  -4.4922460e-03   2.4231737e-03
  -1.7160959e-01  -5.6192188e-01   4.7391992e-01  -1.1497947e-02  -4.1215261e-03   1.7119802e-03
  -1.6670512e-01  -6.4714781e-01   5.5034782e-01  -1.1611450e-02  -4.5227634e-03   2.0098078e-03
  -1.4990878e-01  -5.5092735e-01   5.2982791e-01  -1.1789117e-02  -3.8692792e-03   2.1494613e-03
  -1.6127809e-01  -6.8898301e-01   5.6754011e-01  -1.2973294e-02  -3.9900440e-03   2.3817095e-03
  -1.5957209e-01  -6.2412963e-01   5.4405506e-01  -1.1435074e-02  -3.7484470e-03   2.1660224e-03
  -1.7229525e-01  -7.2082161e-01   5.5711868e-01  -1.2633896e-02  -4.4669048e-03   2.3544127e-03
  -1.5265338e-01  -6.2174746e-01   5.4915301e-01  -1.1682890e-02  -4.2586234e-03   2.0152551e-03
  -1.6646569e-01  -7.4501099e-01   5.9899952e-01  -1.2491192e-02  -4.7143310e-03   2.1272905e-03
  -1.4902740e-01  -6.5003189e-01   6.2915364e-01  -1.1871152e-02  -4.4578265e-03   2.0063052e-03
  -1.4221277e-01  -7.4569452e-01   6.5542209e-01  -1.1967217e-02  -4.6692996e-03   2.2553308e-03
