   0.0000000e+00   0.0000000e+00   0.0000000e+00   0.0000000e+00   0.0000000e+00   0.0000000e+00
   4.1384553e-02  -7.7389892e-03  -4.6858158e-02  -7.7180589e-04  -7.3159801e-04  -7.8821594e-05
  -3.1386851e-02  -1.2069512e-02  -1.7738245e-02  -2.7629889e-04   1.7499114e-04  -7.0815714e-05
   2.5781738e-02  -1.3969239e-02   6.1773895e-03  -9.8827507e-04  -2.4589067e-04   1.1787637e-04
  -1.3728867e-02  -1.2474516e-02  -7.2228009e-03   3.7884014e-04   5.8795529e-04  -9.7931657e-04
   2.9845638e-02  -4.4752388e-03   3.4847364e-02  -2.1854757e-04   2.1052861e-04  -7.0255783e-04
   6.4562779e-03  -3.1204388e-02   5.0919152e-02   9.9271032e-04   6.2017213e-04  -7.2667867e-04
   3.4651303e-02  -4.9985345e-02   6.0581077e-02   5.3605559e-04   8.9499241e-05  -7.6832296e-04
   2.4953068e-02  -5.4916368e-02   8.6398095e-02   6.4529986e-04   1.6233855e-04  -1.1796907e-03
   8.1571718e-02  -6.4958215e-02   2.3782478e-02   7.0244780e-04  -9.9964514e-04  -2.0860608e-04
   6.3083892e-02  -2.7101393e-02   8.8426558e-02   1.2880275e-05  -1.0356484e-03  -1.9378020e-05
   3.1820482e-02  -2.2898222e-02  -3.7140496e-02  -1.1010803e-04  -5.2688520e-04  -8.6075259e-04
   2.6373028e-02  -6.1393118e-04   5.6315642e-02  -8.2047044e-04  -5.0554816e-04  -6.9618249e-04
   4.0762453e-02  -1.1429798e-02   2.1871071e-02  -2.4736004e-04  -5.1047316e-04  -6.6603145e-04
   6.0084204e-02  -6.7858435e-03   3.4073506e-02  -1.2439066e-03  -6.7079740e-04  -4.6136607e-04
   4.4933790e-02  -1.4063999e-02   1.6795942e-02   1.5745539e-05  -3.5327862e-04  -1.4904752e-04
   6.5822432e-02  -1.5259939e-02   3.3246495e-02  -3.8126228e-04  -4.9815686e-04  -2.5899744e-04
   2.7625365e-02  -4.3382610e-02   7.3667273e-02   2.9843203e-04   1.3792231e-04  -5.6450407e-04
   5.0725737e-02  -3.1592517e-02   2.3505039e-02   2.7990692e-04   3.2418524e-05  -4.1973173e-04
   6.8258971e-02  -2.8729864e-02   8.2237832e-02   2.2085834e-04  -6.6871507e-04   1.1883983e-04
   7.6329771e-02  -4.8674212e-02   5.9108030e-02   2.0877365e-04  -6.9366511e-04  -2.8405370e-04
   3.4955439e-02  -4.1189212e-02   1.1166701e-01   3.1442127e-05  -7.2362506e-04  -1.3160321e-04
   5.5078866e-02  -7.0414192e-02   6.0679287e-02   1.2769373e-04  -5.6797492e-04  -4.6940151e-04
   5.9564913e-02  -2.8336682e-02   8.9216784e-02  -9.9210732e-04  -8.4641324e-04  -1.7857443e-04
   6.3320115e-02  -2.7567276e-02   2.9183661e-02  -3.0369351e-05  -4.8260856e-04  -2.1347065e-04
   8.4076518e-02  -3.5064078e-02   1.6713044e-02  -3.8108287e-04  -9.4201246e-04   1.0851021e-04
  -3.3283325e-02  -6.2214407e-02   2.7529401e-02   8.6399730e-04  -1.2353460e-04  -1.7914586e-04
   3.7788139e-02  -5.3784099e-02   2.7900891e-02  -2.5616888e-04  -9.4701393e-04  -2.3918241e-04
  -2.3494204e-02  -7.4278744e-02  -3.1209944e-02   1.2443849e-03  -3.2401442e-04  -1.7903329e-04
   1.4626537e-02  -3.5890929e-02   4.2613904e-02   1.0743007e-04  -7.9353064e-04  -3.1873553e-04
  -2.9098616e-02  -7.0359698e-02  -7.5353906e-02   5.6605596e-04  -1.5160142e-04  -1.0931863e-03
  -3.8040884e-02  -3.7216190e-02   3.7212601e-02  -2.4967059e-04  -2.8812951e-04  -1.1682367e-03
   7.1851543e-05  -4.7252684e-02  -7.6242025e-02  -1.9194122e-04  -9.0353340e-04  -7.5584223e-04
  -4.0546041e-03  -4.9131821e-02   2.8934452e-02  -3.3474156e-04  -9.7525377e-04  -3.5998995e-04
  -4.5332805e-03  -7.1049339e-02  -8.5734594e-02  -3.4327612e-04  -1.0224250e-03  -7.7934400e-04
  -1.1977486e-02  -4.6647690e-02   3.7078481e-02  -8.5688198e-04  -7.7069141e-04  -9.2220515e-04
  -1.3167083e-03  -5.7656892e-02  -9.4441736e-02  -7.4802137e-04  -9.6924438e-04  -9.3509695e-04
  -8.1399953e-02  -1.0059158e-01  -4.3874934e-02   9.7364323e-04   4.0316684e-04  -1.0177182e-03
  -4.1841383e-02  -4.3114896e-02   8.6179932e-03  -1.1576924e-03  -2.0324373e-04  -1.0866220e-03
  -4.9143913e-02  -5.0739603e-02  -2.0062680e-02   4.3009186e-04   4.6716177e-04  -1.2467040e-03
  -2.6582871e-02  -7.5564129e-02   2.4580400e-02  -3.6535094e-04   1.8186470e-04  -1.2025229e-03
  -2.1501650e-02  -1.2462881e-01   2.8288693e-02   8.4288739e-04   2.7845058e-04  -9.3647179e-04
   2.0878323e-04  -1.4125926e-01   4.0962457e-02   3.3195911e-04   2.8396727e-05  -1.0779428e-03
   6.8514294e-03  -1.6043967e-01   4.8366874e-02   1.0444938e-03  -6.3203298e-05  -1.0774829e-03
   2.2215941e-02  -1.2938152e-01   3.3144544e-02  -6.0975039e-05  -2.0683726e-04  -1.2086595e-03
   3.1190857e-02  -1.1516682e-01   6.2193901e-02   1.2742975e-06  -6.7739366e-04  -6.3635010e-04
   2.8788531e-02  -1.3235076e-01   2.5194110e-02  -2.1693300e-04  -6.1924280e-04  -1.1398409e-03
  -2.1369944e-03  -1.2895083e-01   2.8775942e-02   5.2718999e-04  -3.9815701e-04  -7.8219210e-04
   2.1212305e-03  -1.1136835e-01   3.8064909e-02  -2.8882243e-04  -2.1771344e-04  -1.2145372e-03
   3.8270470e-04  -1.5179248e-01   4.7221759e-03   3.6471107e-04  -1.7474793e-04  -9.1610899e-04
   2.1123872e-02  -1.0377753e-01   3.0046794e-02  -9.8473946e-04  -4.5735742e-04  -8.9430502e-04
  -1.6377356e-02  -1.2809731e-01  -1.3344555e-02   3.9737383e-04   3.7718752e-04  -1.9573697e-03
   3.2890902e-03  -1.1515072e-01   4.7787608e-02  -9.7837451e-04  -2.8119936e-04  -1.2511027e-03
   2.0969373e-02  -1.4004665e-01   3.6423034e-02  -5.5093079e-05   1.3141351e-05  -1.4285744e-03
   2.1313890e-02  -1.0358585e-01   7.6455008e-02  -1.3758592e-03  -2.2337213e-04  -1.4463529e-03
   1.9690918e-02  -1.4444352e-01   7.1480252e-02   7.3063403e-04  -4.9286981e-05  -8.9282936e-04
   4.2869011e-02  -1.5342629e-01   2.9223743e-02   1.5517761e-04   2.9047549e-05  -9.4716503e-04
   4.0432440e-02  -1.5056191e-01   1.0408831e-01  -8.9142829e-07  -2.1920451e-04  -9.9502762e-04
   5.2290227e-02  -1.7805485e-01   1.8712750e-02   1.0658611e-03  -1.3397383e-04  -5.3360493e-04
   6.7303885e-02  -1.4378398e-01   1.1923268e-01   2.1929964e-04  -9.1012538e-04  -5.9764472e-04
   6.5444381e-02  -1.8551844e-01   5.9973890e-02   1.3028922e-03  -7.8441462e-04  -2.0027943e-04
   7.2254944e-02  -1.5102726e-01   9.0044281e-02   2.8134775e-04  -1.1595376e-03  -4.8476538e-04
   7.7613283e-03  -1.6530973e-01   1.1993737e-02   6.4834509e-04  -5.0047375e-04  -8.1833634e-04
   3.8076680e-02  -1.6117195e-01   1.0229876e-01   8.0914077e-05  -9.5034290e-04  -6.2584128e-04
   3.2955179e-02  -1.5000099e-01  -1.4420644e-03  -6.0110918e-05  -1.0877903e-03  -6.8788209e-04
   4.0813545e-02  -1.5577886e-01   2.9820425e-02  -3.7240667e-04  -9.0985240e-04  -7.0841886e-04
  -3.8447268e-02  -1.6877258e-01  -5.6944915e-02   7.6603260e-04  -1.5096566e-04  -9.9630986e-04
   2.4343458e-02  -1.4097850e-01   6.5341458e-02  -1.7377745e-04  -4.2455411e-04  -1.6324634e-03
   3.2884408e-02  -1.4849702e-01  -6.6731102e-02   7.1067597e-04  -3.5470689e-04  -1.1382848e-03
   6.9428578e-02  -1.1210204e-01   6.6259070e-02  -2.8221332e-04  -1.3586722e-03  -7.2352038e-04
   5.7032992e-02  -1.4419165e-01  -1.8055431e-02   4.1373411e-04  -9.3718520e-04  -6.9685351e-04
   3.6218008e-02  -1.2497884e-01   8.0981768e-02  -4.8266578e-04  -1.0803447e-03  -7.8575879e-04
  -2.1204520e-02  -1.2517812e-01  -6.5828703e-02   4.7486997e-05  -4.8646140e-04  -7.9177324e-04
   1.3168174e-02  -1.0684179e-01   9.9806322e-02  -7.2233372e-04  -8.5502117e-04  -5.9115006e-04
   1.8237993e-02  -1.4446110e-01  -6.6944826e-02  -5.5954695e-04  -1.2224146e-03  -6.0572496e-04
  -2.8605958e-02  -1.4842896e-01   6.5719873e-02  -8.3873944e-04  -7.1262903e-04  -8.8541220e-04
   1.6372286e-02  -1.5580213e-01   1.4778956e-02  -8.9784033e-04  -8.8992247e-04  -1.1302340e-03
  -2.5314108e-02  -1.6678700e-01   4.5239272e-02  -2.9720724e-04   1.6106668e-04  -1.6218026e-03
  -9.9213777e-03  -1.7260621e-01  -4.0427108e-02   3.7659078e-04  -1.6337999e-04  -1.2380746e-03
   2.0709884e-04  -1.6853739e-01   8.1462477e-02   8.5361779e-05  -7.3121684e-04  -5.8638276e-04
  -1.8660044e-03  -2.4856129e-01   1.9057848e-02   1.3622187e-03   2.9732036e-05  -8.6745339e-04
   2.6091618e-02  -1.9905418e-01   9.4240725e-02  -2.5901950e-04  -7.2952506e-04  -8.1591523e-04
  -1.7211283e-02  -2.4074724e-01  -4.1218245e-02   9.6402639e-04   6.7275190e-04  -1.5876357e-03
   1.7366506e-02  -1.8303299e-01   1.0067996e-01  -3.4559427e-04  -3.4128865e-04  -9.1074112e-04
  -1.3517892e-03  -2.1207527e-01   9.8320554e-02   1.0312583e-03  -1.1336295e-05  -8.0625870e-04
   2.6434139e-02  -2.1063313e-01   5.8583134e-02   6.9935082e-04  -4.6230433e-04  -5.7116169e-04
   5.1923420e-05  -2.3268015e-01   1.3796407e-01   1.1226219e-03  -4.9933386e-04  -2.4833392e-04
   2.6679376e-02  -2.3436101e-01   9.6190971e-02   9.8395566e-04  -9.1958837e-04  -4.4297225e-04
  -5.5137820e-02  -2.1871091e-01   1.2695150e-01   7.8597838e-04  -2.2081030e-04  -7.6543375e-04
  -1.4623626e-02  -2.0660401e-01   1.5266782e-01  -2.2281180e-05  -1.0173974e-03  -7.0417848e-04
  -1.3216156e-02  -2.0850456e-01   1.4498973e-01  -1.1465311e-04  -7.7384414e-04  -1.3469035e-03
  -3.9355788e-03  -2.0900888e-01   9.8456599e-02   1.2367846e-05  -7.6302670e-04  -1.4110874e-03
  -4.0996720e-02  -1.8012669e-01   8.9996509e-03  -1.6972704e-05  -6.2957439e-04  -8.9177480e-04
  -4.9049723e-02  -1.8204672e-01  -4.3017656e-02  -5.2071347e-04  -5.7846225e-04  -1.1349203e-03
  -1.0840738e-01  -1.9628239e-01   1.0461654e-02   1.1879371e-04   4.0909725e-04  -1.7216140e-03
  -2.4522606e-02  -1.8523994e-01   7.1163312e-02  -7.6588629e-04  -5.6982131e-04  -1.3088246e-03
  -6.7858889e-02  -1.8678435e-01   3.0902005e-02   6.3781024e-05  -5.6532247e-05  -1.2382617e-03
  -2.2520668e-02  -2.2266490e-01   3.7658572e-02   7.3519543e-04  -6.9615500e-04  -8.8556318e-04
  -1.0684179e-02  -2.0835103e-01   7.4403534e-02   1.1867674e-04  -1.0119965e-03  -8.9855116e-04
  -3.5544996e-02  -2.1705924e-01   3.6642369e-02   7.9808563e-04  -7.4448813e-04  -8.1823280e-04
  -1.8215123e-03  -2.0941213e-01   1.0479568e-01  -3.4531391e-04  -1.1690671e-03  -8.3746369e-04
  -6.4315680e-02  -2.3563630e-01  -8.8570198e-02   1.5800447e-04  -7.2566833e-04  -9.4689623e-04
  -6.6367617e-02  -1.9918171e-01   8.0473322e-02  -6.2203985e-04  -5.1558063e-04  -8.5503399e-04
  -6.0587421e-03  -2.2183401e-01  -4.5882951e-03  -1.1753951e-04  -4.6041068e-04  -1.5390275e-03
  -1.9799941e-02  -2.0354732e-01   6.6010764e-02  -7.1399621e-04  -6.6089916e-04  -1.5076544e-03
  -8.8406386e-03  -2.3047952e-01   3.7903552e-02   6.0962434e-04  -6.5015386e-04  -1.8895289e-03
  -5.4701248e-02  -2.3405799e-01   1.3997904e-01   8.4033048e-04  -1.2417075e-04  -1.9828318e-03
  -2.0137701e-02  -2.4385995e-01   9.6488158e-02   2.3690354e-04  -7.1984695e-04  -1.8088068e-03
  -4.8466422e-02  -2.3286797e-01   1.0628401e-01   3.7259582e-04  -8.2161494e-04  -9.9938018e-04
  -1.8237183e-02  -2.2358685e-01   1.1787381e-01  -2.6840745e-04  -1.4588293e-03  -1.0630839e-03
  -3.9149845e-02  -2.5040969e-01   4.4731505e-02   4.2277021e-04  -1.2958349e-03  -6.4684382e-04
  -2.2623987e-02  -2.4928545e-01   1.3216639e-01  -3.8358222e-04  -1.4473151e-03  -8.0165384e-04
  -1.2584039e-02  -2.5537188e-01   1.5328430e-03  -4.8203778e-04  -1.3796464e-03  -1.2142124e-03
  -3.5136709e-02  -2.7310129e-01   9.9722198e-02  -9.0367630e-05  -1.1021276e-03  -9.5396979e-04
  -2.1578639e-02  -2.7318929e-01  -7.6046085e-03  -3.0360777e-04  -1.4958062e-03  -1.0689654e-03
  -1.0812372e-01  -3.0386346e-01  -1.9505806e-03   9.3663156e-04  -3.4762936e-04  -1.0468932e-03
  -4.3837736e-02  -2.7365829e-01   6.8639629e-02  -6.4009023e-04  -1.0298228e-03  -1.2577263e-03
  -6.2161408e-02  -3.1765301e-01   6.5778730e-02   1.0369978e-04  -7.5259770e-04  -1.0243092e-03
  -6.5405159e-02  -2.6504804e-01   4.2930398e-02  -4.5534713e-04  -7.6374116e-04  -1.0762009e-03
  -9.4068581e-02  -2.8556845e-01   8.4521281e-02   7.0299817e-04  -3.5998312e-04  -1.2010024e-03
  -8.2476657e-02  -3.5101559e-01   1.3460691e-02   1.4198787e-03  -2.9395026e-04  -1.3797341e-03
  -1.0646012e-01  -2.9277088e-01   1.5258979e-01   1.1251901e-03   3.8786546e-05  -1.8435820e-03
  -8.8717035e-02  -3.2560031e-01   1.1226688e-01   1.3021783e-03  -7.2716317e-04  -1.7193638e-03
  -1.0015244e-01  -3.2140982e-01   1.5962130e-01   1.0679197e-03  -4.1294820e-04  -1.2847943e-03
  -9.9512282e-02  -3.1091457e-01   1.2989816e-01   4.9158952e-04  -1.1508377e-03  -8.7002139e-04
  -1.0026751e-01  -2.9450388e-01   1.4658734e-01   4.6194279e-04  -8.7557091e-04  -8.4232712e-04
  -7.0940650e-02  -3.1010922e-01   3.2358485e-02   4.1717758e-04  -1.1099288e-03  -9.3702315e-04
  -7.8726889e-02  -2.8067277e-01   1.3230230e-01  -3.9051327e-04  -9.8732347e-04  -1.1343699e-03
  -5.6775956e-02  -3.1917096e-01   7.9579055e-02   7.8236328e-04  -8.3369332e-04  -1.3176743e-03
  -8.0310298e-02  -3.1187729e-01   1.3323155e-01   1.1068946e-03  -1.0337465e-03  -8.9572578e-04
  -7.3651726e-02  -3.4015457e-01   8.5816105e-02   1.3682047e-03  -1.1193877e-03  -9.3143320e-04
  -9.3389527e-02  -3.1692823e-01   1.6068442e-01   8.7880641e-04  -8.4619547e-04  -1.1186212e-03
  -6.8920543e-02  -3.3731721e-01   7.0676233e-02   7.8781820e-04  -1.0999501e-03  -1.0953859e-03
  -8.9525211e-02  -3.3276441e-01   1.2804059e-01   6.2554910e-04  -9.7042353e-04  -1.1912641e-03
  -5.5536110e-02  -3.5781725e-01   1.4443604e-02   2.8347875e-04  -1.2072876e-03  -1.1393840e-03
  -8.8259703e-02  -3.3211283e-01   1.1970196e-01   6.9206723e-05  -8.5338244e-04  -1.4961505e-03
  -5.6980113e-02  -3.2966541e-01   1.3058626e-02   6.6615266e-04  -1.2712231e-03  -1.3064963e-03
  -9.7478483e-02  -2.9465384e-01   7.9151378e-02   8.4486931e-04  -7.7526149e-04  -1.4030029e-03
  -7.4867113e-02  -2.8882384e-01   7.2486270e-02   5.3602195e-04  -1.0980864e-03  -1.3291646e-03
  -1.3380446e-01  -3.1492078e-01   4.1032895e-02   9.8311983e-04  -5.0438190e-04  -1.8182982e-03
  -9.7369593e-02  -3.2614231e-01   1.2373963e-01   4.9260662e-05  -1.1351105e-03  -1.8026129e-03
  -1.3566629e-01  -3.4141070e-01  -1.1655557e-02   4.7485150e-04  -1.0199199e-03  -1.9910058e-03
  -1.2134644e-01  -3.1916693e-01   1.0754961e-01  -5.3759567e-04  -1.0293033e-03  -1.7616325e-03
  -1.0819437e-01  -3.4760399e-01  -6.3830711e-02   3.2257076e-04  -7.4001492e-04  -2.0443018e-03
  -1.0619708e-01  -3.0596952e-01   6.2513304e-02  -8.5732388e-04  -9.9846101e-04  -1.2247668e-03
  -9.9083174e-02  -3.5297918e-01  -5.8740723e-02   1.0193487e-03  -8.2276569e-04  -6.7544748e-04
  -1.0440871e-01  -3.3342381e-01   7.6164601e-02   9.2347034e-05  -9.6733138e-04  -2.9634894e-04
  -1.2638545e-01  -3.6087216e-01  -4.5156505e-02   1.2382423e-03  -9.7245972e-04  -5.5371080e-04
  -1.0927585e-01  -3.8980220e-01   1.5419797e-01   7.4831451e-04  -1.2027959e-03  -4.5507100e-04
  -1.1788616e-01  -3.9928717e-01   3.5801585e-02   6.8534836e-04  -1.0778825e-03  -8.3991207e-04
  -1.0821591e-01  -3.7362347e-01   1.4870207e-01  -2.8645609e-04  -1.2235518e-03  -5.8117696e-04
  -1.0194816e-01  -4.0255688e-01   5.7722920e-02   6.6729392e-04  -9.8193725e-04  -7.3513410e-04
  -1.3455038e-01  -3.9555063e-01   1.1222848e-01   7.3718463e-04  -2.8646746e-04  -1.1994617e-03
  -1.2849965e-01  -3.8385123e-01  -5.6806414e-02   7.1945435e-04  -1.0759852e-03  -8.6435889e-04
  -1.8198660e-01  -3.6176413e-01   8.2084908e-02   9.3693851e-04  -5.3466975e-04  -1.1108722e-03
  -1.3398053e-01  -3.8430298e-01   7.0903013e-02   1.0841843e-03  -1.0032409e-03  -8.1791195e-04
  -1.4606923e-01  -3.8533510e-01   9.4780883e-02   1.4572524e-03  -7.9592339e-04  -6.6020641e-04
  -1.2330530e-01  -3.5696090e-01   3.7198455e-02  -2.1695524e-05  -8.4237322e-04  -1.0558976e-03
  -2.0108783e-01  -3.7225063e-01  -8.1720500e-03   1.1733192e-03   1.5955177e-05  -1.5846660e-03
  -1.4962844e-01  -4.0201687e-01   1.1652186e-01   9.8656468e-04  -3.3612353e-04  -2.0054392e-03
  -1.5494541e-01  -4.2295766e-01  -6.5113519e-02   1.5148285e-03  -1.4990232e-04  -1.6722017e-03
  -1.3826609e-01  -3.8514132e-01   1.1282453e-01   3.8750701e-04  -8.3988803e-04  -1.0815809e-03
  -1.3739646e-01  -4.0394627e-01  -2.4202402e-02   1.0168227e-03  -9.5558654e-04  -1.1264779e-03
  -1.4294498e-01  -3.7628823e-01   9.3932527e-02   6.7504111e-04  -8.1854338e-04  -9.8150837e-04
  -9.8923087e-02  -4.0661892e-01   6.0412789e-02   7.3342618e-04  -1.3540213e-03  -8.6621448e-04
  -1.4633233e-01  -4.0188863e-01  -2.2842869e-02   1.0404518e-03  -7.9778704e-04  -9.0670776e-04
  -1.3406265e-01  -3.7430730e-01   8.0502618e-02   1.0770736e-04  -8.2562736e-04  -9.6984228e-04
  -1.4409253e-01  -3.9628872e-01  -7.8317201e-02   8.9526319e-04  -1.2853807e-04  -1.4096363e-03
  -1.3523672e-01  -3.8736859e-01   5.3897068e-02   5.1593979e-04  -4.0558713e-04  -1.1507716e-03
  -1.3874004e-01  -4.2422815e-01   6.1289424e-03   1.8985034e-03  -1.5328071e-04  -1.2870676e-03
  -1.1909299e-01  -4.4692857e-01   6.3410274e-02   8.7985703e-04  -4.4962332e-04  -1.0899286e-03
  -1.1454428e-01  -4.5105470e-01   5.0402609e-02   2.3092894e-03  -5.2843878e-04  -6.1548325e-04
  -9.1185076e-02  -4.2740532e-01   3.4252462e-02   8.4926678e-04  -7.6044433e-04  -1.0839677e-03
  -1.2309510e-01  -4.2802638e-01   5.4667291e-02   1.6121813e-03  -3.7837218e-04  -9.3467990e-04
  -9.3652820e-02  -4.5313666e-01   1.8202581e-02   1.0313451e-03  -6.8866854e-04  -1.0493191e-03
  -1.1153246e-01  -4.3077416e-01   7.9964653e-02   1.5333293e-03  -7.4615212e-04  -5.9626024e-04
  -1.0133213e-01  -4.5185287e-01   8.7564887e-02   8.4918970e-04  -1.2578255e-03  -9.1064450e-04
  -1.5342495e-01  -4.4809811e-01   6.2590340e-02   1.1434061e-03  -8.5889746e-04  -7.6185824e-04
  -1.2579090e-01  -4.7093395e-01   4.1804709e-02   7.9162963e-04  -1.2141000e-03  -6.7616469e-04
  -1.6131307e-01  -4.7702178e-01   1.0426688e-02   1.0041906e-03  -9.0145634e-04  -7.3310983e-04
  -1.5265155e-01  -4.7715761e-01   5.8300109e-02   1.4407663e-04  -1.2951258e-03  -6.7755211e-04
  -1.7812820e-01  -4.7689772e-01  -5.0995560e-02   6.5931701e-04  -9.7691545e-04  -1.3153644e-03
  -1.6736247e-01  -4.6207556e-01   4.4028428e-02   7.4119841e-04  -9.3701853e-04  -1.0378985e-03
  -2.1925911e-01  -4.6135471e-01  -1.1060951e-01   1.2577558e-03   2.4693377e-04  -2.4887684e-03
  -2.0535156e-01  -4.2054259e-01   4.6567146e-02   6.3992575e-04  -4.8281032e-05  -1.8622687e-03
  -1.9084800e-01  -4.3001704e-01  -1.3329839e-01   1.1314427e-03  -1.4203370e-04  -1.9555747e-03
  -1.8694756e-01  -4.6767319e-01   4.6577204e-02   9.1947522e-04  -1.3238219e-04  -1.8586349e-03
  -1.9732859e-01  -4.7810247e-01  -1.5100964e-01   1.0172689e-03  -1.5649148e-04  -2.1091842e-03
  -1.9983739e-01  -4.4726532e-01  -8.6764280e-04  -1.6952123e-04  -1.3898904e-04  -1.7887784e-03
  -2.2045911e-01  -4.7241220e-01  -1.1763540e-01   9.0137725e-04   1.1939794e-04  -1.7948638e-03
  -2.1426953e-01  -4.6181250e-01   1.0386459e-01   4.6565856e-04   1.2344838e-04  -1.6457254e-03
  -2.0042789e-01  -4.9008414e-01   3.0367789e-02   1.2855881e-03   4.4625651e-04  -8.6291687e-04
  -1.9509822e-01  -5.1406732e-01   2.7021067e-02   2.2334555e-03   3.6086955e-04  -1.3273559e-03
  -1.6385165e-01  -5.2468756e-01  -2.6247517e-02   2.1179946e-03  -3.6267109e-04  -1.3723890e-03
  -1.9074199e-01  -5.3783901e-01  -7.5520775e-03   2.2605981e-03   1.2692683e-04  -1.0785944e-03
  -1.5562986e-01  -5.4427868e-01  -2.0257386e-03   1.2591571e-03  -2.4518822e-04  -9.3501756e-04
  -1.5093913e-01  -5.3464096e-01   3.5131996e-02   2.0371544e-03  -1.5247891e-04  -9.6378976e-04
  -1.3689032e-01  -5.7016395e-01  -7.9207432e-02   2.2897194e-03  -1.6697254e-04  -1.1345844e-03
  -1.2000004e-01  -5.5896399e-01  -2.5744486e-02   1.5621854e-03  -2.6554224e-04  -9.3771061e-04
  -1.1788934e-01  -5.8924603e-01  -1.9326388e-02   2.5146216e-03  -3.3523471e-04  -5.2431228e-04
  -9.6617151e-02  -5.7221349e-01  -6.9895092e-02   2.0455043e-03  -5.1494744e-04  -8.5533523e-04
  -6.5151958e-02  -5.3344040e-01  -1.8533133e-02   1.3919222e-03  -1.0404253e-03  -3.8883150e-04
  -1.2246134e-01  -5.5086777e-01  -5.8239802e-02   2.2321001e-03  -6.2263856e-04  -7.1726079e-04
  -1.2038607e-01  -5.5186960e-01  -2.9361023e-02   2.2442473e-03  -8.2042018e-04  -6.8731162e-04
  -1.0672229e-01  -5.5979733e-01  -2.5267760e-02   1.3081088e-03  -8.8422609e-04  -6.0401416e-04
  -1.1651165e-01  -5.2362249e-01   1.2357927e-02   7.5920371e-04  -9.6062928e-04  -8.2089289e-04
  -1.1853224e-01  -5.1231181e-01  -6.4446444e-02   1.2405930e-03  -8.9757875e-04  -9.7493404e-04
  -1.4134161e-01  -5.0331921e-01  -1.9550423e-02   1.9055635e-03  -3.4888576e-04  -1.0133994e-03
  -1.3489430e-01  -5.2097687e-01  -5.7481888e-02   9.3972139e-04  -7.1080492e-04  -1.4325281e-03
  -1.4032310e-01  -5.3438467e-01   3.1253889e-03   1.3973316e-03  -6.8587727e-04  -1.0247969e-03
