   0.0000000e+00   0.0000000e+00   0.0000000e+00   0.0000000e+00   0.0000000e+00   0.0000000e+00
   1.4485508e-02  -2.7925432e-02   1.0975447e-02  -2.9016206e-04  -2.0461506e-04   5.8067836e-04
   5.7584252e-03  -1.3929542e-02   5.3026330e-02  -1.3195770e-03   2.8269374e-04   3.5756946e-04
   5.8993874e-04   1.1874615e-03   4.3391301e-02  -8.0059940e-04   2.5355422e-04   2.6777578e-04
   6.6592178e-03  -5.3288997e-02   5.3489265e-02  -1.6456972e-03   2.6523968e-04   2.4723942e-04
   6.0408874e-04  -2.7458472e-02   5.0841697e-02  -1.6940801e-03   3.4263699e-04   5.3989252e-04
  -8.9658829e-03   3.9791025e-03   6.0652236e-02  -1.5529030e-03   7.6145371e-04   2.7851986e-04
  -1.7825109e-03  -3.5178849e-02   4.8726934e-02  -1.2893081e-03   6.4079996e-04   4.2438109e-04
   1.3445065e-03  -2.4877885e-02   8.1666558e-02  -2.5455603e-03   7.5874306e-04   3.5733730e-04
  -2.0950567e-03   1.5044237e-03   6.1786969e-02  -1.1620011e-03   6.5253091e-04  -7.5998054e-05
  -3.0644829e-03  -1.0576414e-02   2.7507266e-02  -9.4566060e-04   6.4661924e-04  -3.9067991e-04
   7.7645054e-04  -3.1673285e-02   6.9034773e-02  -3.0510312e-03   8.0195672e-04   1.7115120e-04
  -2.2244279e-03  -1.3563970e-02   7.6542732e-02  -1.7566549e-03   7.9028045e-04   1.4463413e-05
  -2.3948979e-03  -4.0742437e-02   3.0246221e-02  -1.5598031e-03   6.5663471e-04  -1.3100563e-05
   5.8678601e-04  -6.9962197e-02   6.1745425e-02  -2.2766956e-03   8.5369457e-04   1.3315705e-04
  -1.3208796e-02  -3.3217569e-02   5.7967568e-02  -8.5130683e-04   1.0784563e-03  -2.9407900e-04
  -1.3963563e-02  -7.1678801e-02   1.8374841e-02  -9.6685357e-04   8.8745767e-04  -2.4655490e-04
  -1.3443771e-02  -1.0202364e-01   6.3569540e-02  -2.2191810e-03   1.0025360e-03   1.8131902e-04
   1.8085568e-02  -4.8114344e-02   8.2951440e-02  -5.4103655e-04   1.4986192e-03   5.5115782e-04
   4.8260961e-02  -1.0816389e-01   2.6168668e-01  -4.4950433e-03   4.6959616e-04   1.0774799e-03
   8.9111235e-02  -1.2410553e-01  -6.2534374e-02  -2.1523265e-04  -3.1498671e-04   1.2055218e-03
   6.6290168e-02  -9.3312505e-02  -9.3831962e-02  -1.8004987e-03  -6.5148906e-05   6.9143944e-04
   5.6453046e-02  -5.9984101e-02   3.4501571e-03  -1.1869743e-03   1.4097584e-04   3.0324513e-04
   5.2332276e-02  -1.3633242e-01   9.6217561e-03  -8.1681225e-04   2.1162414e-04   2.9244746e-04
   3.7061542e-02  -7.4525557e-02   3.5473375e-02  -2.4063941e-03   4.2519497e-04   2.1745589e-04
   3.2193787e-02  -6.1561048e-02   6.5420536e-02  -1.8095025e-03   4.4136146e-04  -9.1649222e-05
   3.1125496e-02  -7.1083513e-02   8.1067876e-02  -2.4044822e-03   4.8167347e-04   2.1613139e-04
   2.2068582e-02  -7.9271783e-02   9.2897789e-02  -3.2165297e-03   6.7189140e-04   2.6492803e-04
   1.2032440e-02  -8.4851966e-02   1.2343095e-01  -2.0848013e-03   7.9314377e-04  -1.0234137e-04
   2.2005539e-02  -1.0934567e-01   1.0098419e-01  -2.2354838e-03   5.6335876e-04   1.7576687e-04
   2.8225759e-02  -1.4120381e-01   1.1855362e-01  -3.6277296e-03   5.8893865e-04   3.4906896e-04
   9.1303124e-03  -1.2105333e-01   1.0085473e-01  -2.0357152e-03   8.5658939e-04  -4.9007097e-04
   1.5967532e-02  -1.6509237e-01   9.5356903e-02  -2.4136214e-03   8.2845995e-04  -1.2783717e-04
   2.0766727e-02  -1.5787749e-01   1.1139508e-01  -3.3506267e-03   9.3806775e-04   3.5368744e-04
   1.5521228e-03  -1.3397710e-01   1.2671277e-01  -1.9816837e-03   1.3557728e-03  -3.6858856e-06
   9.4497184e-03  -1.6878707e-01   9.4961921e-02  -2.4538866e-03   8.1142380e-04   2.4072295e-05
   7.1364966e-03  -2.1177712e-01   1.1907648e-01  -2.8995917e-03   9.2093132e-04   2.1689175e-04
   1.3343560e-02  -2.2235691e-01   1.0918601e-01  -1.4071851e-03   8.8166686e-04   2.2239299e-06
   3.8722187e-02  -2.4423167e-01   9.9550769e-02  -1.8055612e-03   3.2776794e-04   2.1473276e-04
   4.5987070e-02  -2.1660965e-01   1.1593536e-01  -2.0136745e-03   3.5781687e-04   2.8652839e-04
   3.2000400e-02  -2.0636724e-01   1.1530547e-01  -1.7750893e-03   4.5145011e-04   6.1168294e-05
   4.6912405e-02  -2.6696251e-01   9.3488514e-02  -1.3121265e-03  -4.0278756e-05  -1.7168815e-05
   4.2167567e-02  -2.2581599e-01   1.2535754e-01  -1.6844351e-03   3.8423703e-04   1.7863198e-04
   4.9841140e-02  -2.6523236e-01   9.3736356e-02  -5.1847354e-04   2.8500836e-04   1.2921899e-04
   5.5235721e-02  -2.7689565e-01   1.2093695e-01  -1.6789993e-03   3.0581434e-04   4.2832843e-04
   3.6734595e-02  -2.4703046e-01   1.2609391e-01  -7.1590770e-04   6.0985030e-04  -4.0598464e-05
   5.8217704e-02  -2.7990776e-01   1.0311300e-01  -5.6456542e-04   2.2596051e-04   2.5998461e-04
   5.2109474e-02  -2.6852661e-01   1.6720408e-01  -2.0675669e-03   6.0882697e-04   2.2276670e-04
   4.2783377e-02  -2.7370383e-01   1.3317842e-01  -8.5585589e-04   6.0615728e-04   1.6949811e-04
   6.6720365e-02  -3.4795767e-01   1.4905595e-01  -7.0542170e-04   8.4554961e-05   4.0726385e-04
   4.3489363e-02  -3.0035708e-01   1.3928847e-01  -1.1760162e-03   6.4568787e-04   3.5947378e-04
   4.2624206e-02  -3.2000572e-01   1.0466863e-01  -8.6034552e-04   4.1747153e-04   1.2273834e-04
   4.3886678e-02  -3.5352404e-01   1.4707564e-01  -1.6407727e-03   6.1533374e-04   1.3008005e-04
   2.4374522e-02  -3.0700444e-01   1.4197717e-01  -1.0748633e-03   8.2425212e-04  -1.4787415e-04
   4.2762945e-02  -3.8693021e-01   1.4020942e-01  -6.5218395e-04   2.8882988e-04  -2.1616663e-04
   3.0208747e-02  -3.5082196e-01   1.5704698e-01  -1.0621404e-03   6.4086376e-04  -2.1030979e-04
   2.7866503e-02  -3.4952899e-01   1.1742106e-01  -8.5303800e-04   2.5487842e-04  -2.6783356e-04
   5.0411751e-02  -3.6466138e-01   1.3975476e-01  -8.7766916e-04  -4.4051013e-05   1.5321445e-04
   3.5477896e-02  -3.4030334e-01   1.2743908e-01  -6.5072498e-04   4.0425311e-04  -2.7610266e-04
   4.0350030e-02  -3.9381949e-01   8.9327973e-02   6.1580654e-05   1.3799357e-04  -2.6762044e-04
   3.7806972e-02  -4.1184856e-01   1.2168101e-01  -5.2238250e-04   2.4494874e-04  -1.2024009e-04
   1.8155975e-02  -4.2189397e-01   9.2254924e-02   3.7945293e-04   4.9466690e-04  -4.8711843e-04
   3.5582916e-02  -4.5645410e-01   9.3576456e-02   5.3532082e-04   2.4818962e-04  -4.0054635e-04
   2.5003819e-02  -4.2578663e-01   1.1052168e-01  -1.0970186e-04   3.5658751e-04  -4.2893107e-04
   2.6919145e-02  -4.6598778e-01   6.7233246e-02   8.1801079e-04   6.5582588e-05  -4.3313257e-04
   3.0012781e-02  -4.6952254e-01   1.0218845e-01   2.9698452e-04   2.6265365e-04  -3.0616400e-04
   1.5734979e-02  -4.5089438e-01   7.7312054e-02   4.7604232e-04   4.7935725e-05  -3.9794579e-04
   2.3715946e-02  -5.0635311e-01   8.4227176e-02   1.5478975e-03  -3.7403192e-05  -4.2070800e-04
   3.3833800e-02  -4.4554432e-01   8.8416063e-02   1.3235559e-03  -2.5947246e-04   4.8238347e-04
   1.0756918e-02  -4.7576277e-01   9.5975262e-02   1.9845598e-03  -1.0080971e-05  -1.4176880e-04
   2.7068715e-02  -5.2452323e-01   1.1270788e-01   1.3774331e-03  -1.1457165e-04  -7.3202331e-05
   2.6525619e-02  -4.9755043e-01   9.5579462e-02   9.5217521e-04   2.0315487e-04  -3.4754710e-04
   2.1214167e-02  -5.3075700e-01   5.9211275e-02   3.1070436e-03  -1.8324169e-04  -8.9086288e-04
   2.7589725e-02  -5.2553070e-01   7.9857304e-02   2.5498485e-03  -2.4068659e-04  -2.3787832e-04
   1.4602732e-02  -4.5855066e-01   9.8508269e-02   2.7062017e-03   1.2244891e-04  -8.8863237e-04
   7.4409709e-03  -4.8551266e-01   6.5972375e-02   3.0130346e-03  -1.1932272e-04  -4.2839606e-05
   2.3967124e-02  -5.0235144e-01   8.0206084e-02   2.9274803e-03  -4.3531081e-04   3.3535836e-04
  -6.4535326e-03  -4.7604829e-01   6.7917131e-02   3.5690312e-03   1.3881873e-04  -3.1443945e-04
   2.0908056e-02  -5.3977799e-01   8.3573408e-02   3.2925461e-03  -3.0003095e-04   6.4996223e-04
  -1.4130951e-03  -4.8187814e-01   8.3925636e-02   3.5793963e-03   1.1448717e-04   2.1042414e-04
   7.1450789e-03  -5.5217918e-01   9.5018009e-02   3.5018861e-03  -2.2738066e-04   3.8602183e-04
  -9.7510983e-03  -4.9893177e-01   1.0972381e-01   3.1810760e-03   9.7505828e-05   3.8111433e-04
  -2.8381484e-02  -5.5402287e-01   7.0030782e-02   4.0858158e-03  -3.4762976e-04   3.2425429e-04
  -2.8694373e-02  -5.6380632e-01   1.1427763e-01   3.2595879e-03  -5.6485637e-04  -5.4740545e-04
  -4.6386794e-02  -5.5519322e-01   5.1039789e-02   4.0034420e-03   1.3829176e-04  -7.9478737e-04
  -2.8156410e-03  -5.7423384e-01   1.0074900e-01   3.7741943e-03  -1.2922852e-04   4.9721054e-05
  -3.3289932e-02  -5.5547032e-01   8.8047052e-02   3.6708931e-03   4.5484673e-04  -8.9634830e-04
   2.6466361e-02  -5.7395643e-01   1.0638163e-01   3.8314475e-03  -3.9673577e-04   5.0440016e-04
   1.1883891e-02  -5.5830058e-01   7.9569494e-02   4.7925768e-03  -3.1624811e-04   2.6821519e-04
   2.9092604e-02  -6.4794903e-01   6.6133504e-02   4.9529340e-03  -6.6389550e-04  -2.2247163e-04
   2.4268474e-03  -6.2691580e-01   8.2036463e-02   3.5063454e-03   1.8876634e-04  -2.1375054e-04
   1.5662796e-02  -7.7051574e-01   2.1549961e-02   4.0223015e-03   4.8108544e-04  -3.7593013e-04
  -4.1297703e-03  -6.3658744e-01   1.8486223e-02   4.0388579e-03   9.7805881e-04  -7.7787710e-04
   5.3671890e-03  -7.0714397e-01   1.4856797e-01   2.1945400e-03   1.1366758e-03  -5.5888472e-04
   1.5015501e-03  -7.1342414e-01   1.2683968e-01   1.7870269e-03   1.1213462e-03  -5.4381166e-04
   1.2343598e-02  -4.7611332e-01  -7.1549681e-01  -4.0086899e-03  -8.9055242e-04   2.8734203e-04
  -1.7247199e-02  -3.7591347e-01   1.3294402e-02  -1.2197033e-02   1.8966808e-03  -1.1248169e-04
   1.4886238e-01  -4.4373886e-01   3.2622327e-01  -8.8276093e-03  -1.4640919e-03   1.3981999e-03
   1.4737686e-01  -3.9867251e-01   3.8537780e-01  -8.5190028e-03  -1.0177689e-03   9.4126505e-04
   1.5956474e-01  -4.5788543e-01   4.7398181e-01  -7.7062385e-03  -8.1040109e-04   4.8026284e-04
   1.5755705e-01  -4.7860070e-01   5.6922301e-01  -9.3100498e-03  -5.3509295e-04   7.9753504e-04
   1.3359429e-01  -3.9976587e-01   6.2493153e-01  -1.0021742e-02   6.3130722e-05   7.4416504e-04
   1.4266335e-01  -4.9917553e-01   6.3310394e-01  -9.4199430e-03   5.7959889e-05   2.3649216e-04
   1.3463034e-01  -4.9320568e-01   6.5190984e-01  -1.0372220e-02   1.2051640e-04   6.3329448e-04
   1.3773832e-01  -4.7108360e-01   6.7257140e-01  -9.8136714e-03   1.9460519e-04   3.5475827e-04
   1.3461756e-01  -5.2648911e-01   6.7020601e-01  -8.4670161e-03   2.8781825e-04   3.9987239e-04
   1.3275943e-01  -4.9060516e-01   6.8685405e-01  -8.7455655e-03   2.4008330e-04   4.4919987e-04
   1.2281028e-01  -5.1155325e-01   6.7720996e-01  -7.7782247e-03   4.8798677e-04   1.6254115e-04
   1.2957705e-01  -5.2284563e-01   6.7835727e-01  -8.1778845e-03   5.6026278e-04   3.9340614e-04
   1.2510620e-01  -5.2701501e-01   7.0544144e-01  -8.9628755e-03   6.7576337e-04   4.8709781e-04
   1.1445801e-01  -5.0834846e-01   7.1263904e-01  -9.3890292e-03   7.4925098e-04   1.7259946e-04
   1.3585622e-01  -5.5613959e-01   6.9678509e-01  -8.3417969e-03   3.8561810e-04   3.4681179e-04
   1.3952025e-01  -5.6429160e-01   7.2796631e-01  -1.0208484e-02   6.3654130e-04   3.4626413e-04
   1.2875850e-01  -5.6724690e-01   7.2884836e-01  -8.2530953e-03   6.0556980e-04   2.9171602e-04
   1.4664586e-01  -6.1088505e-01   7.1303164e-01  -7.8818209e-03   2.9220962e-04   2.8459578e-04
   1.4436549e-01  -5.6673635e-01   7.2931412e-01  -8.9393270e-03   5.5661115e-04   4.2480284e-04
   1.3648674e-01  -5.6968450e-01   6.9924234e-01  -8.0108268e-03   5.4333597e-04   3.1009974e-04
   1.5444678e-01  -6.0391104e-01   6.7716732e-01  -8.4510803e-03   2.2930624e-04   2.7445528e-04
   1.3832295e-01  -5.7150746e-01   7.0258814e-01  -8.5552293e-03   4.0687056e-04   1.6069676e-04
   1.3319900e-01  -5.9299111e-01   6.8854413e-01  -7.7365404e-03   4.7338734e-04  -2.5069955e-06
   1.3790253e-01  -6.1287336e-01   6.8218265e-01  -8.3268616e-03   2.7021672e-04   4.3640715e-04
   1.3396764e-01  -6.0115236e-01   6.9636473e-01  -8.0474659e-03   5.4253479e-04   2.1716711e-04
   1.3901798e-01  -6.3037055e-01   6.6172961e-01  -7.7248987e-03   4.7828044e-04   1.6491160e-04
   1.5316399e-01  -6.5308718e-01   6.7856918e-01  -8.4246304e-03   1.2578818e-04   7.0534138e-04
   1.3828887e-01  -6.2307989e-01   6.7550676e-01  -7.2382871e-03   4.2917209e-04   3.9509851e-04
   1.5146560e-01  -6.6957631e-01   6.2481714e-01  -6.5466891e-03   2.5260180e-04   4.4618136e-04
   1.5083314e-01  -6.8065942e-01   6.2985883e-01  -7.1205683e-03   3.1129861e-04   7.1791571e-04
   1.5249941e-01  -6.6375641e-01   6.4825452e-01  -5.8345160e-03   2.8918587e-04   6.7828670e-04
   1.4753274e-01  -6.8352252e-01   6.4266809e-01  -5.9957337e-03   3.7419373e-04   6.2307853e-04
   1.5632286e-01  -6.8968329e-01   6.6714370e-01  -7.0580434e-03   2.9097007e-04   9.0142577e-04
   1.4587843e-01  -6.4522032e-01   6.9343808e-01  -6.0608393e-03   5.7573132e-04   3.9559342e-04
   1.4676688e-01  -7.0300655e-01   6.8395218e-01  -6.1242270e-03   5.6604385e-04   4.1139831e-04
   1.5052441e-01  -7.1661479e-01   7.0720780e-01  -7.0384804e-03   4.9325640e-04   5.5290684e-04
   1.3639738e-01  -6.8639380e-01   7.0163557e-01  -5.9305493e-03   7.2749773e-04   1.9040556e-04
   1.5674063e-01  -7.6940016e-01   7.0809538e-01  -5.5783234e-03   3.5629508e-04   5.6107245e-04
   1.4679879e-01  -7.3127715e-01   7.0882271e-01  -6.1748158e-03   6.3988635e-04   6.2506847e-04
   1.3153649e-01  -7.1648104e-01   7.0302128e-01  -5.1284733e-03   1.1904327e-03  -1.7013640e-05
   1.4878568e-01  -7.9287564e-01   6.8204054e-01  -4.6480808e-03   8.0006531e-04   1.2337726e-04
   1.5443345e-01  -7.6164332e-01   6.9353546e-01  -6.0514486e-03   5.5826027e-04   5.6572242e-04
   1.4727217e-01  -7.6434080e-01   6.8134399e-01  -4.9949376e-03   6.4977679e-04   1.6482504e-04
   1.5207324e-01  -8.1152458e-01   6.7569399e-01  -3.9634842e-03   5.9725613e-04   1.6761877e-04
   1.5402614e-01  -7.8349427e-01   6.8344851e-01  -5.1958122e-03   5.5324162e-04   7.4461650e-04
   1.4293439e-01  -7.7267966e-01   6.7650409e-01  -4.4160631e-03   6.7407571e-04   3.4189892e-04
   1.5097582e-01  -8.3165715e-01   6.7051778e-01  -4.9859481e-03   6.4803881e-04   3.6910745e-04
   1.4026092e-01  -8.2419636e-01   6.8533411e-01  -6.1669823e-03   9.5536624e-04   1.2564636e-04
   1.3545751e-01  -8.3210803e-01   6.6077017e-01  -3.9955521e-03   8.3705841e-04   6.9235532e-05
   1.5106731e-01  -9.3979505e-01   5.2435573e-01  -1.4508846e-03   7.5007834e-04   3.6397881e-04
   1.5305243e-01  -8.6344901e-01   5.4465250e-01  -2.7288192e-03   5.6093556e-04   4.9386970e-04
   1.5417466e-01  -9.1273482e-01   4.8115000e-01  -1.5758983e-03   5.0896654e-04   6.7227615e-05
   1.7529323e-01  -9.5589627e-01   4.8667312e-01  -2.0627898e-03   3.1462009e-04   3.5896626e-04
   1.5284691e-01  -9.0426238e-01   4.9304884e-01  -1.9085620e-03   6.4677478e-04  -1.5680810e-04
   1.7067964e-01  -9.7994300e-01   5.2063738e-01  -2.4316068e-03   3.1555882e-04   3.6653177e-04
   1.5603475e-01  -9.1352755e-01   5.1691239e-01  -2.5770039e-03   5.5637272e-04   1.2499906e-04
   1.5317359e-01  -9.2511740e-01   4.9302071e-01  -1.8523126e-03   4.2501928e-04   9.8795823e-05
   1.6757834e-01  -9.6445263e-01   4.9649086e-01  -1.7855243e-03   2.3059663e-04   6.6682320e-04
   1.5808843e-01  -9.4633823e-01   5.1021407e-01  -1.8134330e-03   4.7858444e-04   2.2841188e-04
   1.5652230e-01  -9.5845750e-01   5.0149912e-01  -8.0971785e-04   4.7866881e-04   1.8505574e-04
   1.7465548e-01  -9.8311451e-01   5.0328960e-01  -1.6310113e-03   2.4806040e-04   7.1993666e-04
   1.5593987e-01  -9.4201903e-01   5.0226115e-01  -2.0805923e-03   5.6050623e-04   5.5377946e-04
   1.5571055e-01  -9.4755656e-01   4.8957853e-01  -8.0024020e-04   6.9125215e-04   7.3160271e-05
   1.6914200e-01  -9.6165533e-01   4.9643828e-01  -2.0955719e-03   1.8489452e-04   6.1409908e-04
   1.7761997e-01  -1.0496103e+00   3.5739095e-01  -1.3143587e-03   3.9168752e-04   1.4215048e-03
   1.8813731e-01  -9.7787905e-01   3.3723731e-01  -1.3905859e-03   2.7104319e-04   7.7671640e-04
   1.8902563e-01  -9.9413371e-01   3.7714680e-01  -1.9332788e-03   4.2542780e-04   9.6613333e-04
   1.8062062e-01  -9.6558956e-01   3.9778609e-01  -1.5914729e-03   5.0367957e-04   6.7996743e-04
   1.7320385e-01  -9.8851037e-01   4.2246183e-01  -1.2267016e-03   3.9694448e-04   5.1624553e-04
   1.7469633e-01  -1.0053461e+00   4.1466169e-01  -1.4182068e-03   3.6576892e-04   5.6943531e-04
   1.7364442e-01  -1.0077074e+00   4.1662093e-01  -2.0478622e-03   4.6832704e-04   6.0720071e-04
   1.6578711e-01  -9.7373401e-01   4.3372405e-01  -2.0080633e-03   4.8908288e-04   6.5661796e-04
   1.7095386e-01  -9.7943755e-01   4.5406554e-01  -1.9026601e-03   3.5491828e-04   6.0913822e-04
   1.7156402e-01  -1.0098289e+00   4.4527576e-01  -1.9604085e-03   3.3468951e-04   8.0371188e-04
   1.6080384e-01  -1.0221141e+00   4.7394843e-01  -2.8042259e-03   3.8731963e-04   8.3036277e-04
   1.5651155e-01  -9.8607470e-01   4.6672643e-01  -3.1581404e-03   7.2956093e-04   6.6833062e-04
   1.5810880e-01  -9.8514826e-01   4.9273981e-01  -3.8113928e-03   7.4219800e-04   7.3799918e-04
   1.6391484e-01  -1.0265854e+00   4.6437530e-01  -2.2582507e-03   6.2900528e-04   3.0067771e-04
   1.7446827e-01  -1.0300373e+00   4.7542224e-01  -3.7170224e-03   4.8409591e-04   6.9086953e-04
   1.6693063e-01  -1.0318078e+00   4.9869914e-01  -3.2844829e-03   7.7671839e-04   4.6690603e-04
   1.7335934e-01  -1.0541173e+00   4.7695686e-01  -2.1602168e-03   4.8660725e-04   5.6115658e-04
   1.8470325e-01  -1.0946747e+00   4.6489801e-01  -2.7729854e-03   3.8872926e-04   9.1599276e-04
   1.7421978e-01  -1.0277788e+00   4.5061936e-01  -3.1470821e-03   6.5994297e-04   8.9796485e-04
   1.7796468e-01  -1.0130161e+00   4.7527488e-01  -2.3655403e-03   6.1241818e-04   7.1881737e-04
   1.8589581e-01  -1.0551106e+00   4.6898640e-01  -1.9934408e-03   4.7614787e-04   6.8376219e-04
   1.8195779e-01  -1.0672585e+00   4.8826949e-01  -2.5770385e-03   5.1230643e-04   9.5811730e-04
   1.6860881e-01  -1.0509201e+00   5.0932611e-01  -2.4768391e-03   7.2648254e-04   5.5063003e-04
   1.5491833e-01  -1.0640385e+00   5.0186868e-01  -2.0828651e-03   1.0780955e-03   4.4884532e-04
   1.6639038e-01  -1.0860034e+00   4.9913250e-01  -2.5869501e-03   7.2373404e-04   9.0768833e-04
   1.6171906e-01  -1.0777966e+00   4.9558534e-01  -3.1298411e-03   9.6873960e-04   9.1618796e-04
   1.6268873e-01  -1.0680970e+00   5.0429339e-01  -2.5109733e-03   9.6465246e-04   6.0990651e-04
   1.6884038e-01  -1.0985160e+00   5.0017652e-01  -2.1116427e-03   9.4543443e-04   7.2631787e-04
   1.7280831e-01  -1.1204175e+00   5.1461083e-01  -2.5338257e-03   7.6750187e-04   6.2377957e-04
   1.6405875e-01  -1.1062520e+00   5.2860666e-01  -2.9571957e-03   7.7219851e-04   7.8651619e-04
   1.5734299e-01  -1.1151368e+00   4.9323103e-01  -2.4174649e-03   9.7693606e-04   9.0198143e-04
   1.7410304e-01  -1.1593572e+00   4.9695848e-01  -2.7565040e-03   7.5136982e-04   1.3144248e-03
   1.6810242e-01  -1.1120773e+00   5.0279099e-01  -2.7934992e-03   9.5485155e-04   9.7610127e-04
   1.5892026e-01  -1.1539795e+00   4.9995051e-01  -1.5933245e-03   9.2050043e-04   7.6895134e-04
   1.7094672e-01  -1.1840593e+00   5.0360084e-01  -2.2628750e-03   6.3707699e-04   9.2482151e-04
   1.7355516e-01  -1.1674542e+00   5.0507108e-01  -2.5162746e-03   6.4140998e-04   1.0792967e-03
   1.6881785e-01  -1.1422041e+00   4.9829970e-01  -1.5935290e-03   6.2674603e-04   1.0955375e-03
   1.8116371e-01  -1.1994362e+00   5.0448124e-01  -2.0461134e-03   4.3513601e-04   1.1482810e-03
   1.7505371e-01  -1.1887720e+00   5.1361392e-01  -2.6550915e-03   4.6178965e-04   1.2927221e-03
   1.6579724e-01  -1.1612337e+00   5.1157345e-01  -2.4640803e-03   6.8600880e-04   9.9243994e-04
   1.7214895e-01  -1.2056654e+00   4.8994358e-01  -2.0033116e-03   4.7500032e-04   1.0648893e-03
   1.6596453e-01  -1.2007264e+00   5.2093309e-01  -2.9977123e-03   6.6743041e-04   1.0718416e-03
   1.5851937e-01  -1.1734061e+00   5.3313175e-01  -2.1766105e-03   7.5764718e-04   6.9632117e-04
   1.5290099e-01  -1.2119797e+00   5.1981030e-01  -2.4082373e-03   6.9553781e-04   5.4826140e-04
   1.5071286e-01  -1.2137704e+00   5.4776657e-01  -3.9537294e-03   8.9903231e-04   6.7058705e-04
   1.5253130e-01  -1.1605095e+00   5.5162583e-01  -3.4138866e-03   1.0368164e-03   2.2710279e-04
   1.6194535e-01  -1.1958953e+00   5.1382521e-01  -2.2484104e-03   5.5176935e-04   5.1895951e-04
   1.6926510e-01  -1.2185538e+00   5.5372725e-01  -3.7620507e-03   5.3903537e-04   6.9894657e-04
   1.6787212e-01  -1.2094086e+00   5.6184306e-01  -2.8925121e-03   5.7172677e-04   6.1646325e-04
