   1.4210855e-14  -1.4210855e-14   0.0000000e+00   0.0000000e+00  -2.6278267e-54   1.7347235e-18
   2.7157318e-03   5.2746771e-03  -8.5749672e-03   1.2068033e-04  -1.9361912e-05   2.5094221e-04
   1.0385050e-02   1.1871074e-02  -2.3500256e-02  -2.2451812e-04   1.5105101e-05  -2.9085479e-05
   1.8343817e-03   2.0264765e-02  -3.3308924e-02  -2.9417003e-04  -9.4238302e-05   6.5306736e-04
   7.3975124e-03  -1.7433544e-02   3.4571639e-02  -6.7310336e-05  -2.9103327e-04   4.1884291e-04
   1.3492986e-02  -3.1630008e-02   1.5835625e-02  -5.1591505e-04  -2.0583456e-04   4.6649958e-04
   8.1516210e-03  -2.2262400e-02  -1.6242557e-02  -8.9399604e-04  -8.5431342e-05   1.6483670e-04
   8.9076980e-03  -1.9186273e-02   2.5311389e-02  -4.6271071e-04  -5.5699359e-05   3.2463192e-04
  -8.3370429e-02  -1.2317297e-01  -1.2665088e-01   5.5799332e-03   1.5910136e-03  -9.7412664e-04
  -3.6550437e-02  -7.0449123e-01  -3.9072846e-01   1.8160732e-02   3.8651489e-03   3.9122530e-03
  -3.0507382e-02  -5.6923561e-01  -3.5198089e-01   1.3016035e-02   5.9119010e-03   4.4650448e-03
  -9.0974586e-02  -5.8260814e-01  -4.1810173e-01   9.6106512e-03   5.2741787e-03   3.0954364e-03
  -1.6521735e-01  -6.6062389e-01  -3.0357631e-01   1.1274009e-02   4.7367990e-03   3.6808060e-03
  -1.1920843e-01  -3.0734151e-01   1.0241475e-01   3.4695845e-03   1.7475034e-03   5.5331802e-04
  -4.5034871e-02  -2.4190600e-01   2.8611802e-02   3.6687819e-03   9.0136176e-04   1.4906767e-03
  -4.9745987e-02  -3.1380977e-01   2.3621352e-01   3.1674058e-03   1.6667264e-03   1.2676538e-03
  -5.6271475e-02  -2.7025564e-01   2.3603147e-01   3.2788608e-03   2.1172923e-03   1.5657947e-03
  -5.8909188e-02  -2.8751387e-01   1.6468644e-01   2.4535923e-03   2.0908544e-03   1.6641520e-03
  -5.6092316e-02  -2.6597487e-01   1.9291177e-01   2.6078000e-03   2.3233143e-03   7.8896396e-04
  -4.1333861e-02  -2.7628737e-01   1.2077770e-01   2.0916412e-03   1.9119265e-03   1.6265880e-03
  -4.1006297e-02  -2.5361729e-01   1.2252036e-01   1.1933158e-03   1.9461091e-03   1.7474059e-03
  -4.6632893e-02  -2.6913091e-01   1.3557023e-01   2.0527880e-03   2.2228210e-03   1.6543049e-03
  -3.5785307e-02  -2.5202339e-01   7.0797333e-02   1.5140620e-03   1.7661994e-03   1.8045926e-03
  -3.4928422e-02  -2.5734928e-01   5.5772348e-02   1.9296787e-03   1.8188845e-03   1.8383260e-03
  -3.4395281e-02  -2.4897222e-01   6.7238610e-02   1.8658677e-03   1.9168178e-03   1.7310758e-03
  -2.7915326e-02  -2.2945811e-01   2.5681723e-02   1.6862510e-03   1.3901721e-03   1.8724957e-03
  -2.5026199e-02  -2.4573258e-01   4.8840778e-02   2.0855490e-03   1.3579493e-03   1.8141875e-03
  -3.1745045e-02  -2.5490432e-01   1.9534062e-02   2.2569824e-03   1.4510715e-03   1.6896953e-03
  -3.5620264e-02  -2.6097266e-01   2.5470216e-02   1.3642501e-03   1.3602917e-03   1.6901450e-03
  -2.5763940e-02  -2.8679876e-01   4.1550070e-02   2.5751582e-03   1.3651948e-03   1.6959600e-03
  -2.4461320e-02  -2.7555272e-01  -2.7741084e-03   2.2787935e-03   1.1134550e-03   2.0265704e-03
  -1.9761067e-02  -2.7263698e-01   4.7057458e-02   2.0262643e-03   9.7607986e-04   2.0893530e-03
  -2.2418058e-02  -2.8126589e-01   1.6109604e-02   2.1532156e-03   8.7942755e-04   2.0552229e-03
  -1.8182673e-02  -2.7078918e-01   5.3413566e-03   1.5331627e-03   6.6799464e-04   1.9208626e-03
  -1.6890331e-03  -2.7195215e-01  -1.7962501e-02   1.8741834e-03   2.1797797e-04   2.2036481e-03
  -6.8645736e-03  -2.8045435e-01   1.2986208e-02   1.4471007e-03   3.4502369e-04   2.2216528e-03
  -1.8985204e-02  -2.8335386e-01  -1.8322066e-02   2.3971107e-03   4.4160105e-04   2.0593219e-03
  -2.7971311e-02  -2.8215713e-01  -2.7596985e-02   1.8588189e-03   5.4199143e-04   2.0424649e-03
  -1.6226165e-02  -3.1106641e-01  -1.8379309e-02   2.3420332e-03   4.0038305e-04   2.0425940e-03
  -1.9445288e-02  -3.1723468e-01  -1.1940290e-02   2.4244090e-03   3.8675157e-04   2.1671321e-03
  -2.3869670e-02  -2.8587505e-01  -9.3159370e-02   3.0184906e-03   3.8886826e-04   2.3755013e-03
  -1.5560394e-02  -2.9799787e-01  -8.2862448e-02   2.0791962e-03   2.4795166e-04   2.0080479e-03
  -1.5717718e-02  -3.1007854e-01  -5.5977801e-02   2.6253428e-03   2.0354444e-04   2.0111941e-03
  -2.4002819e-02  -3.2437293e-01  -6.7748322e-02   2.0026828e-03   2.9001999e-04   1.7438265e-03
  -2.1819596e-02  -3.0937586e-01  -7.1184703e-02   1.4059947e-03   2.5144475e-04   1.8484689e-03
  -1.3849799e-02  -3.4057434e-01  -4.2187267e-02   1.8505108e-03   1.6458770e-04   1.6146309e-03
  -1.2275702e-02  -3.8061891e-01  -3.0101987e-02   2.3752238e-03   1.2965204e-04   1.6710918e-03
  -1.4862078e-02  -3.6620992e-01  -5.1962321e-02   2.4395041e-03   2.0708035e-04   1.8553791e-03
  -1.0652569e-02  -3.7163689e-01  -6.7542917e-02   2.1255362e-03   3.8102483e-05   1.9026038e-03
  -3.8171182e-03  -3.8338159e-01  -3.6855173e-02   2.5257624e-03  -9.6082564e-06   2.0500686e-03
   4.8706967e-04  -3.7352442e-01  -5.5615512e-02   2.2962264e-03  -8.9105566e-05   2.0331101e-03
  -6.5372280e-03  -4.0483494e-01  -7.3465073e-02   2.5670446e-03  -6.3004801e-05   1.8757572e-03
  -5.5949955e-03  -4.0596971e-01  -7.4036921e-02   2.3737412e-03  -4.1503867e-05   1.9676640e-03
  -6.9587149e-03  -4.1794951e-01  -5.5172853e-02   2.7092479e-03  -2.7263650e-06   2.0665302e-03
  -1.3143903e-02  -4.1931673e-01  -6.0587878e-02   2.8764340e-03   4.5633521e-06   1.9669024e-03
  -1.0480133e-02  -3.9543896e-01  -7.2693357e-02   1.8938930e-03  -1.6826994e-04   1.8100645e-03
  -1.4757718e-02  -4.0034724e-01  -7.0044905e-02   1.8291100e-03   2.6253149e-04   1.9900136e-03
  -1.2317675e-02  -4.0296326e-01  -7.9431209e-02   3.1566586e-03   1.8667607e-04   2.0817360e-03
  -1.1975841e-02  -4.1068624e-01  -7.9693878e-02   2.2457997e-03   7.4402553e-05   1.8617177e-03
  -1.5415095e-02  -3.9897164e-01  -1.0353884e-01   1.2994384e-03   5.3166008e-05   1.7860558e-03
  -1.5944374e-02  -4.1007300e-01  -1.0350468e-01   1.9240471e-03   9.6994809e-05   1.9895375e-03
  -4.7348498e-03  -4.2931030e-01  -1.0303858e-01   2.6823111e-03  -5.2763847e-05   1.9148524e-03
  -1.7640560e-02  -4.1959337e-01  -1.0632648e-01   2.4841210e-03   1.2993072e-04   1.8013312e-03
  -1.7964243e-02  -4.2958273e-01  -1.0526164e-01   1.8210442e-03   2.7755011e-04   1.7669892e-03
  -3.1814604e-02  -4.2078370e-01  -2.3442716e-01   2.1279432e-03   7.7019321e-04   1.6477901e-03
  -2.5674464e-03  -5.7014504e-01  -8.3046429e-01   8.0338021e-03  -7.0803158e-04   1.9301385e-03
  -3.2244660e-03  -4.5539001e-01  -2.6166709e-01   2.2551614e-03  -4.2765739e-04   1.4737563e-03
  -2.1224943e-02  -4.6068977e-01   2.8235070e-02   8.8738039e-04   1.0167960e-04   1.7308208e-03
  -1.2586424e-02  -4.4895068e-01   3.2122130e-02   1.7376630e-03  -1.5163527e-05   1.9161667e-03
  -2.5081055e-03  -4.3146136e-01   2.2771763e-02   1.2445965e-03  -1.7812438e-04   2.0873941e-03
  -1.1236782e-02  -4.7489972e-01   3.0580092e-02   5.5991494e-04   4.6857509e-05   1.7710526e-03
  -4.6398334e-02  -3.8337130e-01  -1.0688803e-01   6.9995413e-05   3.3877223e-04   3.3782581e-03
  -5.0926604e-02  -4.8626133e-01   9.5001238e-02   5.6891756e-04   5.1399979e-04   1.6838590e-03
  -2.9837935e-02  -4.7519008e-01   8.4861255e-02   7.9974041e-04   5.6698437e-04   1.6840567e-03
  -1.6324472e-02  -4.6353595e-01   5.3355378e-02   1.2954834e-03   2.4417767e-04   2.1753030e-03
  -9.3215015e-03  -5.2314667e-01   7.4547303e-02   1.6385614e-03  -2.0465811e-06   2.0136510e-03
  -9.8075340e-03  -5.1367586e-01   8.1037949e-02   1.1618274e-03  -1.3384590e-04   2.3889900e-03
  -1.3647591e-02  -5.4007801e-01   6.6838371e-02   8.5503335e-04  -1.9801033e-04   2.1902858e-03
  -6.7985679e-03  -5.4070770e-01   7.4869938e-02   1.1219085e-03  -2.7683470e-04   2.3188147e-03
  -8.9374176e-03  -5.5558936e-01   9.9792256e-02   1.7149380e-03  -1.5272254e-04   1.6203978e-03
  -1.3839284e-02  -5.8748023e-01   1.0272798e-01   9.6852599e-04   2.7769715e-04   2.3225742e-03
  -5.6725085e-03  -6.0005973e-01   1.2067699e-01   2.0258198e-03   2.2344793e-04   2.4329776e-03
  -6.8705127e-03  -5.9993773e-01   1.3420918e-01   1.1617247e-03   1.9987078e-04   2.3375477e-03
  -1.0867991e-02  -5.7903766e-01   6.6514807e-02   4.5012939e-04   6.3798940e-05   2.2664370e-03
  -3.5612313e-03  -5.5038973e-01   5.0968415e-02   1.1704248e-03   1.1661627e-04   2.2976570e-03
   8.5792295e-04  -5.8510036e-01   5.8342168e-02   1.4350648e-03  -9.7240638e-05   2.3792262e-03
  -2.0860471e-02  -6.2324762e-01   1.8774237e-02   1.9548665e-03   2.4848312e-04   2.6307187e-03
  -3.9869704e-02  -6.2099296e-01  -1.2910714e-01   1.7491009e-03   1.7484393e-03   2.7773696e-03
  -2.1192874e-01  -1.4296035e+00  -6.1531265e-01   2.7293860e-02   5.7759384e-03   7.4466003e-03
   2.4950678e-02  -6.1088525e-01   3.9087339e-02   5.2080553e-04  -2.8372541e-03   3.4597435e-03
   2.6144584e-02  -5.8110559e-01   1.3613136e-02   1.0221030e-03  -2.6839061e-03   2.8771683e-03
   3.2231784e-02  -6.0398013e-01   7.4742542e-02   1.7586391e-03  -2.7174652e-03   3.1704014e-03
   3.0827661e-02  -6.1075772e-01   7.2849768e-02   1.3406386e-03  -2.4955073e-03   3.0936391e-03
   2.7144521e-02  -6.0630516e-01   2.8425674e-02   1.8378355e-03  -2.6883400e-03   2.7205026e-03
   2.7766914e-02  -6.0423052e-01   5.2882215e-02   8.2410263e-04  -2.6983236e-03   3.0344590e-03
   2.6733495e-02  -6.2356187e-01   6.5902548e-02   1.9644130e-03  -2.3574102e-03   2.5021799e-03
   2.4865518e-02  -6.0364765e-01   2.2593320e-02   1.4436071e-03  -2.3513779e-03   3.0763885e-03
   3.9858812e-02  -5.9509843e-01  -2.5149718e-03   1.0444990e-03  -2.8136010e-03   4.0479111e-03
   3.9488343e-02  -6.0664135e-01   1.3409855e-01   1.5205751e-03  -2.2788509e-03   3.2062463e-03
   8.9423689e-02  -6.9415065e-01   5.8744383e-01   5.4892616e-03   2.1762398e-03   6.8410022e-03
  -3.2560110e-03  -8.6618950e-01   3.7945738e-01   2.1334080e-03  -3.8396358e-04   5.2398445e-03
  -8.7267790e-02  -6.3887538e-01   2.5717204e-01   2.5381933e-03   7.5382789e-04  -1.5999756e-04
  -8.4138261e-02  -6.4006405e-01   2.2272652e-01   1.7956249e-03   9.7566319e-04  -1.9429391e-04
  -8.3535107e-02  -6.8435430e-01   2.3169159e-01   2.3810348e-03   1.2143574e-03  -1.2033581e-03
  -7.5434366e-02  -6.3642700e-01   2.8591729e-01   2.5322907e-03   1.1061920e-03   2.3397380e-04
  -7.8478736e-02  -6.7791708e-01   3.3436233e-01   1.4940083e-03   1.0881343e-03   3.0263878e-04
  -6.1567565e-02  -7.0181605e-01   3.1316894e-01   8.6848581e-04   6.8735163e-04   7.5900122e-04
  -4.0759804e-02  -6.8369062e-01   2.3303065e-01   1.0694542e-03   2.2345428e-04   1.0480451e-03
  -4.4188342e-02  -7.0063989e-01   2.6311575e-01   8.7221327e-04   2.9169314e-04   8.0604951e-04
  -1.2461758e-01  -6.6492735e-01  -5.3344526e-01  -4.5262032e-04   5.3628510e-05   5.4064699e-04
  -9.1032208e-02  -5.7521262e-01  -1.6002753e+00   5.4020101e-03   3.2586651e-03   1.7605570e-03
  -2.2693113e-01  -6.9622950e-01  -1.3866295e+00   9.3497428e-03   7.7552123e-03   4.9291299e-03
  -2.3415329e-01  -8.4640156e-01   3.4274836e-02   4.1424052e-03   3.1828719e-03   3.3491014e-03
  -2.7049311e-01  -9.1293567e-01  -3.7729134e-01   1.2443453e-02   3.4748687e-03   2.7222958e-03
  -2.3254117e-01  -8.7526573e-01   2.6649086e-01   5.6526138e-03   2.0182830e-03  -1.5717825e-03
  -2.0266707e-01  -7.5031718e-01   1.7314349e-01   3.7868527e-03   6.1378405e-04   1.1847998e-03
  -1.8742839e-01  -7.0609831e-01   1.8429385e-01   2.6706724e-03  -1.8846086e-05   2.1334992e-03
  -2.0501765e-01  -7.3723999e-01   2.5587049e-01   2.3036403e-03   2.2510244e-04   2.3675777e-03
  -2.2390871e-01  -7.2422589e-01   1.6947496e-01   2.5243454e-03   6.1902753e-04   1.9943646e-03
  -2.1063218e-01  -7.3833542e-01   7.7233134e-03   2.1626491e-03   1.1633808e-03   2.4660117e-03
  -2.4820375e-01  -7.3571833e-01   3.5658291e-01  -1.5743302e-03   2.1461137e-03   2.4804503e-03
  -2.6561569e-01  -7.5754548e-01   5.0459675e-01   1.4813700e-03   2.5230516e-03   2.5763000e-03
  -2.4779016e-01  -7.4413770e-01   3.6702820e-01   1.4363436e-03   2.2832538e-03   2.9965719e-03
  -2.0621830e-01  -7.5130287e-01   3.3460328e-01   6.7075020e-04   2.3238401e-03   4.4197535e-03
  -2.4031184e-01  -7.0461147e-01   3.2067717e-01  -2.5079666e-04   2.7370723e-03   3.4372143e-03
  -2.3315104e-01  -7.1831732e-01   2.9104509e-01  -9.4098490e-04   2.6139905e-03   4.0047142e-03
  -2.3642002e-01  -7.2112173e-01   2.6321397e-01  -1.8698111e-04   2.5348622e-03   4.2532576e-03
  -2.3294841e-01  -7.2789898e-01   2.8599377e-01   6.0448988e-04   2.4639775e-03   3.9931910e-03
  -2.3118781e-01  -7.2025237e-01   2.7179988e-01  -9.9212641e-04   1.9085148e-03   3.5248071e-03
  -2.4790415e-01  -7.1969701e-01   3.2174765e-01  -7.6119464e-04   2.2042292e-03   2.9889300e-03
  -2.3667892e-01  -7.2847321e-01   2.8163405e-01  -2.1710508e-04   1.6448253e-03   3.0731192e-03
  -2.4258474e-01  -7.3626161e-01   2.7423800e-01  -8.6787840e-04   1.5877909e-03   2.3795445e-03
  -2.4140818e-01  -7.4981753e-01   3.2002569e-01  -6.0188689e-04   1.5501721e-03   2.8014489e-03
  -2.3785984e-01  -7.6643010e-01   2.8405885e-01  -2.5098345e-04   1.4193971e-03   2.8809322e-03
  -2.3028790e-01  -7.5924161e-01   2.5213868e-01  -5.5413244e-04   1.0779790e-03   2.9747897e-03
  -2.4301695e-01  -7.5929862e-01   2.8652884e-01  -3.5354832e-04   1.3963106e-03   2.8309351e-03
  -2.4268099e-01  -7.8164565e-01   2.8771581e-01  -2.0535448e-04   1.3566365e-03   2.4743197e-03
  -2.4618853e-01  -7.1751986e-01   2.5838552e-01  -1.1172302e-03   1.3359914e-03   2.4935935e-03
  -2.3219330e-01  -7.9464594e-01   2.8089062e-01   3.7615594e-04   1.1296794e-03   2.9723926e-03
  -2.3801259e-01  -8.2294489e-01   3.1022589e-01  -2.7773405e-04   1.4215925e-03   2.8638262e-03
  -2.1644204e-01  -8.0700572e-01   2.5725632e-01  -6.1671199e-04   9.9457994e-04   3.1727183e-03
  -2.2424109e-01  -7.8883371e-01   2.8199384e-01  -7.2164242e-04   1.1144641e-03   3.0776313e-03
  -2.2956058e-01  -7.9804218e-01   2.6208515e-01  -6.2794437e-04   1.0557569e-03   2.8924571e-03
  -2.1713090e-01  -7.9162703e-01   3.2227830e-01  -2.2174126e-03   7.3139410e-04   2.9158498e-03
  -2.2803787e-01  -7.6700907e-01   3.3417034e-01  -1.0679651e-03   8.4728957e-04   2.9855245e-03
  -2.3438238e-01  -7.6588853e-01   4.1983153e-01  -1.8081743e-03   8.6009886e-04   3.0539098e-03
  -2.3046851e-01  -7.9550681e-01   4.9958879e-01  -1.2539299e-03   6.1099793e-04   3.0487000e-03
  -2.4052394e-01  -7.9194939e-01   4.6073228e-01  -7.8933166e-04   6.2389619e-04   2.9282602e-03
  -2.3820357e-01  -8.1118874e-01   4.1470459e-01  -1.5950628e-03   3.4573331e-04   2.7345461e-03
  -2.6209990e-01  -8.1458044e-01   4.0667208e-01  -2.1460894e-03   6.4837955e-04   2.3543178e-03
  -2.4198803e-01  -8.2999787e-01   4.2784143e-01  -1.8205193e-03   2.2681839e-04   2.9819034e-03
  -2.2328719e-01  -7.8050986e-01   5.5266444e-01  -5.5990258e-03  -1.3400208e-03   3.6613006e-03
  -2.6962092e-01  -7.9994361e-01   4.4933165e-01  -4.4148390e-03  -7.1619806e-04   2.1146109e-03
  -2.9031604e-01  -7.9197736e-01   4.0695908e-01  -5.1995671e-03  -4.2800650e-04   1.2119092e-03
  -2.7347426e-01  -7.8821935e-01   4.9517177e-01  -4.3499653e-03  -1.7948328e-04   2.0141506e-03
  -2.6704214e-01  -8.2257644e-01   5.1495956e-01  -4.4570923e-03   6.4674627e-05   2.0567265e-03
  -2.5268054e-01  -8.2509911e-01   4.6686789e-01  -3.9487032e-03  -1.3311024e-04   2.7236667e-03
  -2.5822279e-01  -8.4552841e-01   4.8591782e-01  -4.3128217e-03  -1.1667933e-05   2.4298950e-03
  -2.5160871e-01  -8.6058385e-01   5.2430590e-01  -3.2636903e-03  -7.9294013e-05   2.5310822e-03
  -2.4866568e-01  -8.6568632e-01   4.8218458e-01  -4.2239229e-03  -3.8395532e-04   2.6828471e-03
  -2.6044501e-01  -8.6893150e-01   5.0083680e-01  -4.1806800e-03   5.9976317e-05   2.5886048e-03
  -2.5163630e-01  -8.9011287e-01   5.0862821e-01  -3.5017550e-03  -1.3528683e-04   2.5375796e-03
  -2.4555504e-01  -8.7396358e-01   4.9244720e-01  -4.2328171e-03  -2.3026236e-04   2.7485109e-03
  -2.5392678e-01  -8.8685957e-01   5.0849137e-01  -4.3007867e-03  -9.4405337e-05   2.5841305e-03
  -2.5656101e-01  -8.8249962e-01   5.2630091e-01  -4.2661457e-03  -1.8115787e-05   2.4289277e-03
  -2.3591798e-01  -8.9526836e-01   4.9309245e-01  -3.7538619e-03  -5.2693653e-04   2.6932100e-03
  -2.4825340e-01  -8.8638508e-01   4.7601380e-01  -4.4342236e-03  -3.5455785e-04   2.5622851e-03
  -2.6233823e-01  -8.7918031e-01   4.4880149e-01  -4.5438566e-03  -9.0914982e-05   2.4995067e-03
  -2.5730528e-01  -8.9121143e-01   4.8856587e-01  -3.7446461e-03  -2.3620854e-04   2.3945342e-03
  -2.6267209e-01  -9.0853566e-01   4.7234743e-01  -3.5230595e-03  -1.0717348e-04   2.4146292e-03
  -2.6614284e-01  -9.0665715e-01   4.4397330e-01  -4.3627044e-03  -1.3442290e-04   2.3307589e-03
  -2.8756446e-01  -1.0083722e+00  -1.7090665e-01   1.6168210e-03  -1.7082689e-04   2.1455044e-03
  -3.1599903e-01  -9.8167124e-01  -2.2325424e-01   6.2972600e-04   1.0785964e-03   1.9955584e-03
  -3.6039638e-01  -1.0271453e+00  -2.4295937e-01   2.5772942e-03   2.2565818e-03   4.5988685e-03
  -3.3878066e-01  -1.0190628e+00  -6.3537286e-01   6.1586982e-03   1.8488555e-03   3.9086158e-03
  -3.4227918e-01  -9.1629068e-01   1.0164937e-01  -4.1105457e-03   1.5302376e-03   3.2163527e-03
  -3.6238138e-01  -8.9868956e-01   2.8887619e-01  -4.2153509e-03   1.3996881e-03   1.9978048e-03
  -3.3467086e-01  -8.9159955e-01   2.6234421e-01  -4.8808997e-03   4.9336099e-04   1.9573983e-03
  -3.1959490e-01  -8.8976761e-01   2.6289304e-01  -4.7312946e-03   2.8966079e-04   1.7567961e-03
  -3.1211041e-01  -9.1871985e-01   2.2825464e-01  -4.2426646e-03  -1.4619262e-04   1.6972800e-03
  -2.9834240e-01  -8.8346949e-01   2.5656514e-01  -6.5347908e-03  -3.0574539e-04   1.6780054e-03
  -3.1167990e-01  -9.2089216e-01   2.5220157e-01  -5.7450510e-03   1.7495058e-04   1.4087445e-03
  -3.0910069e-01  -9.0261937e-01   1.4909637e-01  -5.1368864e-03   8.9297069e-06   1.4694404e-03
  -3.0886693e-01  -8.8899457e-01   2.2838827e-01  -5.7588932e-03  -1.2614490e-04   1.4986060e-03
  -3.1359191e-01  -9.0845968e-01   2.0819803e-01  -5.2031209e-03  -9.9095612e-05   1.1749995e-03
  -3.4770448e-01  -9.0866756e-01   2.4714118e-01  -6.1729316e-03  -2.8171220e-03  -1.0107284e-03
  -3.5116754e-01  -9.1022697e-01   2.2835039e-01  -5.9078153e-03  -7.9626042e-04  -7.4982761e-04
  -3.4314451e-01  -9.1714790e-01   2.2247849e-01  -4.9020886e-03  -5.1638561e-04  -6.1652041e-04
  -3.6324271e-01  -9.0167482e-01   2.5273033e-01  -6.4412157e-03   6.2114435e-04  -2.3617455e-05
  -3.3440756e-01  -9.3450206e-01   2.1450231e-01  -5.9923299e-03  -3.2029195e-04   4.0708479e-04
  -3.2925881e-01  -9.4133887e-01   2.2550841e-01  -5.7315275e-03  -4.1786719e-04   2.3783049e-04
  -3.2617068e-01  -9.3341216e-01   2.2721061e-01  -5.7819135e-03  -2.5143835e-04   3.4432420e-04
  -3.6379924e-01  -1.3235400e+00   2.4304377e-01   3.5080868e-03   1.0537696e-03   3.1538101e-03
  -3.5704228e-01  -1.0904722e+00   5.1445322e-01  -6.8844977e-03   1.5450399e-03   1.7223960e-03
  -3.6839247e-01  -1.0073591e+00   3.3733192e-01  -6.8033687e-03   2.5613990e-03   2.5189186e-03
  -3.2709740e-01  -1.1417775e+00   1.3979495e-01  -3.1605189e-04   4.5187852e-04   2.0424010e-03
  -2.8680346e-01  -1.0324420e+00   3.5299691e-01  -4.4133938e-03  -8.2742159e-04   2.4486217e-03
  -3.1157115e-01  -1.0055521e+00   3.1608081e-01  -5.2244162e-03  -7.3705766e-04   8.6803348e-04
  -3.1583703e-01  -1.0173592e+00   3.4012517e-01  -3.9488899e-03  -6.7475354e-05   1.5900675e-03
  -3.1569864e-01  -1.0585137e+00   3.2512136e-01  -3.3873693e-03  -4.4099400e-05   2.0259959e-03
  -3.0549287e-01  -1.0322575e+00   3.3420210e-01  -5.7761234e-03  -2.5873195e-04   1.6359303e-03
  -2.7692146e-01  -1.0723343e+00   7.4064676e-01  -4.1434288e-03   1.1851933e-03  -1.7263310e-03
  -2.1877079e-01  -1.3386542e+00   1.1505579e+00  -4.3567215e-03  -2.2396175e-03   9.2568015e-04
  -1.8250367e-01  -1.2613117e+00   7.0667949e-01  -3.9652359e-03  -2.7683648e-03   2.5855004e-03
  -7.1893461e-02  -1.2524871e+00   7.3117212e-01  -2.6471959e-03  -4.9236685e-03   5.6230314e-03
  -8.3649174e-03  -1.2765355e+00   8.1974648e-01  -2.1719655e-03  -5.4752967e-03   6.1689697e-03
  -1.2963135e-01  -1.3026124e+00   8.3478305e-01  -1.8498303e-03  -3.0804596e-03   3.7081322e-03
  -1.7778692e-01  -1.1696411e+00   6.4451162e-01  -4.0764443e-03  -2.3484550e-03   8.3765054e-04
  -1.7299442e-01  -1.1479605e+00   6.7762334e-01  -4.0755366e-03  -1.8900951e-03   5.1372336e-04
  -1.6432873e-01  -1.1691916e+00   7.9661526e-01  -3.4429398e-03  -1.4385690e-03   3.3970555e-04
