   0.0000000e+00   0.0000000e+00  -7.1054274e-15   0.0000000e+00   0.0000000e+00   0.0000000e+00
   2.4919092e-02  -1.0448865e-02   3.6669722e-03   2.8330366e-04  -4.8711245e-04   7.3875021e-04
   7.7224581e-03  -9.3771131e-03  -3.0937383e-02   8.4342433e-04  -3.9616240e-04   2.8764964e-04
   2.6211366e-02   9.3992287e-03  -1.5457200e-02   5.2899269e-04  -5.9353782e-04   7.7071399e-04
   1.2103477e-02  -3.3795138e-03  -2.0706337e-02   8.3862706e-04  -3.6953535e-04   4.8278430e-04
   3.9885926e-03   1.7305305e-02  -2.5797009e-02   1.7573201e-04  -1.8805803e-04   3.7489881e-04
  -5.2545319e-03   1.7490450e-02  -4.8980878e-02   8.4186756e-04   7.7346858e-05  -6.3826841e-05
   6.3765770e-03  -4.3860083e-03  -4.7088798e-02  -1.7166393e-06  -4.8272118e-05   2.7875977e-05
   7.4886268e-03  -2.8356259e-02  -2.1906115e-02   2.1328121e-04  -1.9063052e-05   1.9826540e-05
   1.6596372e-03  -5.1696845e-02  -3.4524410e-02   2.5834549e-04   2.2959898e-04  -4.8294451e-05
  -1.6419263e-03  -5.2458937e-02  -3.8375771e-02   4.2814186e-04   3.0547065e-04  -1.5125531e-04
  -1.7259781e-02  -5.9890723e-02  -2.5793297e-02   5.3387432e-04   6.8788550e-04  -4.2594261e-04
   3.0570564e-02  -6.3362843e-02  -2.4453534e-02   1.1303756e-03  -6.4137937e-04   8.5642152e-04
   1.6200797e-03  -9.0979542e-02  -1.4426236e-03   7.1096251e-04   3.6169128e-05  -2.8113138e-05
   1.7460118e-03  -7.5436143e-02  -2.7663118e-02   1.0163810e-03   1.1896804e-04   9.1243996e-05
  -4.5239136e-03  -1.0201050e-01  -1.8874903e-02   3.7648995e-04   4.7195579e-04  -3.3104735e-04
   1.3446325e-02  -6.8407178e-02  -2.7611254e-02   1.3975033e-03  -2.1216700e-04   4.4528481e-04
   1.4982844e-02  -7.1231712e-02  -3.0373526e-02   1.4387531e-03  -2.4742809e-04   1.2378585e-04
   1.4666354e-02  -8.4284158e-02  -4.7025419e-02   2.0549082e-03  -2.7021157e-04   4.0322904e-04
   1.0639933e-02  -6.6440455e-02  -3.5643302e-02   1.6759866e-03  -2.9141591e-04   3.9235786e-04
  -5.8887621e-03  -7.4984430e-02  -3.6673501e-02   2.0163159e-03   8.0622136e-05  -3.8596894e-05
   1.9580270e-02  -8.2930219e-02  -4.3334761e-02   1.2649130e-03  -5.3629352e-04   4.5201501e-04
   1.8059446e-02  -6.5845712e-02  -7.8120257e-02   1.3963266e-03  -3.1319296e-04   2.2410949e-04
   1.2964885e-02  -6.4109186e-02  -6.5267353e-02   6.6365304e-04  -2.0038660e-04  -2.2052625e-06
   1.0357505e-02  -5.7110138e-02  -7.6276876e-02   1.1425377e-03  -2.2790186e-04   1.3543698e-04
   4.3004992e-03  -7.6045890e-02  -5.8172561e-02   8.7633926e-04  -7.8775701e-06  -9.4935895e-05
   1.7956882e-02  -8.8522168e-02  -6.9087423e-02   1.6833678e-03  -2.4132192e-04   2.2708545e-04
   1.2138350e-02  -9.7692382e-02  -5.2656934e-02   1.0557901e-03   2.1316476e-04  -6.2122929e-05
   1.4870034e-02  -1.1241662e-01  -5.9008472e-02   2.0724068e-03  -8.3926752e-05   2.2331963e-04
   2.3507774e-02  -1.0233604e-01  -3.5352242e-02   1.6102679e-03  -3.5103120e-04   4.7418739e-05
   2.7668390e-02  -1.1314454e-01  -4.7787060e-02   1.9326622e-03  -5.6015922e-04   4.9758983e-04
   1.0593402e-03  -1.0223304e-01  -2.5128524e-02   1.8559603e-03  -4.7462768e-04   1.4419155e-04
   1.1701576e-02  -1.2761792e-01  -2.4748722e-02   1.4808027e-03  -6.7703424e-04   1.7993294e-04
  -9.8278613e-03  -1.6202130e-01  -4.1863551e-02   1.6746207e-03   1.0531699e-05  -2.6945887e-04
  -1.4842784e-03  -1.5502709e-01  -2.3698444e-02   1.3719675e-03  -1.0429215e-05  -3.1835878e-04
   1.9191747e-02  -1.5074861e-01  -6.8652254e-02   2.0580741e-03  -4.5610258e-04   4.8933120e-04
   1.9488785e-02  -1.6812446e-01  -3.4530110e-02   1.5512749e-03  -7.0883094e-04   6.6366794e-05
   1.8315883e-02  -1.9224236e-01  -2.8755557e-02   1.7258101e-03  -4.5850471e-04  -1.2308005e-04
   4.1187268e-03  -1.8118082e-01  -1.8452406e-02   7.2243440e-04   5.2854653e-05  -3.3310760e-04
   3.6216173e-02  -1.7632456e-01  -3.8958553e-02   1.9780193e-03  -7.7416426e-04   5.8839652e-04
   1.7366601e-02  -2.1602728e-01  -1.6297342e-02   1.0595847e-03  -3.1129113e-04   3.8588333e-05
   2.3782122e-02  -2.2897619e-01  -1.2788276e-02   2.0403602e-03  -3.7117016e-04   6.0044363e-05
   3.5655546e-03  -2.4481777e-01  -2.0144022e-02   1.3839202e-03   8.2373772e-05  -2.5635209e-04
   4.1328937e-02  -2.2198942e-01  -2.2153991e-02   2.5257219e-03  -8.8826600e-04   6.9799153e-04
   3.3048983e-02  -2.1282783e-01  -2.7648038e-03   1.9656907e-03  -1.0235965e-03   3.9731837e-04
   3.0832937e-02  -2.0848228e-01  -3.6865372e-02   2.4535630e-03  -9.5579862e-04   3.6727870e-04
   3.4372996e-02  -2.0648804e-01  -1.3674787e-02   1.7990732e-03  -1.0942719e-03   4.2001846e-04
   1.0705358e-02  -2.2524426e-01  -2.5716332e-02   2.3463741e-03  -4.7709743e-04  -1.2114856e-04
   9.0921897e-03  -2.1094772e-01  -9.2223142e-03   1.3226148e-03  -4.1080096e-05  -6.5778716e-04
   9.5125531e-03  -1.9376693e-01  -8.1893386e-02   1.9841856e-03   2.2618911e-04  -8.4681962e-04
   2.4172524e-02  -2.1297274e-01  -3.7905231e-02   1.0296527e-03  -1.0433529e-04  -6.8132480e-04
   2.1811735e-02  -1.8600589e-01  -5.5042371e-02   1.2933746e-03  -7.6573902e-04  -1.6089006e-04
   2.5823510e-02  -1.9727565e-01  -3.4839670e-02   7.7008850e-04  -9.3484002e-04  -4.2323472e-04
   1.0137355e-02  -1.8619414e-01  -6.3300647e-02   1.7708490e-03  -5.9314864e-04  -3.3434733e-04
   2.2193212e-02  -2.1123145e-01  -2.5929701e-02   1.1109616e-03  -7.6487583e-04  -3.6886548e-04
   7.6438464e-03  -2.2873222e-01  -1.5544211e-02   1.5603391e-03  -6.7046411e-04  -3.2677121e-04
   1.2180994e-02  -2.7422692e-01  -2.0052663e-02   3.7705826e-04  -5.7386017e-04  -3.3672773e-04
   2.8707572e-02  -2.6088724e-01  -3.5679125e-02   1.8412931e-03  -7.9574223e-04  -1.1385080e-04
   2.6085352e-02  -2.8683870e-01  -2.9799354e-03   1.3566011e-03  -7.1816086e-04  -1.1335184e-04
   3.3076332e-02  -2.9423980e-01  -3.3172887e-02   2.3705784e-03  -6.1781506e-04  -2.6950704e-04
   5.3120007e-02  -2.3464579e-01   4.2629044e-02   1.3442091e-03  -1.1294130e-03   8.0640835e-04
   3.7278942e-02  -3.0661305e-01   3.0101864e-02   1.6693445e-03  -8.3720003e-04  -3.3831062e-04
   2.9957409e-02  -3.0395526e-01   1.8279164e-02   9.7833265e-04  -6.3725019e-04  -3.6158511e-04
   5.1224645e-02  -2.8905755e-01  -2.2372119e-02   1.9412587e-03  -1.1147359e-03   3.5363550e-04
   5.0832844e-02  -3.2628589e-01   5.0953039e-03   1.9239972e-03  -8.3107644e-04   2.5195049e-04
   4.8064541e-02  -3.4126729e-01  -2.4086189e-02   1.9757358e-03  -8.6932456e-04  -3.6734059e-04
   3.2290926e-02  -3.3127221e-01  -5.1762988e-05   1.1126569e-03  -7.5632763e-04  -4.0173671e-04
   4.1621140e-02  -3.1666991e-01  -2.0636486e-02   1.5874141e-03  -1.0589211e-03  -1.3193967e-04
   5.1713613e-02  -3.3402645e-01  -1.0151641e-02   1.4478417e-03  -9.1892553e-04  -2.5808396e-04
   5.2223143e-02  -3.3369441e-01  -2.1278836e-02   1.1658143e-03  -1.0281384e-03  -6.8904172e-04
   3.3969283e-02  -3.4085054e-01  -3.6220557e-02   1.2058762e-03  -6.8178821e-04  -5.0245251e-04
   3.4524862e-02  -3.4954212e-01  -3.1312185e-02   1.2670860e-03  -3.7626752e-04  -5.6200093e-04
   6.0519764e-02  -3.5711029e-01  -7.6839370e-02   2.3117665e-03  -7.4985652e-04  -2.1939122e-04
   6.4069349e-02  -3.7150138e-01  -3.0535636e-02   1.4584300e-03  -9.5899914e-04  -5.0155692e-04
   6.0413135e-02  -3.7070321e-01  -3.4313868e-02   1.5173268e-03  -9.3876971e-04  -5.9056082e-04
   6.7477813e-02  -3.9145612e-01  -1.1222069e-03   9.9408109e-04  -9.9969052e-04  -1.4167133e-04
   7.8066570e-02  -3.9977947e-01   8.0100273e-03   2.2683584e-03  -1.0724158e-03   7.4073693e-04
   4.4451962e-02  -4.1503189e-01   3.2141806e-02   1.9665094e-03  -3.2708258e-04  -1.8901915e-04
   6.5209303e-02  -4.2585062e-01   2.4247401e-02   3.1547884e-03  -1.1593748e-03   6.3742651e-04
   8.1859812e-02  -4.2476104e-01   1.4706273e-02   2.3029487e-03  -1.5298111e-03   6.5411074e-04
   7.1044794e-02  -4.1894171e-01  -3.1925888e-03   3.0967294e-03  -1.5199290e-03   4.9076103e-04
   7.8945645e-02  -4.3648361e-01   5.9362335e-03   1.5350575e-03  -1.4993419e-03   2.0034649e-04
   3.7474036e-02  -4.3981011e-01   1.4037498e-02   2.3243259e-03  -5.3040353e-04  -4.5951518e-04
   2.2667950e-02  -4.3127269e-01  -6.7537346e-03   2.6154672e-03  -5.4017736e-04  -4.6187864e-04
   5.3583343e-02  -4.4574639e-01  -9.7449324e-03   2.3016772e-03  -1.2299139e-03   1.7176953e-04
   3.1125680e-02  -4.0658698e-01   3.1244771e-02   3.4392539e-03  -9.7656915e-04   1.8447467e-04
   2.5509225e-02  -4.4855916e-01   2.5347844e-02   2.1912041e-03  -9.5676248e-04   5.3424211e-05
   1.4632584e-02  -4.4973827e-01   3.8377714e-02   3.2418051e-03  -6.7829501e-04  -2.2194024e-05
   3.1099279e-03  -4.6117790e-01   4.6161417e-02   2.8464298e-03  -2.4473596e-04  -5.3784525e-04
   3.3174714e-02  -4.4701454e-01  -7.2247109e-03   3.5493920e-03  -1.3632468e-03   1.2831677e-04
   7.0395624e-02  -4.3902478e-01  -1.3571466e-02   2.9825971e-03  -1.8716795e-03   6.8327096e-04
   5.8369504e-02  -4.9630595e-01   2.6057160e-02   2.4492083e-03  -1.1826411e-03   1.1450924e-04
   6.5518157e-02  -5.0113168e-01   1.7024541e-02   2.0887014e-03  -1.3343092e-03  -1.3297134e-04
   5.2935873e-02  -4.9663689e-01   1.6006116e-02   2.0511900e-03  -7.9977071e-04  -3.1320719e-05
   4.8413060e-02  -5.0144125e-01   6.0211865e-02   1.7154187e-03  -9.2610926e-04  -1.7142591e-04
   5.3092881e-02  -5.1189877e-01   1.5870982e-02   2.4622190e-03  -8.4210649e-04  -1.5095413e-05
   3.6866174e-02  -4.9604451e-01   2.3824715e-02   1.3343777e-03  -7.7890773e-04   7.9391977e-05
   2.8731026e-02  -4.8823504e-01  -1.5762037e-02   2.1854201e-03  -9.2881010e-04  -2.2442651e-04
   2.2076437e-02  -4.9029932e-01   2.1181474e-02   2.3368566e-03  -7.7448181e-04   3.3115856e-05
   6.6521609e-02  -5.2295007e-01  -2.9728328e-02   2.1148742e-03  -9.0218482e-04  -1.0045497e-04
   7.0976814e-02  -5.3404971e-01  -3.0891836e-02   1.9705478e-03  -9.4536334e-04   5.8717711e-05
   7.2403728e-02  -5.5048654e-01  -3.0266559e-02   2.2965460e-03  -1.1473515e-03  -2.1810266e-04
   7.9513487e-02  -5.6847097e-01  -3.8848700e-02   2.4913775e-03  -1.5772972e-03  -5.2140232e-04
   7.1755904e-02  -5.6735265e-01  -3.8612597e-02   2.6692921e-03  -1.5720352e-03  -8.7252633e-04
   6.1230173e-02  -5.6768253e-01  -3.2331482e-02   2.8026470e-03  -1.4770197e-03  -7.1615998e-04
   7.0027624e-02  -5.9663029e-01  -5.9542657e-03   2.2662980e-03  -1.5350403e-03  -4.7199030e-04
   4.4350319e-02  -5.9680364e-01  -1.6685256e-02   3.0302094e-03  -9.0472905e-04  -5.6568524e-04
   5.4848638e-02  -5.7944064e-01  -1.0561215e-02   3.1279751e-03  -9.9076593e-04  -7.0942307e-04
   7.0878694e-02  -6.0317067e-01  -2.9943029e-02   4.3106346e-03  -6.2967484e-04  -3.4323950e-04
   1.0758793e-01  -6.1130711e-01  -2.4499959e-02   3.2767514e-03  -1.5565629e-03   3.1910190e-04
   1.0798331e-01  -6.0657768e-01  -4.0141824e-02   3.4384906e-03  -1.7255164e-03   7.2052850e-04
   1.0560748e-01  -6.1581735e-01  -9.2690536e-03   3.0382139e-03  -1.8937844e-03   5.5170901e-04
   8.5185090e-02  -6.7221262e-01  -5.3709348e-02   3.8238364e-03  -1.3557210e-03   2.4732048e-04
   1.0974315e-01  -6.9447903e-01  -1.0186688e-01   2.5125182e-03  -1.1373379e-03  -4.6606873e-04
   1.2141223e-01  -7.0313890e-01  -9.6749429e-02   3.9001243e-03  -1.6379352e-03   8.1705125e-05
   9.5049827e-02  -7.0747138e-01  -9.7857896e-02   3.3816047e-03  -1.0336253e-03  -3.6394410e-04
   1.2246229e-01  -6.9945247e-01  -9.5487292e-02   4.8034689e-03  -1.6973999e-03   3.2037564e-04
   1.0827952e-01  -7.3058264e-01  -7.3844769e-02   4.3603097e-03  -1.3941099e-03   1.1411401e-05
   8.9855341e-02  -7.1317048e-01  -7.3419371e-02   5.5447749e-03  -1.1004584e-03  -3.4335111e-04
   1.1829858e-01  -7.1350393e-01  -2.5355469e-02   5.1658758e-03  -2.0390598e-03   7.4546987e-04
   1.1890738e-01  -7.0362682e-01  -4.1854060e-02   5.7257775e-03  -2.1266677e-03   8.1064318e-04
   1.1998527e-01  -6.8219262e-01  -6.4768978e-02   4.9144950e-03  -2.3272938e-03   7.2199730e-04
   1.1032792e-01  -7.1756745e-01  -4.1136877e-02   4.2462846e-03  -1.9483012e-03   5.0039624e-04
   9.6275429e-02  -7.1171908e-01  -4.9401234e-02   4.3451488e-03  -1.4362235e-03  -3.9806791e-04
   7.0947991e-02  -6.8613928e-01  -5.1241275e-02   4.4175168e-03  -1.2472524e-03  -4.2110476e-04
   8.0494771e-02  -6.8888170e-01  -7.3473193e-02   4.9708240e-03  -1.5228103e-03  -5.2309163e-04
   9.1860774e-02  -7.0220982e-01  -5.1054945e-02   5.1308530e-03  -1.8357909e-03   2.1138086e-04
   1.3113992e-01  -7.3088805e-01  -7.4923727e-02   5.4928588e-03  -2.1881318e-03   5.4276424e-04
   1.2894225e-01  -7.5196099e-01  -6.4771975e-02   5.2039954e-03  -1.8793785e-03   1.0395121e-04
   1.3570101e-01  -7.3438724e-01  -8.9321047e-02   5.8749499e-03  -2.1970250e-03   4.2000101e-04
   1.1318412e-01  -7.3425403e-01  -4.8162289e-02   4.9103336e-03  -2.0963525e-03   4.5009129e-04
   6.2452023e-02  -7.6465582e-01  -2.8659905e-02   5.9247306e-03  -1.0884753e-03  -4.0085655e-04
   9.0589556e-02  -7.5693341e-01  -3.7295082e-02   5.3392874e-03  -1.8253553e-03   6.7430885e-05
   6.1739526e-02  -7.3030312e-01  -2.3571998e-02   6.2780400e-03  -2.1870543e-03   9.0601247e-04
   7.1379948e-02  -7.7897992e-01  -6.0823754e-03   5.5848218e-03  -2.2851895e-03   3.8291044e-04
   5.2319144e-02  -8.0072766e-01   1.6823975e-03   5.8676588e-03  -1.3649211e-03  -5.4215802e-04
   9.3919223e-02  -7.8102111e-01  -1.5195952e-02   5.9957243e-03  -2.6339053e-03   4.1856639e-04
   1.1444865e-01  -7.9007791e-01  -4.9661847e-02   6.4844592e-03  -2.8709834e-03   2.0984917e-05
   1.1035830e-01  -7.8226430e-01  -2.8766170e-02   5.9709386e-03  -2.9614939e-03   3.3816361e-04
   8.7669754e-02  -7.7719473e-01  -7.8540159e-02   6.6152208e-03  -3.3328173e-03   1.0344709e-04
   1.0466952e-01  -7.9741047e-01  -4.4322312e-02   6.1458089e-03  -3.2112413e-03   1.9106343e-04
   1.1102805e-01  -8.0964239e-01  -8.9787146e-02   6.6955852e-03  -2.9095184e-03   3.7944857e-05
   1.1530763e-01  -7.8722947e-01  -6.7054317e-02   5.7582545e-03  -2.6962258e-03  -7.0098193e-05
   1.2862655e-01  -7.7609453e-01  -1.1599923e-01   6.2215329e-03  -3.1020884e-03   3.3523334e-04
   1.0957454e-01  -7.8316419e-01  -3.4811321e-02   5.2590082e-03  -2.8361828e-03   4.3645972e-04
   1.1688976e-01  -8.0780116e-01  -9.4368782e-02   6.3836096e-03  -3.0413768e-03   3.5603324e-05
   1.2256478e-01  -7.9299016e-01  -8.4937336e-02   5.8600440e-03  -2.9962612e-03   1.2010758e-04
   1.3867704e-01  -7.8307731e-01  -1.4876662e-01   6.3514995e-03  -3.5065802e-03   3.4715563e-04
   1.1967736e-01  -8.2069762e-01  -1.0814053e-01   5.0222703e-03  -3.1658306e-03   4.3445455e-04
   1.2675513e-01  -8.3083652e-01  -1.0512304e-01   5.3800417e-03  -3.3060449e-03   2.8092684e-04
   1.0721274e-01  -8.5666889e-01  -1.0774554e-01   5.2587651e-03  -2.7626571e-03  -3.5593352e-05
   1.1898119e-01  -8.3857948e-01  -1.3015989e-01   5.2984256e-03  -2.9120019e-03   4.1274658e-05
   1.0198775e-01  -8.4776212e-01  -1.0121445e-01   5.8199965e-03  -2.7571380e-03  -5.8738689e-05
   1.1805348e-01  -8.4418210e-01  -9.9251324e-02   5.6813955e-03  -3.0228944e-03  -1.2414216e-04
   1.0998765e-01  -8.5436134e-01  -1.0482274e-01   5.9826862e-03  -2.9482441e-03  -1.2056046e-04
   1.2540250e-01  -8.3748663e-01  -8.2184921e-02   4.7375435e-03  -3.1005597e-03   2.9188900e-04
   1.2919954e-01  -8.9668282e-01  -1.4312358e-01   5.7929140e-03  -2.8446506e-03  -1.7009588e-04
   1.4245048e-01  -9.0233914e-01  -1.4573234e-01   4.8966806e-03  -2.5688973e-03  -3.7908350e-04
   7.6719325e-02  -8.7088032e-01  -8.6443179e-02   7.2974247e-03  -9.9449737e-04   1.7990197e-03
   1.5149929e-01  -9.3360578e-01  -6.6548443e-02   3.2450614e-03  -3.2188585e-03   3.7133260e-04
   1.2966047e-01  -9.6105051e-01  -3.6529940e-02   6.0963244e-03  -2.5946390e-03   4.3077585e-04
   1.2655527e-01  -9.6631040e-01  -1.4402419e-02   5.3970711e-03  -2.3548655e-03   4.3906833e-04
   1.4892577e-01  -9.7293207e-01  -9.2057419e-03   6.6243681e-03  -2.6410097e-03   1.1097122e-03
   1.4599585e-01  -9.6453793e-01  -9.0899657e-03   5.9572557e-03  -2.8722393e-03   1.3017067e-03
   1.3357965e-01  -9.7244941e-01  -1.7551460e-02   7.1082241e-03  -2.6246177e-03   1.3041956e-03
   1.5271321e-01  -9.7125301e-01   1.4201695e-02   6.7198553e-03  -2.9786834e-03   1.1545759e-03
   1.5911255e-01  -9.7227695e-01  -5.0625952e-02   7.2699665e-03  -2.9787648e-03   1.4019224e-03
   1.5730152e-01  -9.7804214e-01  -3.7122354e-03   6.6327433e-03  -3.0727260e-03   1.2202003e-03
   1.4294274e-01  -1.0005782e+00  -8.6828250e-03   7.8282771e-03  -2.6173789e-03   9.5089600e-04
   1.5962520e-01  -9.7372546e-01  -7.9215998e-03   6.9227635e-03  -2.8478097e-03   9.4759748e-04
   1.6097899e-01  -9.6770104e-01  -5.3774405e-02   7.1818693e-03  -2.5620306e-03   1.2601308e-03
   1.6773595e-01  -9.7610873e-01  -2.9888048e-02   6.3284085e-03  -2.5144988e-03   8.9814192e-04
   1.5014242e-01  -1.0051075e+00  -3.6276278e-02   6.0569229e-03  -2.1962456e-03   6.8055206e-04
   1.6617778e-01  -1.0202421e+00  -2.7433342e-02   5.7848852e-03  -2.5430010e-03   2.3028996e-04
   1.5729776e-01  -1.0109104e+00  -5.1504698e-02   6.0355226e-03  -2.3180819e-03   5.4354462e-04
   1.6954110e-01  -1.0218796e+00  -2.5614125e-02   5.5307416e-03  -2.7914742e-03   1.4611849e-04
   1.5783856e-01  -1.0429614e+00  -1.8589353e-02   6.6046746e-03  -2.4725126e-03   3.4969224e-04
   1.7514104e-01  -1.0440708e+00  -5.8099151e-03   5.9023675e-03  -2.8591743e-03   3.1133703e-04
   1.3759730e-01  -1.0242242e+00  -5.6225252e-02   6.0499332e-03  -2.5362965e-03   4.9518389e-04
   1.5488499e-01  -1.0133252e+00  -1.2546694e-02   5.4997901e-03  -2.5406230e-03   3.9982108e-04
   1.4645357e-01  -1.0344059e+00  -4.9632082e-02   6.2113846e-03  -2.3795092e-03   3.7922699e-04
   1.5260388e-01  -1.0423920e+00  -4.4306446e-02   5.5695463e-03  -2.4232544e-03   3.1939150e-04
   1.6711227e-01  -1.0541572e+00  -7.8535416e-02   6.2956430e-03  -2.4209498e-03   8.1467507e-04
   1.6952043e-01  -1.0534762e+00  -8.5062286e-02   6.5994472e-03  -2.6206461e-03   8.7907757e-04
   1.4166430e-01  -1.0557596e+00  -8.5993974e-02   6.2720009e-03  -1.9606980e-03   5.3302129e-04
   1.4941597e-01  -1.1005181e+00  -4.8423221e-02   6.3774351e-03  -1.9130615e-03   4.6506027e-04
   1.2262469e-01  -1.0919039e+00  -7.5395502e-02   6.3063940e-03   2.5267237e-04   1.8004319e-04
   1.3822720e-01  -1.1523165e+00  -6.7437223e-02   6.0664722e-03  -1.0306991e-05   1.7990250e-04
   1.4176277e-01  -1.1854449e+00  -2.0251919e-01   5.7904038e-03   1.0837681e-03   2.1345650e-04
   1.4905718e-01  -1.1665330e+00  -1.5537505e-01   6.9417861e-03   8.4371392e-04   4.0046544e-04
   1.4869953e-01  -1.1807881e+00  -1.3909890e-01   6.3572981e-03   7.1354663e-04   2.8015686e-04
   1.4827096e-01  -1.1986822e+00  -1.2284624e-01   7.3962096e-03   1.0154778e-03   2.8612988e-04
   1.4175473e-01  -1.2171065e+00  -1.2789901e-01   7.1088643e-03   9.3721221e-04   2.7787441e-04
   1.2356180e-01  -1.2303652e+00  -1.2054484e-01   7.5102286e-03   1.4209720e-03  -5.3733403e-05
   1.3401432e-01  -1.2404385e+00  -1.3520728e-01   7.7286497e-03   1.2904323e-03   6.1978667e-05
   1.3079656e-01  -1.2436429e+00  -1.4309567e-01   7.5860159e-03   1.2851019e-03   1.1027089e-04
   1.3331168e-01  -1.2497426e+00  -1.5656516e-01   8.2132789e-03   1.3619939e-03   2.0045630e-04
   1.2133358e-01  -1.2395365e+00  -1.2764394e-01   7.8658560e-03   1.5628297e-03  -1.5450611e-05
   1.3505273e-01  -1.2242844e+00  -1.4561904e-01   8.7624718e-03   1.1796960e-03   4.3426340e-04
   1.5134417e-01  -1.2112744e+00  -1.2653246e-01   8.1263790e-03   4.2305184e-04   1.1982197e-03
   1.3730120e-01  -1.2237824e+00  -1.6093593e-01   8.9350182e-03   4.4562376e-04   1.1000985e-03
   1.4968277e-01  -1.1808482e+00  -1.4970000e-01   7.9118134e-03   9.7954518e-05   1.2617631e-03
   1.4031340e-01  -1.1755778e+00  -1.8688342e-01   8.1316675e-03   1.1332112e-04   1.2958107e-03
   1.4080627e-01  -1.1785215e+00  -1.3719003e-01   7.0154015e-03   3.3343367e-04   1.2025237e-03
   1.2320662e-01  -1.1825113e+00  -1.8534431e-01   7.6920732e-03   6.9587436e-04   7.8040614e-04
   1.2040271e-01  -1.2376595e+00  -1.7155286e-01   6.3934046e-03   1.5027974e-03   3.4904629e-04
   1.1358349e-01  -1.2256123e+00  -1.8248954e-01   7.3539782e-03   1.9119135e-03  -2.3699605e-04
   1.3196375e-01  -1.2419983e+00  -1.8604314e-01   6.8970677e-03   1.5674118e-03  -1.8085426e-04
   1.3275810e-01  -1.2674551e+00  -1.7785427e-01   8.0421703e-03   1.8251503e-03  -5.6516708e-04
   1.5847949e-01  -1.2609311e+00  -2.7479295e-01   6.8494119e-03   2.0065641e-03  -9.0740884e-04
