   0.0000000e+00   0.0000000e+00   0.0000000e+00   0.0000000e+00   0.0000000e+00   0.0000000e+00
  -1.1272186e-03  -1.2499653e-02  -4.8688200e-02   2.3289614e-03  -2.0535311e-04   2.8829240e-04
  -1.3588058e-02   3.2684495e-02   5.1462105e-02   2.9015847e-03   6.8541773e-06   1.1554715e-04
  -1.2384032e-02   1.0415882e-02   1.6021256e-02   2.4970133e-03   2.9931867e-04   4.7618233e-04
  -1.3520499e-02   2.5341193e-02   2.8691922e-03   3.7955489e-03  -1.2410678e-04   4.6920829e-04
  -1.8138582e-02   5.0072556e-02   1.0108855e-01   4.0743885e-03   4.0644419e-05   4.2887549e-04
  -9.5349626e-03   2.7646378e-02   6.1953078e-02   2.4071059e-03   1.8085526e-04   5.7995252e-04
   3.9816097e-03   3.4645045e-02  -3.6357171e-02   3.7952205e-03  -6.7946928e-04   8.7251496e-04
  -1.1012348e-02   5.9882575e-02   5.0382621e-02   3.4336210e-03  -2.0064620e-04   7.6240006e-04
  -7.3618136e-03   3.8081199e-02   2.2422287e-04   2.7090398e-03  -2.1537896e-04   1.1134382e-03
  -3.4582881e-02   4.4620896e-02  -2.4409707e-02   4.1566597e-03   8.6767307e-05   1.1259559e-03
  -4.1595984e-02   5.3983194e-02   8.5771003e-02   3.3613114e-03   4.6322792e-04   7.4537919e-04
  -2.6456311e-02   6.6056716e-02  -8.2015109e-03   3.1818735e-03   7.7289390e-05   7.9018422e-04
  -3.1938885e-02   3.7508087e-02   2.2025487e-02   3.7526214e-03   8.1971354e-05   2.0281200e-04
  -4.0260155e-02   2.4437388e-02   1.1865286e-01   2.8257972e-03   4.3620148e-04   1.5838880e-04
  -3.5338903e-02   6.7028641e-03   7.2393484e-02   2.9506843e-03   4.7479887e-04   2.2870843e-04
  -3.5607117e-02   2.8575702e-02   9.8167197e-02   2.5012626e-03   1.7406300e-04  -1.6828430e-04
  -2.0955238e-02  -8.6732557e-02   1.5726574e-02   1.8467715e-03   8.5091938e-04  -4.3283281e-04
  -1.5517497e-02  -1.6769406e-01  -1.5086621e-01   2.0190799e-03   7.3688085e-05  -2.1658969e-04
  -2.0614359e-02  -1.4643150e-01  -2.4799529e-02   3.2636492e-03  -2.1926830e-04  -5.3386767e-04
  -1.7963552e-02  -5.1994888e-02  -1.2602719e-01   2.0933675e-03   2.4499947e-04   7.4902691e-06
  -3.1181713e-02  -6.7211520e-02  -1.7733490e-01   5.1622935e-03   1.7140613e-04  -3.4494168e-04
  -2.9247694e-02  -7.2724390e-02  -5.1258499e-02   5.2065433e-03  -3.4886458e-05  -2.1164728e-04
  -1.4072473e-02  -1.2002519e-01  -4.3615562e-02   2.7302457e-03   1.3008643e-04   2.3470936e-04
  -1.7317414e-02  -1.1330829e-01  -3.6183396e-02   4.2197602e-03  -1.3221681e-04   3.6299982e-04
  -3.8898916e-02  -6.8922192e-02   9.4691520e-02   2.2545954e-03  -6.3194575e-04   4.1598710e-04
  -7.2663029e-03  -1.0233056e-01   4.3764648e-02   6.4082082e-04  -1.7433356e-03   6.4964166e-04
  -3.1461937e-03  -5.4749162e-02   3.7753807e-02   3.3031799e-03  -1.6281294e-03   1.2225165e-03
  -1.7225729e-02  -5.7189571e-02   1.1386377e-01   3.2669737e-03  -1.0341970e-03   7.6282763e-04
   1.1650987e-03  -1.1826827e-01   7.0626990e-03   2.7020283e-03  -8.9460467e-04   9.3371746e-04
   5.4983279e-03  -1.1250179e-01   3.0985940e-02   3.3858440e-03  -1.4273578e-03   5.4166442e-04
   1.6511298e-04  -1.1539329e-01   1.1937220e-01   2.8698864e-03  -1.0136715e-03   3.1115671e-04
   5.5688989e-03  -1.4232959e-01   2.6736818e-02   1.0415956e-03  -7.6395892e-04   3.2813244e-04
  -1.2726307e-02  -9.8562847e-02   1.0829544e-02   3.1148385e-03  -9.9821474e-04  -1.5129155e-04
  -4.1100912e-03  -1.1363089e-01   1.0032019e-01   2.0596956e-03  -6.6123640e-04   1.5274919e-04
  -6.5208394e-03  -9.8353440e-02  -3.0261597e-02   3.2344710e-03  -6.6349800e-04   4.1616551e-04
  -1.5412509e-02  -7.9499938e-02   4.5911306e-02   2.9353168e-03  -6.6605615e-04   2.8173031e-04
  -5.7661460e-03  -1.2881607e-01   9.4895327e-02   2.1325769e-03  -6.4982024e-04   4.4190513e-04
   3.6566341e-03  -9.8505788e-02  -3.9673409e-03   3.5430776e-03  -1.1484202e-03   3.7889834e-04
  -6.5002120e-03  -1.0539930e-01   7.6680207e-02   3.4962536e-03  -9.0051020e-04   1.7984219e-04
   6.4153517e-04  -1.6499003e-01   8.0450314e-02   2.3183683e-03  -7.0380664e-04   3.9631515e-04
  -4.0861455e-03  -1.0411708e-01  -3.3735489e-02   3.4098477e-03  -9.7249581e-04   4.6580515e-04
  -2.7579309e-03  -9.9617053e-02   5.4984159e-02   3.6564809e-03  -1.0342611e-03   3.2088423e-04
   1.7456168e-02  -1.5715474e-01   5.5253478e-02   2.8384427e-03  -9.7839575e-04   3.5997823e-04
   8.6497641e-03  -1.6200714e-01  -6.3432952e-03   4.2738756e-03  -1.0115123e-03   2.5696406e-04
   2.5238514e-03  -9.6706803e-02   1.0058048e-01   3.0851986e-03  -1.0108811e-03   1.8697815e-04
   2.0290758e-02  -2.2235202e-01   2.1611507e-02   3.0381974e-03  -6.8742027e-04   3.7823539e-04
   2.4257830e-02  -2.5520923e-01  -1.6859491e-01   3.8076141e-03  -1.4255721e-03   2.6149928e-04
  -4.9448038e-03  -1.9461025e-01  -7.8992633e-03   2.9842188e-03  -7.5914993e-04  -2.1000027e-04
   5.2676408e-03  -1.6557251e-01  -1.1694923e-01   3.4732530e-03  -7.2322943e-04   3.8658598e-04
  -8.7398626e-03  -1.2531009e-01   8.9977758e-03   5.2000098e-03  -9.9990434e-04   5.2085122e-04
   1.0950419e-03  -1.9161560e-01   3.3264364e-02   2.6539719e-03  -8.1756542e-04   6.2277022e-04
   1.2601675e-02  -2.0578154e-01  -4.1089253e-02   4.9578684e-03  -1.2974468e-03   1.0763720e-03
   5.2498747e-03  -1.9123456e-01   5.3304105e-02   4.8320695e-03  -1.1416527e-03   7.0414547e-04
   9.5226010e-03  -2.1864847e-01   7.8551325e-02   3.5388703e-03  -8.6660682e-04   8.7281597e-04
   7.6654727e-03  -2.1105763e-01  -4.3841261e-02   4.0498303e-03  -9.4403694e-04   1.0892546e-03
   8.6588582e-03  -2.1844389e-01   2.9094312e-02   3.6205891e-03  -9.1056244e-04   7.9813987e-04
   2.9695474e-02  -2.1743066e-01  -4.9880339e-02   3.4079494e-03  -1.2438598e-03   8.3191440e-04
   1.0376431e-02  -2.0720101e-01   3.9385967e-02   4.0430374e-03  -8.9105340e-04   5.4519940e-04
   1.2272641e-02  -2.4898315e-01   1.1631036e-01   2.8916034e-03  -6.5740145e-04   6.3317271e-04
   1.4807085e-02  -2.3225647e-01  -2.9758490e-02   3.1818683e-03  -6.1913809e-04   9.8342059e-04
   2.3421288e-02  -2.3121216e-01   7.6916972e-02   2.6398601e-03  -1.0433267e-03   6.6774663e-04
   3.9847579e-02  -2.8190909e-01   8.3568472e-03   8.3102206e-04  -1.0135787e-03   8.5874170e-04
   2.5517292e-02  -2.5493142e-01   1.6692928e-02   2.1154137e-03  -9.5135000e-04   8.3771391e-04
   8.8755054e-03  -2.5488195e-01   1.1313081e-01   1.4009611e-03  -3.1382267e-04   7.1196297e-04
   3.5557303e-02  -3.1569765e-01  -3.8665369e-03   1.3195654e-03  -7.8634315e-04   1.0012498e-03
   1.9248610e-02  -2.9046268e-01   4.6432246e-02   2.6967287e-03  -7.6899128e-04   7.9484650e-04
   1.5560114e-02  -2.9563139e-01   1.1567635e-01   2.7813661e-03  -6.4111023e-04   8.0854866e-04
   3.2696120e-02  -3.0169880e-01  -4.2761251e-03   2.7445920e-03  -1.1369486e-03   9.4185537e-04
   1.6156474e-02  -3.2757069e-01   3.3239872e-02   3.7816236e-03  -9.8157738e-04   6.1048610e-04
   1.1063283e-02  -3.0472296e-01   1.0790319e-01   3.2247393e-03  -6.2041084e-04   8.6624298e-04
   2.0238563e-02  -3.4457060e-01  -2.4175379e-02   3.6684362e-03  -8.9319385e-04   1.1253920e-03
   1.1113609e-02  -2.8130418e-01   3.8765744e-04   3.4441053e-03  -1.1863601e-03   6.5590036e-04
   1.4309282e-02  -3.3104171e-01   8.2674850e-02   3.6328560e-03  -7.7611013e-04   4.9710917e-04
   2.0194887e-02  -3.1625206e-01  -9.9345065e-03   4.7732943e-03  -9.9184096e-04   6.6212656e-04
   9.4886820e-03  -3.1933572e-01   4.3388217e-02   4.8386547e-03  -7.6384383e-04   5.2383709e-04
   1.3029638e-02  -3.7799035e-01   1.0155703e-01   3.8002916e-03  -3.2518237e-04   4.5697902e-04
   2.0570632e-02  -3.0468783e-01  -2.3727455e-02   3.5434320e-03  -9.1214704e-04   6.4491447e-04
   1.4271472e-02  -3.3572683e-01   6.9714391e-02   4.1130862e-03  -7.2173911e-04   2.4440523e-04
   2.1504531e-02  -3.7625681e-01  -1.2689151e-02   3.8812497e-03  -6.2135448e-04   6.2951454e-04
   4.1170600e-03  -3.3153778e-01   6.6156543e-03   4.1377553e-03  -5.6187874e-04   4.4239863e-04
   1.0521995e-02  -3.5442598e-01   7.7841209e-02   2.6111844e-03  -4.6212387e-04   4.9233491e-04
   3.3887777e-02  -3.6158350e-01  -2.7572794e-02   4.1844174e-03  -1.0961401e-03   7.4506313e-04
   1.2846081e-02  -3.5173447e-01   5.3015996e-02   4.1175361e-03  -7.5199266e-04   4.9573776e-04
   2.1009064e-02  -3.8970809e-01   4.6154123e-02   2.8015169e-03  -5.0638973e-04   3.9326597e-04
   2.1606671e-02  -3.5449318e-01  -1.6257120e-02   4.0220912e-03  -1.0525574e-03   4.1009529e-04
   7.2406766e-03  -3.5216506e-01   6.6599922e-02   3.8095090e-03  -6.2266786e-04   3.2646446e-04
   2.2706090e-02  -4.2987202e-01   5.2437906e-02   3.5111080e-03  -4.3389485e-04   4.0490189e-04
   1.7577910e-02  -4.2362826e-01  -3.4760983e-02   4.4490769e-03  -8.0592017e-04   3.9653983e-04
   1.0756316e-02  -4.3901973e-01   9.0450633e-02   3.0767155e-03  -5.7878056e-04   2.7401818e-04
   8.3588801e-03  -4.2576717e-01   2.4908203e-02   3.6389651e-03  -2.2010778e-04   7.5821996e-04
   1.0500413e-02  -4.2994206e-01   4.3718191e-02   2.7416969e-03  -7.0682978e-04   6.2419945e-04
   2.6558488e-02  -4.6786939e-01  -1.0397250e-01   2.4736225e-03  -5.9386140e-04   1.1057202e-03
   2.4452461e-02  -4.2747848e-01  -4.1222177e-02   3.9863646e-03  -1.2300622e-03   7.5004270e-04
   1.7719402e-02  -4.4753842e-01   3.5866084e-02   3.4337089e-03  -6.6873934e-04   5.4324387e-04
   1.8729817e-02  -4.3775574e-01  -1.0205009e-01   4.0146441e-03  -7.5559787e-04   7.7589200e-04
   1.5960905e-02  -4.4547772e-01   2.6254116e-02   4.3777441e-03  -9.1038918e-04   4.3019181e-04
   3.2018528e-02  -5.0732959e-01  -2.6178317e-02   3.5970123e-03  -5.1685655e-04   6.4456572e-04
   2.0878095e-02  -4.7389748e-01  -5.3855558e-02   4.4838038e-03  -7.6944655e-04   8.2936884e-04
   1.7935222e-02  -4.7693642e-01   3.7905480e-02   4.0154976e-03  -6.6558799e-04   6.5496456e-04
   3.9833660e-02  -4.6351741e-01  -9.2074959e-02   3.1774576e-03  -8.3168900e-04   8.8029858e-04
   3.3391336e-02  -4.7116624e-01  -1.8097616e-02   4.7352025e-03  -9.4473886e-04   6.1792524e-04
   3.2239351e-02  -5.0766536e-01   3.4675594e-02   3.6799079e-03  -3.9273377e-04   6.9399929e-04
   3.5175574e-02  -4.9274422e-01  -8.6304349e-02   3.8715582e-03  -7.1899677e-04   9.8634467e-04
   2.4378222e-02  -4.7182398e-01   2.8869904e-02   3.8107989e-03  -8.1042221e-04   5.7912968e-04
   4.6527333e-02  -5.3155643e-01  -6.0805610e-02   3.4767953e-03  -5.8133303e-04   8.4473923e-04
   4.7023916e-02  -5.1614462e-01  -1.5748510e-02   4.4184002e-03  -1.0263883e-03   7.3056308e-04
   5.1453946e-02  -5.6373575e-01   3.9453567e-03   3.3472126e-03  -6.1612607e-04   7.3833003e-04
   5.6952378e-02  -4.9748884e-01  -3.7796305e-02   3.5722364e-03  -1.4306214e-03   7.5573828e-04
   3.3380668e-02  -5.8695846e-01   6.0840014e-02   2.9970236e-03  -7.1858837e-04   3.8124188e-04
   1.4869776e-02  -5.3225912e-01  -5.8992133e-02   2.7336726e-03  -4.8433772e-04   5.3623859e-04
   2.8731194e-02  -5.5491141e-01   6.2943240e-03   3.7553667e-03  -8.2817419e-04   4.7299841e-04
   2.7943798e-02  -6.2679800e-01  -1.9247392e-02   2.5419698e-03  -3.5776895e-04   5.8061880e-04
   3.5014039e-02  -5.7356433e-01  -7.5414237e-02   2.8860118e-03  -8.1582863e-04   6.3799985e-04
   3.2275412e-02  -5.9124471e-01   3.4230344e-02   4.1967023e-03  -6.9154021e-04   1.7129972e-04
   3.8798937e-02  -6.2616202e-01  -2.9566482e-02   3.4691876e-03  -2.5730055e-04   3.8704412e-04
   3.3951157e-02  -6.0413666e-01  -8.5520913e-02   4.4040460e-03  -5.6805351e-04   5.4815087e-04
   3.6779420e-02  -5.6524790e-01   2.7353484e-02   3.8943030e-03  -8.6400374e-04   2.5896490e-04
   4.6753628e-02  -6.2192911e-01  -5.8035055e-02   3.5339635e-03  -6.7121708e-04   5.7932761e-04
   3.6906589e-02  -5.9930550e-01  -4.5930366e-02   4.9665947e-03  -8.7187575e-04   4.5637587e-04
   3.0298030e-02  -6.2847598e-01   5.5628662e-02   4.4393405e-03  -4.6666014e-04   5.4416493e-04
   3.5922467e-02  -6.2647996e-01  -1.0631711e-01   4.7669820e-03  -7.6639183e-04   8.0724915e-04
   3.2784352e-02  -6.1832978e-01  -1.4962890e-03   5.1197132e-03  -8.2187628e-04   4.8125669e-04
   4.0477597e-02  -6.5919020e-01  -1.0978192e-02   3.4759436e-03  -5.2746586e-04   5.7349950e-04
   3.2563970e-02  -6.3521600e-01  -6.0989910e-02   5.0542335e-03  -9.8303033e-04   7.7611174e-04
   2.3748300e-02  -6.2147044e-01   1.6181704e-02   4.6916008e-03  -6.0725280e-04   6.0026139e-04
   4.0230323e-02  -6.4327552e-01  -9.9871117e-02   4.0614842e-03  -6.5576772e-04   9.0024742e-04
   4.4116241e-02  -6.4322402e-01  -2.7183156e-02   5.5047744e-03  -1.0175793e-03   5.6781964e-04
   4.2756024e-02  -6.9107187e-01  -3.4712796e-02   4.1505042e-03  -5.0194296e-04   5.9637585e-04
   4.4519357e-02  -6.3178749e-01  -8.6503130e-02   5.0489343e-03  -6.5249969e-04   8.4841501e-04
   4.3539423e-02  -6.4545307e-01   1.6320655e-02   4.8405832e-03  -6.0397724e-04   6.1637333e-04
   6.6577274e-02  -6.8802337e-01  -5.6200173e-02   4.7231073e-03  -7.1031404e-04   6.1705145e-04
   5.0693982e-02  -6.8136919e-01  -3.9216036e-02   5.3465298e-03  -7.7421530e-04   4.7396644e-04
   4.1578603e-02  -7.0149379e-01   1.5709564e-02   4.2306151e-03  -3.1140892e-04   5.9909557e-04
   4.8128914e-02  -6.6848875e-01  -1.4803451e-01   4.6342230e-03  -7.7492603e-04   7.7465490e-04
   3.0700026e-02  -6.7963497e-01  -3.9252611e-02   5.6463319e-03  -7.9724677e-04   4.2877014e-04
   3.0727708e-02  -7.1334056e-01   6.0102941e-02   4.5580375e-03  -2.5587968e-04   5.5154908e-04
   4.8552835e-02  -7.4126349e-01  -8.2289727e-02   5.2231284e-03  -4.7438751e-04   8.4355421e-04
   4.2032566e-02  -6.6654717e-01  -2.7869086e-02   3.9412717e-03  -8.3196500e-04   4.6851666e-04
   5.4145889e-02  -7.5447490e-01   3.5461712e-03   3.7697333e-03  -6.1948068e-04   5.1679886e-04
   4.4028023e-02  -7.4272935e-01  -9.2101372e-02   5.7267997e-03  -8.4285594e-04   7.4085509e-04
   4.3508017e-02  -7.7408007e-01   1.7456517e-02   4.0776854e-03  -5.2579775e-04   6.6892118e-04
   4.1941806e-02  -7.3733068e-01  -1.4294804e-01   4.9701282e-03  -4.3806626e-04   1.0056808e-03
   4.3205716e-02  -7.4416007e-01  -3.6093349e-02   5.8252346e-03  -6.8266841e-04   5.4579501e-04
   5.1435861e-02  -8.0083009e-01   3.3795426e-02   4.1661073e-03  -4.3932773e-04   6.2594690e-04
   4.9245410e-02  -7.3520038e-01  -1.3636316e-01   4.6102385e-03  -6.5688398e-04   9.9827026e-04
   4.7550080e-02  -7.6315657e-01  -5.6106364e-03   5.3095277e-03  -7.0528906e-04   4.5982066e-04
   6.1458585e-02  -8.2045802e-01  -6.5166600e-02   4.4529424e-03  -4.7796290e-04   7.4850293e-04
   5.1137673e-02  -7.3246372e-01  -1.0036037e-01   4.6378052e-03  -9.3321381e-04   6.0533048e-04
   5.6685509e-02  -7.9702285e-01   2.6852256e-03   4.1431032e-03  -5.0007500e-04   4.6676331e-04
   5.6505748e-02  -8.2426075e-01  -1.4509048e-01   5.4128325e-03  -5.5412377e-04   9.1157128e-04
   4.6319252e-02  -8.0042543e-01  -4.6777136e-02   5.1095258e-03  -7.2423041e-04   6.1528019e-04
   5.2344994e-02  -8.3851552e-01  -8.3832213e-02   3.9721622e-03  -5.4608050e-04   7.4639015e-04
   4.5141617e-02  -8.4227855e-01  -1.0939707e-01   5.6859395e-03  -9.9869027e-04   7.2999094e-04
   4.2179602e-02  -8.4895405e-01  -3.8694159e-03   5.0857196e-03  -8.2725619e-04   6.2970229e-04
   4.4649795e-02  -8.5101995e-01  -6.0576715e-02   4.8723829e-03  -4.9881409e-04   1.0383249e-03
   4.8282463e-02  -8.1245445e-01  -6.3390776e-02   4.5796990e-03  -1.0493040e-03   6.5318150e-04
   5.9880423e-02  -8.8258842e-01  -1.8490744e-01   5.4647908e-03  -6.2258815e-04   1.1911498e-03
   5.3412239e-02  -8.2528825e-01  -1.0369350e-01   5.9626949e-03  -9.1739933e-04   1.2557081e-03
   6.1980290e-02  -8.8525420e-01  -1.5304773e-02   5.1597729e-03  -5.9394136e-04   1.2553672e-03
   6.0108200e-02  -8.6023789e-01  -1.3065539e-01   6.2670330e-03  -6.9826545e-04   1.6969716e-03
   6.5173912e-02  -8.3130503e-01  -2.4867155e-02   5.1882210e-03  -1.0759274e-03   1.2629079e-03
   8.3981088e-02  -9.0720874e-01  -8.2465453e-02   5.0648422e-03  -1.0909069e-03   1.3624419e-03
   6.6126865e-02  -8.5146468e-01  -1.1078678e-01   5.7701251e-03  -1.0285019e-03   1.5427052e-03
   6.8284833e-02  -8.5428765e-01  -5.9568487e-03   4.6816194e-03  -9.3377481e-04   1.0829878e-03
   6.6212705e-02  -8.6226611e-01  -1.3337496e-01   6.6079300e-03  -8.9560661e-04   1.2366860e-03
   5.5696814e-02  -8.7834514e-01  -5.1816276e-02   6.4870185e-03  -7.5446526e-04   8.5882960e-04
   5.4758833e-02  -9.2653676e-01  -8.4226536e-02   4.4684214e-03  -2.8118221e-04   1.0846883e-03
   6.1371858e-02  -8.8129381e-01  -1.1608623e-01   5.8865437e-03  -9.1766155e-04   1.0244286e-03
   5.1957866e-02  -9.1100685e-01  -1.9712760e-02   5.1023749e-03  -6.8222702e-04   8.3672931e-04
   6.7004536e-02  -1.0085149e+00  -1.0431396e-01   4.6180115e-03  -6.0980606e-04   1.1839594e-03
   7.3503991e-02  -9.2020812e-01  -1.2224826e-01   4.7588857e-03  -1.2198747e-03   8.7435870e-04
   6.9600128e-02  -9.5686595e-01  -6.6458372e-03   4.4578091e-03  -7.6266868e-04   8.0465531e-04
   6.9340298e-02  -9.5579949e-01  -1.5502229e-01   5.6846318e-03  -7.9503159e-04   1.0907492e-03
   5.3946609e-02  -9.2969030e-01  -8.2696912e-02   5.0286034e-03  -6.7814361e-04   8.0550194e-04
   7.2557419e-02  -9.6765318e-01   8.9870850e-03   4.3883113e-03  -8.6657713e-04   7.7153918e-04
   6.2332019e-02  -9.5569975e-01  -1.7753502e-01   5.8764755e-03  -8.2299157e-04   1.0456125e-03
   5.6165244e-02  -9.5659920e-01  -4.1609978e-02   5.7776673e-03  -6.5406292e-04   6.9525801e-04
   6.0660220e-02  -9.9286311e-01  -1.5388222e-01   5.6401766e-03  -3.4693832e-04   1.2263422e-03
   5.5596332e-02  -9.5948014e-01  -1.1366799e-01   6.5467598e-03  -6.1249787e-04   1.0264123e-03
   5.9130217e-02  -1.0215568e+00  -5.0822494e-02   5.4688032e-03  -6.4306490e-05   1.1083719e-03
   7.2908010e-02  -9.8637914e-01  -1.8231121e-01   6.3090552e-03  -7.6530549e-04   1.5788770e-03
   6.8327844e-02  -1.0088443e+00  -8.8079598e-02   6.5472624e-03  -6.9588088e-04   1.2038420e-03
   7.3606066e-02  -1.0474479e+00  -1.1539000e-01   4.7123064e-03  -4.0175242e-04   1.3696597e-03
   8.1385220e-02  -1.0213010e+00  -1.6719364e-01   6.7397219e-03  -1.1887090e-03   1.3450117e-03
   6.9533663e-02  -1.0189420e+00  -6.0300093e-02   6.2818470e-03  -8.9822116e-04   1.2355832e-03
   7.2297820e-02  -1.0502683e+00  -1.1597846e-01   5.7152273e-03  -6.0380841e-04   1.4974515e-03
   7.5654484e-02  -9.8875148e-01  -1.1232701e-01   6.1210972e-03  -1.1992117e-03   1.0938509e-03
   6.0936473e-02  -1.0331072e+00  -1.7946423e-02   5.2083920e-03  -7.8998051e-04   1.0963490e-03
   7.7055264e-02  -1.0660986e+00  -1.7513358e-01   4.3999811e-03  -7.4272482e-04   1.3902268e-03
   6.7602630e-02  -1.0287160e+00  -1.2589121e-01   5.9462787e-03  -1.0735868e-03   9.9569019e-04
   6.6719546e-02  -1.0812186e+00  -8.4462420e-02   4.7927014e-03  -5.2907963e-04   1.0980359e-03
   6.5767032e-02  -1.0852741e+00  -1.5975882e-01   6.4583261e-03  -4.9510560e-04   1.2997678e-03
   6.8405037e-02  -1.0648446e+00  -6.7887799e-02   6.0764958e-03  -6.6467985e-04   9.4715963e-04
   7.2826822e-02  -1.1093015e+00  -1.1015393e-01   4.9020524e-03  -3.3385606e-04   1.0780164e-03
   7.4821978e-02  -1.0598188e+00  -1.4755438e-01   6.0597364e-03  -8.9826335e-04   9.6732015e-04
   7.4635541e-02  -1.0881911e+00  -3.9634619e-02   5.4155738e-03  -6.2563921e-04   9.4918964e-04
   8.0257597e-02  -1.1172650e+00  -1.2866418e-01   5.7924404e-03  -5.0190289e-04   1.2758989e-03
   6.8839829e-02  -1.0683207e+00  -1.2898236e-01   5.2413064e-03  -9.2119808e-04   1.1258665e-03
   8.1309042e-02  -1.1094366e+00  -4.3608263e-02   3.6864545e-03  -6.2480041e-04   1.0544584e-03
   9.5680022e-02  -1.1184025e+00  -1.6519848e-01   5.5432399e-03  -8.4377599e-04   1.4096234e-03
   7.9659720e-02  -1.1003425e+00  -8.5659937e-02   5.2550398e-03  -7.4951801e-04   1.0706138e-03
   8.9576440e-02  -1.1534277e+00  -1.3049949e-01   4.3826240e-03  -4.7339664e-04   1.2019160e-03
   9.3639380e-02  -1.1157129e+00  -1.5318135e-01   6.0592802e-03  -9.9752687e-04   1.0816460e-03
   8.5204365e-02  -1.1332109e+00  -4.4003429e-02   5.2265227e-03  -7.4541259e-04   1.0560149e-03
   8.0788316e-02  -1.1421571e+00  -1.6747977e-01   5.2015771e-03  -4.9299440e-04   1.3882794e-03
   7.9191370e-02  -1.1432049e+00  -1.2294279e-01   4.9901201e-03  -9.6715448e-04   9.2791754e-04
   7.9360788e-02  -1.1946557e+00  -1.9592286e-02   5.0500658e-03  -6.8244750e-04   9.4441751e-04
   6.1715302e-02  -1.1706357e+00  -1.5353366e-01   5.8578637e-03  -3.8766128e-04   1.2350976e-03
   8.5747877e-02  -1.1730750e+00  -6.3815268e-02   5.5388842e-03  -1.1566369e-03   8.7854582e-04
