   0.0000000e+00  -1.4210855e-14   0.0000000e+00   0.0000000e+00   0.0000000e+00   6.9388939e-18
   7.0370556e-03   1.2026554e-02  -8.7100724e-02  -7.3423179e-04  -1.3370110e-03   8.1069148e-04
  -4.1275785e-03   2.1004401e-03   1.1844391e-02  -1.5166037e-03  -5.3051690e-04   5.8810901e-04
   1.6997831e-02  -1.4409059e-03  -9.8028981e-02  -1.9538610e-03  -1.0439112e-03   3.5622914e-04
  -1.8035818e-02   1.8730745e-02  -4.1553138e-02  -1.6329853e-03  -1.2706205e-03  -1.9123433e-04
  -6.3850315e-02  -1.3848205e-02  -1.9176030e-01  -1.0942675e-03  -1.9373448e-03  -5.9358468e-04
  -5.4505946e-02   3.1501334e-02  -6.5935405e-02  -2.0310661e-03  -1.0247889e-03  -7.2851642e-04
  -2.7632600e-02   1.9788294e-02  -9.5752458e-02  -1.8487735e-03  -7.6390170e-04  -5.9416931e-04
  -1.4036872e-02   1.9935901e-02  -1.1392995e-01  -2.5483366e-03  -6.9662549e-04  -3.7363875e-04
  -5.3370991e-02   2.1341333e-02  -7.9554571e-02  -5.9270779e-04  -2.8142369e-04  -6.4102742e-04
  -1.2453054e-02   3.0640692e-02  -4.9605810e-02  -1.1777820e-03  -1.5962847e-03  -2.6137266e-04
  -6.6948003e-02  -5.7146716e-03  -1.0951995e-01   1.1754027e-04  -2.4001572e-03  -3.0949527e-04
  -2.0725760e-02   2.3185352e-02  -1.3252657e-01  -1.0059218e-03  -2.8038705e-03  -6.4980510e-04
  -8.4554616e-02   2.1994321e-02  -1.0215767e-01  -2.5920819e-04  -2.3291281e-03  -9.3523777e-04
  -3.3530588e-02   3.0216324e-02  -1.5694426e-01  -1.3862167e-03  -3.1921184e-03  -1.0642428e-03
  -1.3549199e-01   2.7483008e-02  -1.2361730e-01  -1.3986811e-03  -1.8084823e-03  -1.7031350e-03
  -4.7095105e-02   8.5925645e-04  -1.2065917e-01  -1.7481759e-03  -2.4945340e-03  -9.4864676e-04
  -6.1369846e-02  -1.2997049e-02  -1.1241308e-01  -1.0386173e-03  -2.2580499e-03  -1.5295101e-03
  -6.6246775e-03  -1.9189367e-02  -1.2592982e-01  -1.5439778e-03  -3.5324545e-03  -1.1993022e-03
  -6.7533752e-02  -1.1815857e-02  -7.5530608e-02  -1.4163017e-03  -2.8793947e-03  -1.1022553e-03
  -3.5159189e-02  -3.0979640e-02  -1.6528302e-01  -1.8011782e-03  -3.8639471e-03  -1.1360425e-03
  -8.2236971e-02  -3.6198401e-03  -9.9754495e-02  -1.9785518e-03  -3.0730523e-03  -1.2949385e-03
  -3.8798456e-02  -2.1902779e-02  -1.6838707e-01  -2.2490789e-03  -3.4482575e-03  -1.3962355e-03
  -6.8305024e-02  -2.7851012e-02  -8.9761921e-02  -1.2701344e-03  -3.0141977e-03  -1.1527257e-03
  -4.2472109e-02  -5.2875584e-02  -1.5827262e-01  -1.2853561e-03  -3.5977375e-03  -1.3891898e-03
  -1.0899278e-01  -4.7663862e-02  -9.4791949e-02  -1.0268090e-03  -2.6687645e-03  -1.7825280e-03
  -6.0869563e-02  -7.9556529e-02  -1.1081622e-01  -7.8508632e-04  -3.5027340e-03  -1.5751742e-03
  -1.0740033e-01  -3.6394116e-02  -1.1275298e-01  -8.4531205e-04  -3.5107072e-03  -1.3911152e-03
  -7.4381024e-02  -6.1814872e-02  -1.6636184e-01  -2.2366337e-03  -4.2581567e-03  -1.5748152e-03
  -1.6138051e-01  -5.1637458e-02  -1.8841738e-01  -1.6297344e-03  -3.4760410e-03  -1.7228776e-03
  -1.0594476e-01  -6.0083342e-02  -1.4753421e-01  -1.6800024e-03  -4.0622319e-03  -1.6344196e-03
  -1.8388908e-01  -6.5450385e-02  -2.8240250e-01  -1.6065356e-03  -3.8500961e-03  -1.9186338e-03
  -1.4965345e-01  -4.2728845e-02  -1.1379272e-01  -2.3042846e-03  -3.3969770e-03  -2.2688481e-03
  -1.5394630e-01  -1.0455365e-01  -2.4954843e-01  -1.7144603e-03  -4.2448048e-03  -2.5051342e-03
  -1.8350469e-01  -9.5227759e-02  -1.8256427e-01  -1.4697343e-03  -3.6640515e-03  -2.2987634e-03
  -1.1134896e-01  -1.1359944e-01  -1.4893683e-01  -2.5294791e-03  -4.3948820e-03  -2.2793141e-03
  -1.9121397e-01  -1.0498096e-01  -2.7061399e-01  -2.3275590e-03  -3.9868238e-03  -2.1156154e-03
  -1.3881463e-01  -9.0727238e-02  -1.1300836e-01  -2.8780063e-03  -3.7685940e-03  -1.9811675e-03
  -1.1949234e-01  -1.4725744e-01  -2.6671176e-01  -1.7974838e-03  -4.4936954e-03  -2.1463443e-03
  -1.1933355e-01  -1.0286835e-01  -1.0142323e-01  -2.4849277e-03  -4.1598985e-03  -2.3065407e-03
  -1.1044140e-01  -1.4461969e-01  -2.3686798e-01  -1.9259912e-03  -4.5251025e-03  -2.0413922e-03
  -1.1215241e-01  -1.0708636e-01  -1.1845431e-01  -2.3304786e-03  -4.2078123e-03  -1.8664285e-03
  -9.2339163e-02  -1.2972004e-01  -2.1938100e-01  -2.3764617e-03  -4.4038132e-03  -2.2631241e-03
  -1.3925479e-01  -1.1958121e-01  -1.6360580e-01  -1.9332316e-03  -3.9476759e-03  -2.0083611e-03
  -1.1359308e-01  -1.4116101e-01  -1.5796575e-01  -1.4514782e-03  -4.0189143e-03  -2.2653882e-03
  -1.5472344e-01  -1.7171830e-01  -1.7125227e-01  -1.0375222e-03  -3.7766469e-03  -2.6306882e-03
  -9.8069469e-02  -1.5393795e-01  -1.8179891e-01  -2.3979922e-03  -4.3579802e-03  -2.2648724e-03
  -1.4614386e-01  -1.5892194e-01  -1.6512395e-01  -1.7316052e-03  -4.2495340e-03  -2.0239632e-03
  -1.1828494e-01  -1.7388180e-01  -2.1647748e-01  -2.1237760e-03  -4.7962211e-03  -2.2015820e-03
  -1.6077269e-01  -1.7272630e-01  -1.3370929e-01  -1.5172167e-03  -4.1959249e-03  -2.4516368e-03
  -1.1634273e-01  -2.0133816e-01  -1.6210702e-01  -1.7768450e-03  -4.7154448e-03  -2.3429542e-03
  -1.8310216e-01  -1.9585141e-01  -1.5495493e-01  -1.6219364e-03  -4.1042013e-03  -2.5126330e-03
  -1.2775547e-01  -1.9438731e-01  -1.0136182e-01  -2.5918396e-03  -4.5780842e-03  -2.2058026e-03
  -2.0599577e-01  -2.2701972e-01  -2.2375928e-01  -2.1667699e-03  -4.2474267e-03  -2.6210142e-03
  -1.6626005e-01  -2.2446069e-01  -1.1329264e-01  -2.9032746e-03  -4.2644692e-03  -2.6247092e-03
  -2.1486698e-01  -2.1080418e-01  -2.2288906e-01  -1.7791526e-03  -3.8559730e-03  -3.5064497e-03
  -1.6934989e-01  -2.1746623e-01  -1.0460911e-01  -2.6561058e-03  -4.2769250e-03  -2.6539708e-03
  -2.2293679e-01  -2.6677319e-01  -2.1953616e-01  -1.4115296e-03  -3.8891864e-03  -3.5038396e-03
  -1.6851364e-01  -2.2494463e-01  -8.1055673e-02  -2.2991250e-03  -4.2832512e-03  -2.4954862e-03
  -1.9577829e-01  -2.4773530e-01  -2.3143346e-01  -1.6010349e-03  -4.6371925e-03  -2.2967252e-03
  -1.7328783e-01  -1.9820820e-01  -1.8124795e-01  -2.9985048e-03  -4.4756892e-03  -2.3395486e-03
  -2.4591032e-01  -2.3484902e-01  -2.5588144e-01  -1.4406137e-03  -3.8470388e-03  -2.8314548e-03
  -1.7997414e-01  -2.2000531e-01  -1.6283960e-01  -2.0239570e-03  -4.3881303e-03  -2.6925615e-03
  -2.1255244e-01  -2.4006918e-01  -1.9330265e-01  -1.0570921e-03  -4.1635694e-03  -2.7076499e-03
  -1.8279447e-01  -2.5946116e-01  -1.6979154e-01  -1.8790807e-03  -4.1436999e-03  -3.1359816e-03
  -2.3870191e-01  -2.9215372e-01  -1.8522090e-01  -6.0223166e-04  -3.8810506e-03  -3.1339705e-03
  -1.9429727e-01  -2.7290468e-01  -1.6380281e-01  -1.9739414e-03  -4.3702292e-03  -2.8970042e-03
  -2.2621851e-01  -2.9254409e-01  -2.2962249e-01  -9.4184156e-04  -4.3239351e-03  -2.8008320e-03
  -1.8504517e-01  -2.7946535e-01  -1.3104959e-01  -2.1864283e-03  -4.6709087e-03  -2.6406323e-03
  -2.1591955e-01  -2.9333078e-01  -3.2315270e-01  -1.7526424e-03  -4.8635455e-03  -2.6611929e-03
  -1.9169182e-01  -3.0333396e-01  -1.4282033e-01  -2.2398627e-03  -4.8859855e-03  -2.4080876e-03
  -2.0801884e-01  -3.6788956e-01  -3.2333885e-01  -1.2969292e-03  -5.1796715e-03  -2.4542159e-03
  -1.9394782e-01  -2.8894702e-01  -1.3566827e-01  -2.4738887e-03  -4.9274528e-03  -2.2545300e-03
  -1.9074942e-01  -3.3580380e-01  -3.0412992e-01  -1.7427900e-03  -5.3796167e-03  -2.5806616e-03
  -1.9013933e-01  -3.1408213e-01  -1.5141523e-01  -1.6063603e-03  -4.7706619e-03  -2.7670137e-03
  -1.6541749e-01  -3.4232513e-01  -2.4995851e-01  -2.2015313e-03  -5.0266579e-03  -2.5319332e-03
  -2.2312147e-01  -3.5763926e-01  -1.6826699e-01  -1.5101271e-03  -3.8363954e-03  -3.0619998e-03
  -1.8789231e-01  -3.6928117e-01  -2.0641871e-01  -1.7860456e-03  -3.1080011e-03  -2.5666544e-03
  -1.6901331e-01  -3.8881205e-01  -1.0941986e-01  -1.2284262e-03  -3.0447403e-03  -2.2777128e-03
  -1.4911585e-01  -4.0757257e-01  -1.6150777e-01  -5.1032597e-04  -2.6464686e-03  -2.6277667e-03
  -1.4940491e-01  -3.7351135e-01  -7.1441818e-02  -1.6573957e-03  -2.8172878e-03  -2.1254832e-03
  -1.4551204e-01  -4.2690455e-01  -1.3468691e-01  -9.4579792e-04  -2.6603428e-03  -2.2249329e-03
  -1.6074461e-01  -4.1851784e-01  -4.9217084e-02  -1.8321753e-03  -3.0264911e-03  -2.5380600e-03
  -1.4682510e-01  -4.4020318e-01  -1.3696398e-01  -1.1643078e-03  -3.8388141e-03  -2.8306861e-03
  -1.6877731e-01  -4.2122147e-01  -2.4276889e-01  -2.4274963e-03  -4.7145544e-03  -2.2953682e-03
  -2.0963728e-01  -4.2597529e-01  -1.5227090e-01  -9.1265327e-04  -4.1053235e-03  -2.5074778e-03
  -1.6900116e-01  -4.0746803e-01  -1.8793270e-01  -1.1024926e-03  -4.8777808e-03  -2.3731637e-03
  -2.0676702e-01  -4.2079566e-01  -1.8497868e-01  -7.3574275e-04  -4.5196547e-03  -2.3531179e-03
  -1.6410681e-01  -4.2225733e-01  -1.0372424e-01  -1.5874249e-03  -4.7169190e-03  -2.0941757e-03
  -1.5915579e-01  -4.5246887e-01  -1.6725349e-01  -4.0809744e-04  -4.5797181e-03  -2.1460574e-03
  -1.7265207e-01  -4.7190463e-01  -1.5082717e-01  -9.5382009e-04  -4.1249765e-03  -2.7026232e-03
  -1.9259648e-01  -4.5673718e-01  -1.6571843e-01   2.2173875e-04  -4.1925651e-03  -2.9028240e-03
  -1.6445917e-01  -4.5021716e-01  -1.7140921e-01  -6.6820694e-04  -5.0833995e-03  -1.8883303e-03
  -1.8907767e-01  -4.6631074e-01  -1.4965807e-01   4.1299612e-04  -4.7530086e-03  -2.0528308e-03
  -1.6570231e-01  -4.8797077e-01  -1.6145471e-01  -1.3928617e-04  -5.1763606e-03  -1.9408983e-03
  -1.9790124e-01  -4.6814990e-01  -1.4538449e-01  -1.8866684e-04  -4.8478385e-03  -2.1116963e-03
  -1.6622278e-01  -4.8472280e-01  -1.1331296e-01  -8.4909557e-04  -5.1182207e-03  -2.1239482e-03
  -2.0234495e-01  -4.8747496e-01  -2.0657314e-01  -4.2651506e-04  -4.8271785e-03  -2.3918709e-03
  -1.7994115e-01  -4.7350145e-01  -8.8646401e-02  -6.9795100e-04  -4.8086879e-03  -2.0515563e-03
  -2.0030569e-01  -4.8380018e-01  -2.6008372e-01  -1.3847646e-04  -4.9243860e-03  -2.5926910e-03
  -1.8765095e-01  -4.6385740e-01  -9.9438129e-02  -1.1394318e-03  -4.4276478e-03  -2.5451452e-03
  -2.2541451e-01  -4.8976886e-01  -3.1099132e-01  -1.5141327e-03  -4.1250601e-03  -3.6404880e-03
  -2.0066688e-01  -4.8240969e-01  -1.3404511e-01  -9.5771666e-04  -4.6775027e-03  -2.4134976e-03
  -1.8001881e-01  -5.0834205e-01  -2.6808940e-01  -1.1921768e-03  -5.3912605e-03  -2.2298729e-03
  -2.1338385e-01  -4.8849512e-01  -1.6464783e-01  -1.1817483e-03  -4.7539382e-03  -2.2929806e-03
  -1.8863506e-01  -5.4197688e-01  -2.2813458e-01  -5.2998645e-04  -4.9956352e-03  -2.0664217e-03
  -2.2283107e-01  -5.2301183e-01  -2.0642888e-01  -6.9262270e-04  -4.6257261e-03  -2.5805032e-03
  -1.9483168e-01  -5.2103041e-01  -1.7046758e-01  -1.4720672e-03  -4.8906574e-03  -2.1520674e-03
  -2.3898105e-01  -5.6370152e-01  -1.9531393e-01  -1.1097599e-03  -4.8509368e-03  -2.6763123e-03
  -1.8687428e-01  -5.0333510e-01  -1.5470288e-01  -2.9718942e-03  -5.2998631e-03  -2.3658642e-03
  -2.4216638e-01  -5.8365706e-01  -2.9886119e-01  -8.7855263e-04  -4.5690756e-03  -3.2969061e-03
  -2.1792757e-01  -5.4527378e-01  -1.3132259e-01  -1.3071709e-03  -4.4972709e-03  -2.7114555e-03
  -2.1752512e-01  -6.1547124e-01  -2.8128933e-01  -1.4074348e-03  -5.0401925e-03  -2.9325774e-03
  -2.4693512e-01  -5.9172394e-01  -1.4659577e-01  -1.4117578e-03  -4.7358425e-03  -2.5978925e-03
  -1.9910949e-01  -5.8321098e-01  -2.5468793e-01  -2.8625371e-03  -5.5491518e-03  -2.4411732e-03
  -2.1957175e-01  -5.5215922e-01  -1.7316910e-01  -1.8899545e-03  -5.1956961e-03  -2.3442870e-03
  -2.3280658e-01  -5.7682412e-01  -2.9106882e-01  -1.4055048e-03  -5.5484857e-03  -2.4221976e-03
  -2.5344101e-01  -5.5553346e-01  -1.5820502e-01  -1.4069310e-03  -5.1849714e-03  -2.3238658e-03
  -2.2287221e-01  -6.1215032e-01  -2.0448701e-01  -9.3331906e-04  -5.8659913e-03  -2.2948805e-03
  -2.3641949e-01  -5.8179276e-01  -1.0576317e-01  -1.0886385e-03  -5.2884354e-03  -2.3198662e-03
  -2.0968509e-01  -6.0879257e-01  -2.2018736e-01  -9.0852431e-04  -5.8215297e-03  -2.2830903e-03
  -2.3657002e-01  -5.8549212e-01  -1.5364246e-01  -1.0286255e-03  -5.2412742e-03  -2.4902039e-03
  -1.9492903e-01  -6.0270809e-01  -1.3228562e-01  -1.4298823e-03  -5.0086906e-03  -2.9359701e-03
  -2.3241995e-01  -6.1929728e-01  -1.7290543e-01  -8.2285131e-04  -4.5610533e-03  -3.3467046e-03
  -1.8569721e-01  -6.1032284e-01  -1.5527409e-01  -1.7688763e-03  -5.2953442e-03  -2.4646791e-03
  -2.2097907e-01  -6.4311703e-01  -2.2294280e-01  -9.7681565e-04  -5.3257923e-03  -2.4707312e-03
  -1.8120516e-01  -6.6145162e-01  -1.3170647e-01  -2.1165134e-03  -5.5537879e-03  -2.1625306e-03
  -2.2796374e-01  -6.6837585e-01  -2.4980295e-01  -1.5565694e-03  -5.1208440e-03  -3.1164235e-03
  -2.0686355e-01  -6.5569646e-01  -1.6535444e-01  -2.1630887e-03  -4.8041493e-03  -3.1396990e-03
  -2.3823408e-01  -6.6138925e-01  -2.5918370e-01  -1.4747760e-03  -4.7004894e-03  -3.9703309e-03
  -2.0201185e-01  -6.3710141e-01  -1.5095580e-01  -2.0747390e-03  -4.9341018e-03  -3.0522813e-03
  -2.1857740e-01  -6.7959154e-01  -2.8917747e-01  -1.2650536e-03  -5.3246513e-03  -3.1572511e-03
  -1.9462055e-01  -6.5944571e-01  -1.4082478e-01  -1.7130190e-03  -5.4538122e-03  -2.1722725e-03
  -1.8410083e-01  -7.1353194e-01  -2.8435750e-01  -9.5731757e-04  -5.6435769e-03  -2.7595042e-03
  -1.9355899e-01  -6.9480238e-01  -1.5783597e-01  -9.2311087e-04  -5.6212673e-03  -2.1887282e-03
  -1.7486748e-01  -7.4138781e-01  -2.5975827e-01  -1.0386458e-03  -6.0921332e-03  -2.1335541e-03
  -2.1252211e-01  -7.3159241e-01  -1.6928862e-01  -1.2653400e-03  -5.5357325e-03  -2.1574455e-03
  -2.0082363e-01  -7.6738273e-01  -2.3858712e-01  -1.9908365e-03  -5.8707613e-03  -2.4124212e-03
  -2.3678876e-01  -7.2161491e-01  -1.7821954e-01  -1.5195172e-03  -5.0941344e-03  -2.4734444e-03
  -1.9935319e-01  -7.5328142e-01  -2.2562773e-01  -1.9527584e-03  -5.7321208e-03  -2.5225273e-03
  -2.3873714e-01  -7.5382750e-01  -2.2121927e-01  -1.4720428e-03  -5.3692473e-03  -2.9230812e-03
  -1.9198785e-01  -7.7892878e-01  -1.4682971e-01  -2.3486351e-03  -5.7615263e-03  -2.5686983e-03
  -2.3017808e-01  -7.9612068e-01  -3.0317584e-01  -1.8822796e-03  -5.5067348e-03  -2.9530945e-03
  -2.0466339e-01  -7.8482977e-01  -1.2369737e-01  -1.2776327e-03  -5.5975354e-03  -2.1356281e-03
  -2.0720439e-01  -8.2675741e-01  -2.7805232e-01  -1.9499939e-03  -5.7732996e-03  -2.7338834e-03
  -1.9932502e-01  -8.0200650e-01  -1.3148907e-01  -2.1542280e-03  -5.4623057e-03  -2.2990452e-03
  -1.8094073e-01  -8.3411266e-01  -2.7957406e-01  -1.8598305e-03  -5.8571905e-03  -2.5607133e-03
  -2.0449678e-01  -8.0484134e-01  -1.6107867e-01  -1.5545130e-03  -5.3589921e-03  -2.4825160e-03
  -1.9215269e-01  -8.3650082e-01  -2.5628349e-01  -1.5099268e-03  -5.8380079e-03  -2.5886710e-03
  -2.2852902e-01  -8.0605580e-01  -1.8998508e-01  -1.4735687e-03  -5.2709464e-03  -2.8550398e-03
  -2.1237552e-01  -8.4632408e-01  -2.5998960e-01  -1.9794568e-03  -5.6792586e-03  -2.7195678e-03
  -2.7111888e-01  -8.7102779e-01  -1.8402400e-01  -1.1415985e-03  -4.8262225e-03  -3.1098797e-03
  -2.2693790e-01  -8.4508085e-01  -2.2789101e-01  -2.1056756e-03  -5.1626852e-03  -2.9665950e-03
  -2.5834300e-01  -8.6937056e-01  -1.6860165e-01  -1.3472094e-03  -4.9648708e-03  -2.9112736e-03
  -2.1518063e-01  -8.8437234e-01  -2.2686605e-01  -1.3099794e-03  -5.2371766e-03  -3.0384027e-03
  -2.4782971e-01  -8.6120041e-01  -2.0133861e-01  -1.1153310e-03  -4.8451697e-03  -3.0292188e-03
  -2.1756657e-01  -9.0713163e-01  -2.0717182e-01  -1.4401732e-03  -5.2478176e-03  -2.9044134e-03
  -2.7063103e-01  -8.6486855e-01  -2.7478550e-01  -1.5788388e-03  -4.7630644e-03  -3.5627440e-03
  -2.2500986e-01  -8.5940236e-01  -1.5764352e-01  -2.2194411e-03  -5.0018576e-03  -3.0204495e-03
  -2.4273253e-01  -8.8780946e-01  -3.4614586e-01  -1.5527452e-03  -5.2287623e-03  -3.5920796e-03
  -2.3447339e-01  -8.6736533e-01  -1.5864007e-01  -1.9140948e-03  -4.8465603e-03  -3.1871876e-03
  -2.5162722e-01  -9.5116484e-01  -3.3779701e-01  -1.1965246e-03  -5.0857513e-03  -3.7651178e-03
  -2.5351943e-01  -8.8550866e-01  -1.9730842e-01  -1.8225350e-03  -4.7755406e-03  -3.3483850e-03
  -2.2430493e-01  -9.1892150e-01  -3.5596867e-01  -1.6421323e-03  -5.6648071e-03  -3.2838042e-03
  -2.3541249e-01  -8.8242213e-01  -2.0412464e-01  -1.2380795e-03  -5.3651447e-03  -2.8436889e-03
  -2.0670625e-01  -9.4485906e-01  -3.0961138e-01  -7.9380196e-04  -6.0884495e-03  -2.5873776e-03
  -2.3684034e-01  -9.4395258e-01  -2.0482742e-01  -1.1140884e-03  -5.5465268e-03  -2.2959031e-03
  -2.2687210e-01  -1.0194451e+00  -3.0160867e-01  -1.4054537e-03  -5.9123591e-03  -2.8066226e-03
  -2.4808043e-01  -9.6495504e-01  -1.8921982e-01  -1.7914166e-03  -5.4246892e-03  -2.9121466e-03
  -2.1189594e-01  -9.8636829e-01  -2.6573518e-01  -2.0831457e-03  -5.9423647e-03  -2.7502205e-03
  -2.4074720e-01  -9.6114349e-01  -1.9675278e-01  -2.1486621e-03  -5.4432715e-03  -2.8580202e-03
  -2.0195305e-01  -9.9305489e-01  -2.3341745e-01  -1.7153182e-03  -5.5826306e-03  -2.6844082e-03
  -2.5162279e-01  -1.0009477e+00  -2.2319915e-01  -7.4633616e-04  -5.1215223e-03  -2.7460529e-03
  -2.2113302e-01  -1.0060312e+00  -2.0331011e-01  -1.5878128e-03  -5.7943055e-03  -2.5681048e-03
  -2.5013544e-01  -9.9065398e-01  -2.4814834e-01  -1.5660242e-03  -5.4538953e-03  -2.7752487e-03
  -2.1286733e-01  -1.0149070e+00  -2.0478923e-01  -2.2635913e-03  -5.7651514e-03  -2.5672674e-03
  -2.5896269e-01  -1.0337825e+00  -2.5924886e-01  -1.6504325e-03  -5.5364762e-03  -3.1317564e-03
  -2.1720030e-01  -1.0110266e+00  -2.0543511e-01  -2.3977453e-03  -5.7987763e-03  -2.7492463e-03
  -2.7999522e-01  -1.0324250e+00  -2.9104747e-01  -9.0484660e-04  -4.9650877e-03  -3.5254294e-03
  -2.4745696e-01  -1.0152117e+00  -2.0312998e-01  -1.3915744e-03  -4.9975327e-03  -3.0825752e-03
  -2.7494510e-01  -1.0521101e+00  -2.7846093e-01  -5.7707553e-04  -4.9509127e-03  -3.4578481e-03
  -2.3156549e-01  -1.0226598e+00  -2.0840939e-01  -1.6650471e-03  -5.4461395e-03  -3.0173689e-03
  -2.6385081e-01  -1.0246225e+00  -3.0128050e-01  -1.1611164e-03  -5.5502734e-03  -2.8924246e-03
  -2.2495359e-01  -1.0261452e+00  -1.8389499e-01  -1.8031614e-03  -5.7817084e-03  -2.7855622e-03
  -2.5060742e-01  -1.0511667e+00  -3.2335053e-01  -2.0552595e-03  -5.6263418e-03  -3.2093830e-03
  -2.2939812e-01  -1.0504792e+00  -1.7053430e-01  -2.3484705e-03  -5.6505914e-03  -2.6120612e-03
  -2.7905938e-01  -1.1107473e+00  -2.9385323e-01  -9.1341728e-04  -5.7833209e-03  -2.6220131e-03
  -2.6096510e-01  -1.0750478e+00  -1.7417363e-01  -1.8680162e-03  -5.4302828e-03  -2.4634754e-03
  -2.5199013e-01  -1.1380277e+00  -3.3706714e-01  -1.3623377e-03  -5.9764741e-03  -2.8277723e-03
  -2.6044415e-01  -1.0814496e+00  -1.9143682e-01  -1.5714692e-03  -5.5526137e-03  -2.5324911e-03
  -2.4613026e-01  -1.1272690e+00  -3.1188568e-01  -1.2575755e-03  -5.9320132e-03  -2.7908534e-03
  -2.6001890e-01  -1.1089338e+00  -2.2544230e-01  -1.4146153e-03  -5.6350426e-03  -2.7650360e-03
  -2.3699941e-01  -1.1458539e+00  -2.9025023e-01  -1.7963865e-03  -6.0404895e-03  -2.9834271e-03
  -2.6394813e-01  -1.1576149e+00  -2.3320560e-01  -1.4822437e-03  -5.5537959e-03  -3.2150596e-03
  -2.3345718e-01  -1.1778439e+00  -2.5168131e-01  -2.4113480e-03  -5.9844567e-03  -2.9911624e-03
  -2.7429760e-01  -1.1518391e+00  -2.6145485e-01  -1.0779951e-03  -5.4630415e-03  -3.0095662e-03
  -2.2329266e-01  -1.1311846e+00  -2.5518287e-01  -1.8553090e-03  -5.9072110e-03  -2.7778577e-03
  -2.6601288e-01  -1.1402230e+00  -2.6663043e-01  -8.3093853e-04  -5.6790642e-03  -2.7863062e-03
  -2.3431879e-01  -1.1277225e+00  -2.5988031e-01  -1.9786404e-03  -5.8193655e-03  -2.7358121e-03
  -2.6026295e-01  -1.1786583e+00  -2.5312551e-01  -7.4708934e-04  -5.2970553e-03  -3.3019358e-03
  -2.2180936e-01  -1.1413237e+00  -2.5798671e-01  -2.3601635e-03  -5.8647181e-03  -2.8275820e-03
  -2.5946721e-01  -1.1714243e+00  -3.0041687e-01  -6.8442059e-04  -5.7909610e-03  -2.4772703e-03
  -2.3498496e-01  -1.1445287e+00  -2.5228539e-01  -2.2069446e-03  -5.7873456e-03  -2.6616555e-03
  -2.9782544e-01  -1.2183225e+00  -3.4438731e-01  -8.1481304e-04  -5.3941161e-03  -3.2298483e-03
  -2.5116884e-01  -1.1943602e+00  -2.2632124e-01  -2.1937532e-03  -5.6499544e-03  -2.7094098e-03
  -3.0558840e-01  -1.2316788e+00  -3.3874938e-01  -8.0506910e-04  -4.8730861e-03  -3.9738398e-03
  -2.6328207e-01  -1.1851492e+00  -2.4517801e-01  -2.1634698e-03  -5.3011479e-03  -3.1943078e-03
  -2.9909611e-01  -1.2356515e+00  -3.3177934e-01  -4.5484804e-04  -5.0075577e-03  -3.7856241e-03
  -2.6747067e-01  -1.2137115e+00  -2.0994042e-01  -1.7209360e-03  -5.1613268e-03  -3.3547216e-03
  -2.9788146e-01  -1.2866281e+00  -3.9017969e-01  -1.0640838e-03  -5.3954768e-03  -3.3277368e-03
