   0.0000000e+00   0.0000000e+00   0.0000000e+00   0.0000000e+00   0.0000000e+00   0.0000000e+00
  -1.1382509e-02   2.7616607e-02   6.8977033e-02   4.4814295e-04  -1.5129180e-04  -3.0648817e-04
  -2.2433478e-02   8.3442537e-03   5.8707261e-02   5.4436311e-04   4.3489295e-05  -3.5265268e-04
  -9.6124095e-03   1.4414832e-02   3.9984994e-02   6.7487288e-04  -1.5245307e-04  -1.3930822e-04
  -1.1303967e-02   2.6778411e-02  -9.6663361e-03   2.6237651e-03   3.9818042e-04  -9.8514318e-05
  -3.4974421e-03   2.3623209e-02  -4.1460462e-02   7.0595308e-04   4.5892210e-04   2.4362401e-04
  -1.0638423e-02   4.3213067e-02   1.1763855e-04   1.3548874e-03   4.0999645e-04  -1.4431553e-05
  -1.4627321e-02   6.8823416e-03  -2.0734155e-02   6.9945505e-05   1.4075340e-04  -1.2322684e-05
  -2.2803752e-02   1.6797427e-02   5.1070443e-02   1.6354755e-04  -4.3364756e-06  -2.0529546e-04
  -3.8555535e-02   3.9030876e-02   3.3499991e-02   5.6430509e-04   3.2130755e-04  -2.8056609e-04
  -3.8229427e-02   1.7471212e-02   2.0474751e-02   9.8721653e-04   7.0273224e-04  -2.9383256e-04
  -5.8776861e-02   3.4922691e-03   5.2984872e-02   1.7043399e-03   5.9211847e-04   1.3492491e-05
  -4.5946888e-02  -3.3002545e-02   4.1445095e-02  -2.7081100e-04   8.5606618e-04   8.6142752e-05
  -5.7208335e-02   5.3908863e-03   7.3088510e-02   1.7361586e-03   9.7169678e-04  -1.0998324e-04
  -6.2577252e-02  -1.6013550e-02   7.1166990e-02   7.6322245e-04   9.5375756e-04  -1.1344629e-04
  -4.4456998e-02  -2.9479344e-02   1.1036968e-01   4.0657196e-04   1.0247664e-03  -2.6785025e-04
  -5.6830176e-02  -2.4179255e-02   8.9717203e-02   1.0650473e-03   1.0486628e-03  -3.6315541e-04
  -4.6127646e-02  -3.4512739e-02   7.9214678e-02   5.0889537e-04   1.3500807e-03  -4.1213937e-04
  -5.0326708e-02  -2.7367127e-02   7.6785217e-02   2.0181570e-03   1.1215130e-03  -7.4006003e-04
  -4.3745492e-02  -6.9605397e-02   7.1282171e-02   1.4279564e-03   1.1905466e-03  -7.8217300e-04
  -5.1865134e-02  -2.6879463e-02   6.2855773e-02   2.7820578e-03   1.1461225e-03  -7.3933515e-04
  -4.6621627e-02  -1.8652141e-02   2.5442978e-02   2.6029613e-03   1.4046747e-03  -9.2278155e-04
  -5.9758210e-02   1.7525273e-02   3.8993922e-02   2.8541739e-03   1.7413884e-03  -9.5930951e-04
  -4.6396254e-02  -6.0080817e-03   8.1509503e-02   2.7901324e-03   1.1362991e-03  -7.8737737e-04
  -6.0130114e-02   8.0373299e-03   8.0502185e-02   2.6106960e-03   1.2924384e-03  -8.8312897e-04
  -4.5138822e-02  -2.4652151e-02   9.9170645e-02   2.9171270e-03   9.3336211e-04  -7.6743124e-04
  -4.4833171e-02  -2.0896902e-02   8.6442593e-02   2.4763620e-03   1.3529179e-03  -9.7185185e-04
  -4.1751681e-02  -1.8363371e-02   8.8719091e-02   3.1326961e-03   1.2013891e-03  -1.0691204e-03
  -4.2076232e-02  -1.7145322e-03   1.0267853e-01   2.5405104e-03   1.2447083e-03  -9.7052632e-04
  -3.0347752e-02   5.2127876e-02   4.0829573e-01   1.0393648e-03  -4.4888033e-04  -6.4755264e-04
   1.8043072e-02   1.4535943e-01   8.3964643e-01  -3.7509687e-03  -1.1056424e-03   3.9893064e-04
   9.5666994e-02   1.6754048e-01   5.9684604e-01  -1.0349757e-02  -3.8557727e-03  -1.8206215e-04
   1.0793785e-01   1.1223378e-01   4.1563982e-01  -8.3552444e-03  -3.4613298e-03   5.2063057e-04
   1.2550671e-01   1.0925982e-01   4.6826192e-01  -8.0686661e-03  -3.6260941e-03   4.6401861e-04
   1.2656827e-01   9.6976411e-02   4.4627217e-01  -7.7362331e-03  -3.5310428e-03   5.3276167e-04
   1.4475092e-01   7.6631422e-02   4.6110346e-01  -7.6042324e-03  -3.6673369e-03   7.3084518e-04
   1.3300397e-01   1.0383090e-01   4.5737541e-01  -6.5648294e-03  -3.2941547e-03   5.3274351e-04
   1.3306101e-01   7.9082230e-02   4.7726771e-01  -7.2075413e-03  -3.2311517e-03   7.6496526e-04
   1.4027228e-01   8.3896431e-02   5.0690882e-01  -7.0583629e-03  -3.2289082e-03   1.0584614e-03
   1.2925589e-01   9.4142580e-02   4.3945673e-01  -5.4635411e-03  -2.6375525e-03   7.9954547e-04
   1.4698080e-01   8.3381174e-02   5.0735164e-01  -6.0651926e-03  -2.9350959e-03   9.5760095e-04
   1.4556243e-01   6.9749506e-02   5.3922420e-01  -7.0777145e-03  -3.0111617e-03   9.7432380e-04
   1.5636139e-01   3.0205783e-02   5.3982708e-01  -8.0034989e-03  -3.2181621e-03   1.2272971e-03
   1.8954253e-01   1.4515099e-02   5.9026490e-01  -7.3727083e-03  -3.3458702e-03   9.1010378e-04
   1.9639131e-01  -1.4820409e-02   5.7685676e-01  -5.7424749e-03  -3.7016720e-03   9.4159036e-04
   2.1208128e-01  -5.8577060e-02   5.5051944e-01  -6.7078476e-03  -3.2231615e-03   9.7628601e-04
   1.9232218e-01  -1.2512846e-02   4.9520418e-01  -4.2654307e-03  -3.2051697e-03   1.0267617e-03
   2.0163178e-01  -6.3299357e-02   5.6985791e-01  -4.9472897e-03  -3.2440260e-03   5.9853931e-04
   1.9641341e-01  -2.8572543e-02   5.7251550e-01  -5.0640924e-03  -2.9131482e-03   7.3658229e-04
   2.0820603e-01  -4.0565745e-02   5.2867507e-01  -4.3471976e-03  -2.8525427e-03   8.2881786e-04
   2.2067728e-01  -5.5001509e-02   5.5716126e-01  -5.3472452e-03  -2.4248767e-03   9.5701784e-04
   2.0301414e-01  -9.8923237e-03   5.2907935e-01  -4.8193471e-03  -2.0910371e-03   1.0988883e-03
   2.3233138e-01  -6.4331913e-02   5.5214840e-01  -5.4478628e-03  -1.9216079e-03   1.4210293e-03
   2.2274777e-01  -3.6680643e-02   5.8621693e-01  -5.1470995e-03  -1.6473945e-03   1.4421679e-03
   2.1912842e-01  -7.0951792e-02   5.5472752e-01  -4.7777132e-03  -1.3643460e-03   1.7645431e-03
   2.3080655e-01  -6.5610825e-02   5.8123831e-01  -4.6976335e-03  -8.4735653e-04   1.8605477e-03
   2.1812750e-01  -5.2967665e-02   5.8891692e-01  -3.9086966e-03  -7.5933304e-04   2.0730221e-03
   2.3816937e-01  -7.8085796e-02   5.7905861e-01  -4.8518222e-03  -8.3636446e-04   1.9815328e-03
   2.1387430e-01  -5.9380176e-02   4.3147304e-01  -3.1418329e-03  -9.6517151e-04   1.5459982e-03
   2.1431372e-01  -5.6609166e-02   3.8613222e-01  -4.1888709e-03  -1.0848924e-03   1.3656572e-03
   2.1574831e-01  -4.1673570e-02   3.9135379e-01  -4.5214245e-03  -7.2296979e-04   1.6408748e-03
   2.0492948e-01  -4.9610201e-02   3.7214470e-01  -2.9909672e-03  -1.1385944e-03   1.5034830e-03
   2.2256747e-01  -7.6641003e-02   3.6957551e-01  -3.8968280e-03  -8.7705412e-04   1.6276152e-03
   1.8878737e-01  -4.7574200e-02   3.7290480e-01  -3.0903530e-03  -1.2344796e-04   1.7773152e-03
   1.8890026e-01  -6.1873419e-02   3.7969440e-01  -3.1483661e-03  -6.5572891e-04   1.8002242e-03
   1.9871619e-01  -7.5322751e-02   4.5171472e-01  -4.1135785e-03  -7.5011729e-05   1.5371425e-03
   1.8167824e-01  -6.2585854e-02   4.7520281e-01  -3.6049823e-03   2.0402887e-04   1.8749820e-03
   2.0514005e-01  -1.0563146e-01   4.8794416e-01  -4.2791612e-03  -8.6468830e-06   1.9171698e-03
   1.9727513e-01  -8.7067866e-02   5.0197283e-01  -4.2150824e-03   4.3833562e-04   2.2000527e-03
   1.8363125e-01  -1.0560057e-01   4.7106080e-01  -3.1878424e-03   4.2064089e-04   2.2119788e-03
   1.8462150e-01  -1.6110388e-01   3.7085664e-01  -2.9775662e-03   3.8520508e-04   2.2005591e-03
   1.7316600e-01  -9.3232740e-02   3.0082922e-01  -2.2041432e-03   2.5848863e-04   2.1888735e-03
   1.7141608e-01  -1.0330306e-01   3.2786272e-01  -3.0804740e-03   3.9126187e-04   2.4709679e-03
   1.8115530e-01  -1.0511468e-01   3.6105662e-01  -4.5906820e-03   4.0974072e-04   2.5943243e-03
   1.7145082e-01  -8.1738829e-02   3.8891773e-01  -3.8255771e-03   3.3538107e-05   2.3678767e-03
   1.9171650e-01  -1.0879574e-01   4.0574167e-01  -4.0799306e-03  -1.8339032e-05   2.3273611e-03
   1.8001110e-01  -8.4249482e-02   4.2376428e-01  -3.1659704e-03   2.7360432e-04   2.3669750e-03
   1.9211173e-01  -1.0305425e-01   4.7031130e-01  -4.5282101e-03   1.9751475e-04   2.4875174e-03
   2.1490791e-01  -1.2055563e-01   5.4244761e-01  -5.2534473e-03   1.3935715e-04   2.3967738e-03
   2.0078098e-01  -9.9195895e-02   5.4550108e-01  -4.4615625e-03  -9.8213721e-05   2.1892262e-03
   2.0241843e-01  -1.0613570e-01   5.2736978e-01  -5.3089740e-03   3.4610345e-04   1.9779384e-03
   1.7222106e-01  -8.8601124e-02   4.2926632e-01  -4.4776152e-03   7.5117731e-04   1.3236741e-03
   1.7924974e-01  -1.2416306e-01   5.1555610e-01  -6.0698818e-03   1.2227138e-04   1.1487848e-03
   1.7705782e-01  -1.0832066e-01   5.5647422e-01  -6.6124808e-03   1.0232537e-04   1.8371508e-03
   1.6391865e-01  -9.5473662e-02   5.7565329e-01  -6.5757101e-03   1.2241758e-04   1.9239248e-03
   1.7521160e-01  -1.1504856e-01   5.8923582e-01  -5.4573053e-03   3.5287647e-04   1.5515004e-03
   1.6432819e-01  -1.1967001e-01   4.9438363e-01  -6.2188458e-03   1.8134844e-04   1.6767339e-03
   1.8393253e-01  -1.1781865e-01   4.1401531e-01  -5.3595861e-03  -3.1403654e-04   1.6875906e-03
   1.7666522e-01  -9.0304734e-02   4.2897775e-01  -5.8809688e-03   3.3093297e-04   1.8220176e-03
   1.7676921e-01  -8.6640170e-02   4.4878584e-01  -4.9283593e-03   2.7081269e-04   1.3573629e-03
   1.6125777e-01  -6.1987420e-02   4.7990187e-01  -5.0129222e-03   8.1856240e-04   1.2962998e-03
   1.5728345e-01  -7.3260560e-02   4.5269725e-01  -4.1202362e-03   5.5619391e-04   1.3592480e-03
   1.5864212e-01  -4.5097052e-02   4.7870361e-01  -4.1915017e-03   4.7042420e-04   1.4906838e-03
   1.5118962e-01  -6.3106162e-02   4.6908372e-01  -4.4447133e-03   4.1436876e-04   1.6670293e-03
   1.6403657e-01  -1.3742610e-01   4.6959375e-01  -6.5401039e-03   6.6418578e-04   1.7467156e-03
   1.6194943e-01  -1.0634026e-01   4.5147902e-01  -5.4619517e-03   3.1394837e-04   2.1401211e-03
   1.5955095e-01  -1.4015990e-01   4.4171576e-01  -4.9684254e-03   1.6312925e-04   2.2241903e-03
   1.5590755e-01  -1.3335832e-01   4.6452661e-01  -5.6738416e-03   5.9305687e-04   1.9166634e-03
   1.5477746e-01  -1.3913483e-01   4.6552937e-01  -4.9556596e-03   5.0691607e-04   1.9740492e-03
   1.5845350e-01  -1.4968974e-01   4.6604087e-01  -5.1828836e-03   7.2782759e-04   2.2695720e-03
   1.4102211e-01  -1.2796060e-01   4.4887764e-01  -4.3729308e-03   7.8399668e-04   2.0652318e-03
   1.4632701e-01  -1.6969170e-01   4.5866780e-01  -4.2341611e-03   6.4849078e-04   2.3419080e-03
   1.4227017e-01  -1.3396800e-01   4.8735147e-01  -4.1081094e-03   6.5609915e-04   2.1011026e-03
   1.3429191e-01  -1.5926830e-01   4.6121234e-01  -3.9888897e-03   6.0992521e-04   2.0725832e-03
   1.2913134e-01  -1.4640185e-01   4.0407872e-01  -3.7603129e-03   7.5814069e-04   2.1229884e-03
   1.3513866e-01  -1.5297718e-01   3.9896667e-01  -3.1349743e-03   7.6743048e-04   2.1000470e-03
   1.4448953e-01  -1.4911449e-01   4.6091500e-01  -3.5932046e-03   8.8835147e-04   2.2397606e-03
   1.3925791e-01  -1.3805205e-01   4.4204239e-01  -2.2004919e-03   9.1600795e-04   2.1143926e-03
   1.4016870e-01  -1.5338574e-01   4.4621925e-01  -2.9754061e-03   1.1380114e-03   1.9232857e-03
   1.3102996e-01  -1.3685339e-01   4.2804993e-01  -2.0870226e-03   1.6537044e-03   1.4446349e-03
   1.3401774e-01  -1.5599556e-01   4.1891689e-01  -2.3388107e-03   1.1754855e-03   1.6362098e-03
   1.2463225e-01  -1.1387339e-01   4.0267432e-01  -5.6004680e-04   1.3682382e-03   1.6173146e-03
   1.3889282e-01  -1.5832062e-01   4.0666623e-01  -1.3534317e-03   1.6153707e-03   1.3534821e-03
   1.3755692e-01  -1.6829426e-01   4.2131979e-01  -2.7103145e-03   1.5607397e-03   1.8945187e-03
   1.5241586e-01  -1.8431882e-01   4.5561672e-01  -2.3342055e-03   1.3934143e-03   1.6560627e-03
   1.5140063e-01  -1.4995950e-01   4.6417197e-01  -2.7026692e-03   1.2402279e-03   1.7789593e-03
   1.5267244e-01  -1.4572501e-01   4.9765100e-01  -2.6255660e-03   1.9823257e-03   5.7865028e-04
   1.4296422e-01  -1.8347207e-01   4.1475318e-01  -1.5869309e-03   1.6631005e-03   3.3617971e-04
   1.4806862e-01  -1.8746492e-01   4.3518450e-01  -4.5709244e-04   1.7236248e-03   1.1935391e-03
   1.7200055e-01  -2.1298814e-01   5.0825195e-01  -1.3749296e-03   1.7739206e-03   1.2290915e-03
   1.5997132e-01  -1.8004489e-01   4.9569896e-01   2.6194851e-04   1.6113210e-03   1.3704441e-03
   1.8067554e-01  -2.3023498e-01   5.4878344e-01   7.0795265e-04   1.6251709e-03   1.1246444e-03
   1.9807188e-01  -2.1102963e-01   5.3521602e-01   1.1481495e-03   1.4363445e-03   1.1679368e-03
   2.0545584e-01  -2.6028800e-01   5.2421385e-01   3.4758980e-04   1.4511072e-03   1.1325289e-03
   2.2080286e-01  -2.8599286e-01   5.6006270e-01  -9.0807596e-04   1.1641245e-03   1.4311328e-03
   2.0980256e-01  -2.4683265e-01   4.8053483e-01  -2.7055388e-04   1.1924358e-03   1.5501963e-03
   2.2938951e-01  -2.8630093e-01   5.1406191e-01  -5.8322727e-04   1.1708020e-03   1.4704423e-03
   2.3606655e-01  -2.7681298e-01   5.7136350e-01  -8.1388024e-05   7.6719629e-04   1.7598750e-03
   2.3331626e-01  -3.3264278e-01   5.9582709e-01  -3.4104064e-04   1.2702635e-03   1.7064777e-03
   2.5646168e-01  -3.6863005e-01   6.1930631e-01  -1.5842649e-03   1.2321423e-03   1.8113013e-03
   2.5730024e-01  -3.3592556e-01   6.2972266e-01  -5.4410608e-04   9.5478087e-04   2.0840420e-03
   2.7011042e-01  -3.9338357e-01   6.2933153e-01  -1.1540182e-03   6.1022083e-04   2.1931699e-03
   2.7154604e-01  -3.7204094e-01   6.5206592e-01  -7.9082002e-04   8.3868590e-04   2.0492437e-03
   2.5983519e-01  -3.7146204e-01   5.0522845e-01  -6.4377087e-06   8.4566692e-04   2.1958060e-03
   2.6597372e-01  -3.8135258e-01   5.6974104e-01  -2.7554650e-04   1.3174872e-03   1.8016354e-03
   2.6534277e-01  -3.4976929e-01   6.3051799e-01   5.0359175e-05   1.6473760e-03   1.9880770e-03
   2.6628162e-01  -3.8290655e-01   6.2383600e-01   4.2840467e-04   1.6300097e-03   1.8554264e-03
   2.5703409e-01  -3.6741830e-01   6.4384954e-01  -2.9580790e-04   1.8934370e-03   1.8544911e-03
   2.4564047e-01  -3.6473938e-01   6.5640272e-01   1.2208201e-04   2.0746904e-03   2.0135565e-03
   2.4810701e-01  -3.7971323e-01   5.5107402e-01  -1.1489700e-03   1.5003207e-03   2.1641332e-03
   2.3802087e-01  -3.3611666e-01   6.4046895e-01  -6.6777505e-04   1.4517632e-03   2.2950378e-03
   2.3521737e-01  -3.7803648e-01   6.8399917e-01   2.8643810e-04   1.8619469e-03   1.6817612e-03
   2.3837533e-01  -3.8508791e-01   7.2940469e-01  -1.3038794e-03   2.0116676e-03   1.8678988e-03
   2.2462135e-01  -3.5435132e-01   7.1324316e-01  -4.2148787e-04   1.8656795e-03   2.2169548e-03
   2.2872403e-01  -3.6390035e-01   7.3724948e-01  -1.2464576e-05   2.3840837e-03   2.1329016e-03
   2.3635126e-01  -3.8620549e-01   7.9744645e-01  -1.3495463e-03   2.2777505e-03   2.6858554e-03
   2.4078445e-01  -4.0218111e-01   7.9453033e-01  -7.1924146e-04   2.0386131e-03   2.5466039e-03
   2.4568298e-01  -4.2456386e-01   7.5220653e-01  -1.2759978e-03   1.8796046e-03   2.6843333e-03
   2.3179185e-01  -4.1122337e-01   6.0760828e-01   3.2794677e-04   1.9738699e-03   2.7351080e-03
   2.4818925e-01  -4.2378811e-01   6.9543833e-01  -1.3435206e-03   2.0209192e-03   2.7858807e-03
   2.3593193e-01  -3.5982869e-01   7.1360750e-01  -8.3192184e-04   2.2927696e-03   2.3067560e-03
   2.4408858e-01  -3.8382284e-01   5.8149194e-01   1.9707183e-04   1.8048762e-03   2.4721456e-03
   2.5075158e-01  -3.6451215e-01   6.6881482e-01  -2.8404514e-04   1.8834213e-03   2.1414399e-03
   2.4963195e-01  -3.7379691e-01   7.3639039e-01   8.7987141e-04   1.9439251e-03   2.0029104e-03
   2.6975050e-01  -3.9572298e-01   7.7773960e-01  -6.7999301e-05   2.6259438e-03   1.7436202e-03
   2.5273957e-01  -3.7570246e-01   7.5389704e-01   9.5171439e-04   2.5818275e-03   1.7950274e-03
   2.4984946e-01  -3.7547953e-01   7.4339968e-01   5.8724787e-04   3.1427545e-03   1.4227706e-03
   2.2027914e-01  -3.3340775e-01   7.2325551e-01   7.1107225e-04   3.4944091e-03   1.2698057e-03
   2.0732718e-01  -3.6894098e-01   6.2467824e-01  -8.6205942e-04   3.4746892e-03   1.9719655e-03
   2.1122218e-01  -3.2242280e-01   5.9865784e-01  -1.1113887e-04   2.9105836e-03   2.1863938e-03
   2.0912965e-01  -3.4504879e-01   5.6488815e-01  -9.0472181e-04   2.5679759e-03   2.3335238e-03
   2.1006436e-01  -3.3218835e-01   5.7791806e-01  -1.9965451e-03   3.0520426e-03   2.8095774e-03
   2.1289149e-01  -3.5774127e-01   5.7898125e-01  -2.1753915e-03   2.6345787e-03   2.5366610e-03
   1.9487404e-01  -3.7531316e-01   6.2637987e-01  -1.3621086e-03   2.8638801e-03   3.1036286e-03
   2.0569411e-01  -3.6105032e-01   5.7330146e-01  -1.3328495e-03   2.7206629e-03   2.9499879e-03
   2.0218999e-01  -3.7911283e-01   5.6727202e-01  -3.1503674e-03   3.0348560e-03   3.1262835e-03
   2.2176264e-01  -3.3433276e-01   5.5775511e-01  -1.9056708e-03   2.4121256e-03   3.0422297e-03
   2.4648970e-01  -3.9376570e-01   6.0761121e-01  -2.3056291e-03   2.6253376e-03   2.9775450e-03
   2.6224038e-01  -3.6788415e-01   6.1361425e-01  -1.4320934e-03   2.0871217e-03   2.8425820e-03
   2.6809025e-01  -3.8253239e-01   6.0354081e-01  -1.0903010e-03   2.3307934e-03   2.6163228e-03
   2.5827898e-01  -3.6945203e-01   6.2674305e-01  -8.9063324e-04   2.3661315e-03   2.3034790e-03
   2.5894493e-01  -3.7828893e-01   5.5201884e-01  -4.8399430e-04   2.2846080e-03   2.2722337e-03
   2.5812256e-01  -3.7849479e-01   5.9483166e-01  -2.7843699e-04   2.3261956e-03   2.1380454e-03
   2.5537664e-01  -3.9651541e-01   5.3810209e-01  -5.1535590e-04   2.1353999e-03   2.5383587e-03
   2.4382255e-01  -4.0027150e-01   5.4464843e-01   7.6333561e-04   2.5421467e-03   2.2813298e-03
   2.5551521e-01  -3.9442312e-01   5.0799656e-01   1.2614360e-03   2.5995972e-03   2.2373841e-03
   2.2012151e-01  -3.9045808e-01   5.1916782e-01   1.5783440e-03   3.0843743e-03   2.4269354e-03
   2.3758631e-01  -4.6572440e-01   5.6485954e-01  -3.3626931e-04   2.7676660e-03   2.5125679e-03
   2.2258091e-01  -3.9740006e-01   5.5464687e-01  -2.9875146e-04   2.9298753e-03   2.3524809e-03
   2.3612831e-01  -4.4155911e-01   5.5365991e-01  -5.6398147e-04   2.4929308e-03   2.5757639e-03
   2.3226287e-01  -4.4670554e-01   5.4429222e-01  -1.4281684e-03   2.7693836e-03   2.7674772e-03
   2.3644160e-01  -4.4086703e-01   5.3624017e-01  -1.5644201e-04   2.8215718e-03   2.9017383e-03
   2.3274396e-01  -4.5437321e-01   5.7039553e-01  -7.6880718e-04   3.0091386e-03   3.0385450e-03
   2.3021121e-01  -4.4474531e-01   6.1481323e-01   7.3820751e-04   3.3169260e-03   3.1458304e-03
   2.4369639e-01  -4.7808571e-01   6.1928418e-01  -4.0314644e-04   3.1002029e-03   3.0912796e-03
   2.2819530e-01  -4.7026575e-01   6.1816364e-01  -9.3699597e-04   3.3649693e-03   3.1937838e-03
   2.1927503e-01  -4.8908314e-01   5.6683114e-01  -3.2221660e-04   3.3174232e-03   3.5175007e-03
   2.3521549e-01  -4.9429385e-01   6.1135651e-01  -5.8071489e-04   2.9859451e-03   3.8612410e-03
   2.4942294e-01  -5.0283914e-01   5.9290149e-01  -3.7678888e-04   2.4750107e-03   4.1226299e-03
   2.4902346e-01  -5.3157605e-01   5.6937748e-01  -1.3225922e-03   2.7713961e-03   4.0506819e-03
   2.4897466e-01  -4.9954034e-01   5.7336290e-01   1.8052639e-04   2.9668875e-03   4.0609492e-03
   2.5298131e-01  -5.2352849e-01   5.4634979e-01  -3.4614215e-04   2.7191445e-03   3.8940324e-03
   2.4182880e-01  -5.4082738e-01   5.6385512e-01  -1.2698640e-03   2.7298785e-03   4.0544669e-03
   2.3243773e-01  -5.3889825e-01   5.2771918e-01   1.2615488e-03   2.4227939e-03   4.1255316e-03
   2.2669910e-01  -5.1213016e-01   5.4926131e-01  -6.1422664e-04   2.3645057e-03   4.3293647e-03
   2.1313641e-01  -4.8434273e-01   5.8731342e-01  -1.0481412e-03   2.3183958e-03   4.2706758e-03
   2.4127344e-01  -5.5040376e-01   6.4021903e-01  -1.7723702e-03   2.4783323e-03   4.1892980e-03
   2.2137054e-01  -4.9323576e-01   6.0607544e-01  -1.2780648e-03   2.4541809e-03   4.3848042e-03
   2.4082487e-01  -5.2114503e-01   5.8586016e-01  -1.7530468e-03   2.6413672e-03   4.3834858e-03
   2.3202470e-01  -4.7839725e-01   5.9015420e-01  -4.3666894e-04   2.7747879e-03   3.7969999e-03
   2.3895607e-01  -5.1014423e-01   5.7749535e-01  -9.1771425e-04   2.4271478e-03   4.3796067e-03
   2.3465800e-01  -4.7792518e-01   5.7630001e-01  -4.7723154e-04   2.5037912e-03   4.6490143e-03
   2.4218477e-01  -5.3131402e-01   5.4534746e-01   5.1838971e-04   3.1355264e-03   3.6191914e-03
   2.1852869e-01  -5.0292485e-01   4.9720921e-01   2.1519947e-03   3.5291701e-03   3.4120287e-03
   2.1402027e-01  -5.3355567e-01   5.2722563e-01   1.7066063e-03   3.1635056e-03   3.5814707e-03
   2.0931741e-01  -5.1343487e-01   4.9920260e-01   7.3432840e-04   2.9840576e-03   3.7226778e-03
   2.1156932e-01  -5.3724360e-01   4.7812698e-01   1.4166297e-03   2.8173936e-03   3.8757515e-03
   1.9854756e-01  -5.4235720e-01   5.1559016e-01   1.5097623e-03   3.9196295e-03   3.0591344e-03
   1.9974897e-01  -5.2663982e-01   5.1228015e-01   2.1706502e-03   3.6802389e-03   3.5483972e-03
   1.9479495e-01  -5.7543287e-01   5.2283159e-01   1.4764438e-03   3.6626615e-03   3.9576797e-03
