   0.0000000e+00   0.0000000e+00   0.0000000e+00   0.0000000e+00   0.0000000e+00   0.0000000e+00
   1.0415127e-02  -1.2228997e-02  -9.3180297e-03   3.8456732e-04  -7.7137864e-05   1.2274588e-04
   3.2583471e-02  -3.9415384e-02   3.3974712e-02  -1.9528401e-04  -2.4984085e-04   1.4019685e-04
   3.9021646e-02  -2.4463985e-02   1.8699010e-02  -1.7739991e-04  -2.4709547e-04   4.3291204e-04
   4.9025568e-02   1.2805284e-02   2.0418765e-02  -1.2238745e-03   5.9937065e-05   4.2680785e-04
   4.2400632e-02  -2.3455102e-02  -1.2888896e-03  -8.4935063e-04   1.5772533e-04   1.6021189e-05
   4.9822294e-02  -2.4225814e-02   1.1277256e-02  -9.6470944e-04   1.1776307e-04   4.6609512e-04
   7.0838023e-03  -1.1666266e-01   5.2540196e-02  -5.9151907e-04   5.0611353e-04  -5.0050640e-05
   4.5407430e-02  -9.1573109e-02   3.3771487e-02  -6.3504152e-04   1.4536010e-04   3.9773782e-04
   4.9020522e-02  -1.3848647e-01   9.3609646e-03   9.7020824e-04   2.8640880e-04   2.4343252e-04
   4.0508699e-02  -1.1290334e-01  -2.6825772e-02   4.2651020e-04  -7.7160504e-05   1.1158366e-03
   4.3442392e-02  -7.8575690e-02  -1.7255402e-02  -1.0703420e-03  -1.0962750e-04   5.8424391e-04
   4.4862995e-02  -6.8599803e-02   1.6384519e-02  -1.2817310e-03  -1.0447765e-04   1.0314138e-03
   3.2818021e-02  -5.8252647e-02   1.3463492e-02  -6.5959356e-04   1.1399798e-04   1.3622281e-03
   5.4776391e-02  -1.0306862e-01   2.9080692e-03   7.0298647e-05  -2.0999699e-04   1.2755967e-03
   5.2825537e-02  -7.7115911e-02   4.1508834e-02  -1.2947792e-03   3.3777212e-05   1.2256958e-03
   6.0236443e-02  -7.9372951e-02   2.5473905e-02  -5.9412194e-04   4.2116288e-05   2.0011226e-03
   7.4821081e-02  -8.8732792e-02   2.9375109e-02  -9.3421391e-04   2.2708990e-05   1.9911048e-03
   6.3007113e-02  -1.0935345e-01   4.2373755e-02  -6.9596749e-04   2.4075933e-04   1.7509288e-03
   7.1524955e-02  -1.0705941e-01   6.0633763e-02  -6.0147371e-04   8.9458960e-05   2.0950653e-03
   6.3733069e-02  -1.2094499e-01   3.7053758e-02  -3.5332037e-04   5.3708190e-05   2.1002053e-03
   6.1646644e-02  -1.3763898e-01   4.4540673e-02  -4.3341361e-04   1.2775845e-04   1.8643519e-03
   5.6094027e-02  -1.3908342e-01   3.5697640e-02   6.6227491e-04   3.1008910e-04   2.2329805e-03
   6.0870346e-02  -1.1126346e-01   2.7484956e-02   3.0360945e-04   1.4266425e-04   2.2929972e-03
   4.0429360e-02  -1.2437230e-01   3.5596419e-02  -5.3354611e-04   3.3237824e-04   1.7417286e-03
   3.7636406e-02  -1.3318926e-01   6.4084211e-02   1.8196543e-04   2.5729528e-04   2.2455310e-03
   4.7406898e-02  -1.3219993e-01   6.2402662e-02  -8.8331756e-04   4.8730759e-04   1.9373384e-03
   5.3327116e-02  -1.7482725e-01   5.6366229e-02  -2.9692205e-04   2.7715968e-04   1.7379800e-03
   6.1233463e-02  -1.8834584e-01   3.7630306e-02   1.6163006e-05   2.0883600e-04   2.1142350e-03
   5.4965327e-02  -1.9625346e-01   4.7771418e-02  -4.9552131e-04   1.1690727e-04   1.6873191e-03
   5.5511528e-02  -1.7882819e-01   4.3743279e-02  -4.2086233e-04  -9.0633078e-06   2.0719549e-03
   2.8175720e-02  -1.7227331e-01   3.5053293e-02  -9.9307002e-04   3.6532007e-04   1.1717962e-03
   3.0999709e-02  -2.3126538e-01   3.5930280e-02   5.3143020e-04   3.0349995e-04   1.5900438e-03
   5.9120173e-02  -2.6678343e-01  -3.1586450e-02  -6.3890792e-04   7.2392123e-04   1.3848528e-03
   1.6629973e-02  -2.8117668e-01  -2.5729304e-02   3.7600610e-05  -2.8158071e-06   1.8277573e-03
   1.7671780e-02  -2.4115619e-01  -5.3172920e-03  -1.9416822e-04   2.7538212e-04   1.2433840e-03
   2.6998893e-02  -2.3395385e-01   3.4911414e-02  -1.3247678e-04   3.7783731e-04   1.8447936e-03
   4.0233613e-02  -2.5516183e-01   3.8614904e-02   4.2313212e-04   4.9065990e-04   2.1550815e-03
   5.2560836e-02  -2.5742618e-01   5.6254536e-02  -4.8527228e-04   1.5538206e-04   1.6557975e-03
   1.6289200e-02  -2.1208192e-01   6.5764489e-02  -1.3935352e-03   2.7332274e-04   1.6001627e-03
  -5.7408710e-04  -3.3188046e-01  -1.6179643e-02   8.1781362e-04   2.7902293e-04   1.2420280e-03
   2.4857142e-02  -2.7674289e-01   3.8407642e-02   1.6980276e-05   3.0213066e-04   1.2971939e-03
   2.3512214e-02  -2.5458626e-01   4.1803211e-02   4.2348329e-04   2.6843055e-04   1.3920539e-03
   3.2669660e-02  -2.5815485e-01   4.2639075e-02   1.1094392e-04   1.2868744e-04   1.8508949e-03
   1.8259898e-02  -2.8532048e-01   1.4405838e-02   2.6114244e-04   1.5934087e-04   1.8544506e-03
   4.5395532e-03  -2.7509746e-01   4.5154181e-02  -3.1619187e-04   4.5662888e-04   1.2250235e-03
   2.7612342e-02  -3.0075107e-01   3.0609478e-02   3.6656486e-04   3.0388591e-04   1.8941471e-03
   2.6730520e-02  -2.9099223e-01   1.2164259e-02   3.9782492e-04   2.9411752e-04   2.1153583e-03
   3.7938658e-02  -3.2588298e-01   2.6484264e-02   5.5848633e-05   5.0203191e-04   1.7996337e-03
   1.0621375e-02  -3.0098944e-01   1.6558165e-02   1.7169974e-04   2.2153878e-04   1.4029243e-03
  -6.7387596e-03  -3.2826932e-01   9.8300183e-03   4.0995817e-04   4.5501019e-04   1.4941922e-03
  -4.4180071e-03  -3.0338508e-01   2.3305121e-02  -2.3970616e-04   6.8023872e-04   1.0512222e-03
  -3.0857496e-03  -3.1208706e-01   1.3931207e-02   2.0573411e-04   5.2890991e-04   1.0872475e-03
   8.6849365e-03  -2.9935851e-01   1.5276946e-03   9.0038330e-04   6.0610353e-04   1.2030729e-03
   2.5877084e-04  -3.1352875e-01   2.7006651e-03   6.5381891e-04   1.0252704e-03   6.7947718e-04
   3.3345182e-02  -3.2352758e-01   3.0984273e-03   1.3896048e-03   4.1471122e-04   1.5934926e-03
   3.8512794e-02  -3.0887141e-01  -7.6352837e-03   2.2745135e-03   6.1074278e-04   1.4163583e-03
   4.5441406e-02  -2.9678658e-01  -6.2526363e-03   2.3418081e-04   5.6640100e-04   1.7257772e-03
   5.8118591e-02  -3.1914367e-01   6.8328524e-03   5.6951307e-04   4.9441567e-05   2.1197555e-03
   6.1996609e-02  -3.6809793e-01  -1.2493423e-02   2.0030226e-03   2.5388630e-04   2.5905485e-03
   3.8394564e-02  -3.4990947e-01   9.2273502e-03   6.2137421e-04   6.0281480e-04   1.8111595e-03
   2.5134480e-02  -3.6027726e-01   1.3898955e-02   4.6583722e-04   1.9363875e-04   1.4921272e-03
   4.0196651e-02  -3.8299388e-01  -9.5209926e-03   1.8443660e-03   2.4398845e-04   1.7606473e-03
   3.0965207e-02  -3.5032939e-01   3.1384439e-03   1.4151761e-03   4.1518639e-04   1.5369167e-03
  -1.2538955e-03  -4.1320959e-01  -1.0886712e-02   2.2857751e-03   4.9600630e-04   2.0374397e-03
   1.1599437e-02  -3.6881320e-01  -5.6948402e-03  -3.1268820e-04   7.1710300e-04   1.5111586e-03
   2.8712695e-02  -4.1851955e-01   5.7089360e-03   2.2153154e-04   6.0779259e-04   1.4257857e-03
   3.1502461e-02  -4.2662517e-01   2.1575114e-03   1.1496091e-03   8.5020779e-04   1.5201230e-03
   3.1448995e-02  -4.5521640e-01   7.0998274e-04   6.3744924e-04   7.5276019e-04   1.3292587e-03
   2.9957895e-02  -4.5522251e-01   1.0344303e-02   1.0278279e-05   6.5751048e-04   1.3968634e-03
   2.7046012e-02  -4.4814022e-01   1.0995612e-02   1.4326178e-04   7.2694214e-04   1.1929839e-03
   5.9526779e-03  -4.9004291e-01  -1.0066108e-03   1.5554604e-03   1.0143243e-03   9.5897716e-04
   4.4513351e-02  -4.8697151e-01   3.5165438e-02  -1.9467139e-03   1.3236975e-03   1.4549910e-03
  -2.8714909e-02  -4.5325872e-01   3.5367714e-02  -2.6138435e-03   8.0234728e-04   2.2020658e-04
  -5.5346105e-02  -5.0023143e-01  -3.2788154e-02  -4.8178879e-04   9.0951073e-04   2.6478058e-04
  -3.2666973e-02  -4.7384626e-01  -1.3160408e-02  -5.0116558e-04   1.2883411e-03   1.7783030e-04
   4.3088478e-03  -4.7913570e-01   2.1505779e-02   6.8045468e-05   1.0482854e-03   1.0174625e-03
   3.1596081e-02  -5.0762942e-01   2.0746193e-02  -3.1462860e-05   1.2520658e-03   1.2205907e-03
   3.9171312e-02  -5.2188757e-01   5.0391730e-02  -7.1691108e-04   1.2010906e-03   1.0882156e-03
   6.4465606e-02  -5.5092125e-01   1.8291369e-02   4.4005981e-04   1.2167160e-03   1.8238560e-03
   6.0833611e-02  -5.4321665e-01  -9.3724399e-03  -2.7737470e-04   1.3421264e-03   1.3395532e-03
   8.5077442e-02  -5.4003195e-01   9.3913693e-03  -4.9596762e-04   1.1523230e-03   1.8267886e-03
   9.9013265e-02  -5.5196000e-01  -8.4957577e-03  -4.0037299e-04   1.5575013e-03   1.3673031e-03
   8.1629330e-02  -5.8440407e-01   8.7840109e-03  -1.4729763e-04   9.5930956e-04   1.0837939e-03
   7.7269799e-02  -5.5937829e-01   5.3487899e-03  -7.1470207e-04   1.1401044e-03   1.6063572e-03
   7.5081099e-02  -5.8958577e-01   3.0181926e-03   1.4107381e-04   1.1770535e-03   1.3670126e-03
   8.5254578e-02  -6.0794763e-01   1.3815749e-02   1.1415944e-03   8.7542326e-04   1.8706203e-03
   7.7589053e-02  -5.9463351e-01   1.5996346e-02  -4.9923131e-04   9.5949432e-04   1.6354846e-03
   8.0269052e-02  -6.1930369e-01   2.0996444e-02   5.8857936e-04   8.6552789e-04   1.5643309e-03
   8.7740635e-02  -6.3960153e-01  -4.5833123e-03   8.6324989e-04   9.3611336e-04   2.0339159e-03
   6.7937028e-02  -6.2404143e-01   3.7478127e-02  -1.3268268e-04   8.6630720e-04   1.6875899e-03
  -1.9806906e-02  -6.5493399e-01  -8.1488536e-02  -1.7289559e-03   1.1203338e-03   6.1167934e-04
  -7.3817153e-02  -7.3256453e-01  -1.3355705e-01   8.9637167e-04   7.0074310e-04  -8.5338842e-04
  -8.4719859e-02  -6.6058316e-01  -1.2695533e-01   9.6768634e-04   1.4835795e-04  -1.2507239e-04
  -8.8839682e-02  -6.6905085e-01  -1.1513619e-01   5.0945638e-04   5.5973082e-04  -5.4707561e-04
  -5.3514063e-02  -6.6717648e-01  -1.0045808e-01   1.1774985e-03   3.3521586e-04   6.5950264e-04
  -2.2632541e-02  -6.6227483e-01  -4.4530647e-02   6.7864651e-04   5.9772497e-04   5.0313173e-04
  -1.7971800e-02  -6.4222495e-01   4.8133627e-04  -7.8323618e-05   6.1256943e-04   8.1802314e-04
  -1.9529465e-02  -6.4956444e-01  -3.4625133e-02  -3.3372197e-05   1.0742318e-03   1.1146609e-03
  -4.7145528e-03  -6.3410594e-01  -5.1275493e-03  -6.7386294e-04   1.3069834e-03   1.2084911e-03
   5.1946032e-04  -6.2088506e-01  -1.7031914e-03  -6.1598225e-04   1.2606965e-03   1.2562732e-03
   1.6758183e-02  -6.6881420e-01   1.6346325e-03   5.4856561e-04   1.2189088e-03   1.6579079e-03
   3.5596878e-02  -6.7140214e-01  -4.8253186e-02   3.0601380e-04   1.1738742e-03   1.8996591e-03
   2.2573963e-02  -6.6797859e-01  -2.7538634e-02  -6.3556065e-04   1.2952532e-03   1.0682890e-03
   1.8016342e-02  -6.6478941e-01  -5.5496482e-02  -4.9085282e-04   1.3400089e-03   1.5353237e-03
   3.0086262e-02  -6.5451906e-01  -6.4766226e-02   3.4619856e-05   1.2423283e-03   1.9791062e-03
   8.4165070e-03  -7.5663467e-01  -1.3337498e-01   1.1831025e-03   1.2057070e-03   9.3683879e-04
   7.1528980e-03  -7.2045931e-01  -9.4869017e-02   2.3325446e-04   1.2916330e-03   6.3613418e-04
   6.1390984e-03  -7.0097158e-01  -8.7901015e-02   8.5031445e-05   1.2813633e-03   1.2213282e-03
   4.7940547e-02  -7.0284816e-01  -8.2991235e-02   2.9104454e-04   1.3617732e-03   1.6454930e-03
   3.4306621e-02  -7.1307316e-01  -9.3611628e-02   5.6857468e-04   1.3154935e-03   1.5382705e-03
   2.6686415e-02  -7.4063273e-01  -7.3935086e-02   1.1622891e-03   1.0839962e-03   1.4412230e-03
  -1.4999306e-02  -7.6000980e-01  -4.9768804e-02  -8.5754470e-04   1.3525415e-03   4.5239756e-04
  -4.9867244e-03  -7.7344295e-01  -7.2419847e-02   9.9413794e-05   1.1522699e-03   3.1725491e-04
   1.2461681e-03  -8.0724288e-01  -7.2722063e-02   8.2196825e-04   1.1555642e-03   4.7619137e-04
   5.6848612e-03  -8.1991802e-01  -5.0643998e-02   1.1886921e-03   1.2810213e-03   9.6996278e-04
   6.0507678e-03  -8.2762222e-01  -6.7613309e-02   2.0004141e-03   1.3048607e-03   2.2611113e-04
   8.5170151e-03  -8.6041683e-01  -4.4167913e-02   8.8851582e-04   1.3322917e-03   4.2103465e-04
   3.1173429e-02  -8.4048197e-01  -5.6531494e-02   8.3178208e-04   1.1015157e-03   1.4181089e-03
   2.0592565e-02  -8.3798968e-01  -7.1328313e-02   3.3285487e-04   1.1950459e-03   1.1849274e-03
   1.3660472e-02  -8.6581352e-01  -6.6249326e-02   1.4409280e-03   1.0328686e-03   1.3968575e-03
  -2.0492911e-02  -8.7402647e-01  -9.1617442e-02   1.3799643e-03   6.9427124e-04   7.4689455e-04
  -8.2834653e-02  -9.2312852e-01  -1.3156945e-01   4.9773666e-04   1.6601766e-03   2.9555789e-05
  -1.3599864e-01  -9.1642477e-01  -1.2333556e-01   4.2357802e-04   1.6816899e-03   5.5434103e-05
  -1.1237481e-01  -8.9958172e-01  -1.4372108e-01   1.1921334e-03   1.7919244e-03   7.0550984e-04
  -1.1327887e-01  -9.5783988e-01  -1.7782946e-01   3.1073504e-03   1.6281983e-03   4.9560872e-04
  -1.1064306e-01  -8.9126712e-01  -1.0675132e-01   3.5367814e-04   1.4115317e-03   5.8356434e-04
  -1.2569980e-01  -8.8690170e-01  -9.3214789e-02   9.2857044e-04   1.6105291e-03   1.3771536e-04
  -1.0323085e-01  -9.1742106e-01  -1.3605885e-01   1.4284537e-03   1.4840288e-03   7.1176799e-04
  -1.1042288e-01  -9.4720559e-01  -1.2815266e-01   1.2240100e-03   1.3162287e-03   1.2728392e-04
  -1.1542529e-01  -9.2421489e-01  -1.2218647e-01   1.0270466e-03   1.3091005e-03   3.0822330e-04
  -1.2526362e-01  -9.0023193e-01  -1.1124618e-01   4.8639861e-04   1.6021929e-03   3.0103711e-04
  -1.0569955e-01  -9.0741504e-01  -6.9766579e-02   1.3471877e-03   1.5054158e-03   8.5017802e-04
  -6.8033559e-02  -9.1081259e-01  -6.4216040e-02   4.8774685e-04   1.5065587e-03   1.2926506e-03
  -7.3399400e-02  -9.3844502e-01  -6.4331544e-02   5.5968481e-04   1.6606762e-03   9.9183187e-04
  -9.9823285e-02  -9.4879511e-01  -8.1840589e-02   1.3646458e-03   1.8399213e-03   1.5958099e-03
  -7.8494624e-02  -9.4446878e-01  -1.0441048e-01   1.3547612e-03   1.8137553e-03   1.9637532e-03
  -6.5598490e-02  -9.2311847e-01  -8.1858953e-02   1.4288078e-03   1.7129769e-03   1.6035803e-03
  -6.1678912e-02  -9.6674238e-01  -9.5158448e-02   2.3134058e-03   1.4576449e-03   1.8253257e-03
  -4.4360884e-02  -9.5620300e-01  -9.0691442e-02   1.6442447e-03   1.9251993e-03   1.9250790e-03
  -3.5865824e-02  -9.6019127e-01  -7.6630970e-02   6.5243832e-04   1.7555602e-03   1.7155109e-03
  -6.6057824e-02  -9.4338137e-01  -8.0047210e-02   2.1081222e-04   2.0939330e-03   1.8237351e-03
  -5.8620823e-02  -9.8584493e-01  -1.0760632e-01   1.6946383e-03   2.0328034e-03   2.0089701e-03
  -4.4481048e-02  -9.9006072e-01  -8.6206444e-02   1.4050909e-03   1.9881853e-03   1.7001438e-03
  -3.9193178e-02  -1.0027562e+00  -8.7922399e-02   2.0798946e-03   1.4638593e-03   2.2287265e-03
  -4.6618455e-02  -1.0523683e+00  -9.4854408e-02   3.4340675e-03   1.7631849e-03   1.5809409e-03
  -7.1475666e-02  -1.0311475e+00  -1.0971190e-01   3.0607674e-03   1.9545119e-03   1.1213823e-03
  -5.8727007e-02  -1.0719171e+00  -1.0951916e-01   3.9809574e-03   1.7849340e-03   1.4435842e-03
  -5.7007070e-02  -1.0369259e+00  -1.1495260e-01   2.3759368e-03   1.9547165e-03   1.6573787e-03
  -5.3041253e-02  -1.0411124e+00  -9.8033135e-02   1.2494952e-03   1.8739406e-03   1.3295028e-03
  -6.6345157e-02  -1.0316663e+00  -1.2242361e-01   6.3192941e-04   2.1540456e-03   1.1988374e-03
  -6.9146146e-02  -1.0480957e+00  -1.1374142e-01   1.5747174e-03   2.1542259e-03   1.6670603e-03
  -4.6515097e-02  -1.0462444e+00  -1.1518654e-01   9.0979625e-04   2.1043286e-03   1.5464303e-03
  -6.9647720e-02  -1.0592065e+00  -1.1663559e-01   9.7185891e-04   1.7119863e-03   6.3046362e-04
  -1.1970779e-01  -1.2273526e+00  -1.5341166e-01   2.3635882e-03   1.5986107e-03   5.5419355e-05
  -1.6657600e-01  -1.2066491e+00  -1.9403978e-01   3.4064448e-03   1.3779365e-03  -3.8411299e-04
  -1.6400534e-01  -1.1437996e+00  -1.7644349e-01   1.9873946e-03   1.5255853e-03  -4.0867466e-04
  -1.3666751e-01  -1.1494057e+00  -1.3232497e-01   3.2361617e-03   1.2613739e-03   2.1209872e-04
  -1.2857943e-01  -1.1500686e+00  -1.1865289e-01   2.1376604e-03   1.2505173e-03   2.9147433e-04
  -1.3819874e-01  -1.1789393e+00  -1.2355623e-01   1.9874654e-03   1.5930790e-03   3.4931963e-04
  -1.2798419e-01  -1.2247772e+00  -1.4020632e-01   3.7368693e-03   1.6620987e-03   7.5377789e-04
  -1.5243784e-01  -1.2406675e+00  -1.5163584e-01   1.9370664e-03   2.1786458e-03   1.8334468e-04
  -1.2676029e-01  -1.2547360e+00  -1.3263643e-01   3.3682638e-03   1.7116282e-03   7.3986543e-04
  -1.4616642e-01  -1.2159621e+00  -1.5345029e-01   2.8115101e-03   1.3357162e-03   6.8513090e-04
  -1.7736583e-01  -1.2448006e+00  -1.2300605e-01   3.3467365e-03   1.5857892e-03   6.6312415e-04
  -1.4277651e-01  -1.2216065e+00  -1.2410557e-01   2.2507917e-03   1.7588993e-03   1.2067270e-03
  -1.3928781e-01  -1.2514459e+00  -1.2487477e-01   2.2876108e-03   1.9414429e-03   6.8571436e-04
  -1.2664487e-01  -1.2633694e+00  -1.5790793e-01   3.0929508e-03   1.8302407e-03   1.5393391e-03
  -1.3761138e-01  -1.2705604e+00  -1.5631782e-01   2.4615146e-03   1.9533886e-03   6.9181827e-04
  -1.4208425e-01  -1.2677823e+00  -1.4605602e-01   3.2695116e-03   1.8777668e-03   1.1158582e-03
  -1.3966590e-01  -1.2822067e+00  -1.8737385e-01   3.1860830e-03   1.8534197e-03   1.2574560e-03
  -1.6568855e-01  -1.2552631e+00  -1.6762093e-01   2.0129535e-03   2.2613744e-03   5.1339077e-04
  -1.6265976e-01  -1.3142153e+00  -1.9596892e-01   3.3061125e-03   1.9568748e-03   6.2970081e-04
  -1.6632127e-01  -1.2943924e+00  -1.9175835e-01   3.3101539e-03   1.9074156e-03   1.2075517e-03
  -1.5683547e-01  -1.3100623e+00  -1.8244282e-01   2.8689698e-03   1.9077436e-03   5.2650478e-04
  -1.6162304e-01  -1.2857656e+00  -1.5603307e-01   3.0280388e-03   1.8945561e-03   1.1998907e-03
  -1.6284957e-01  -1.2971217e+00  -1.4911348e-01   2.4505496e-03   2.0551666e-03   7.0588692e-04
  -1.6246754e-01  -1.3403067e+00  -1.5839767e-01   2.8337062e-03   2.0110281e-03   7.2204828e-04
  -1.6284219e-01  -1.3297204e+00  -1.8941380e-01   3.3567979e-03   2.1914359e-03   1.0680624e-03
  -1.5305099e-01  -1.3878028e+00  -1.5780619e-01   2.0671162e-03   1.7406461e-03  -1.2870761e-04
  -1.4697663e-01  -1.4542449e+00  -1.6647475e-01   4.4575244e-03   1.7845378e-03  -6.6715923e-04
  -1.2636256e-01  -1.4693629e+00  -2.4420770e-01   3.8090265e-03   1.7540891e-03   6.2572051e-04
  -1.5855058e-01  -1.4737261e+00  -2.5545315e-01   3.4739451e-03   2.5174438e-03   2.2947148e-04
  -1.5716217e-01  -1.4587913e+00  -2.2588972e-01   3.4278277e-03   2.5471822e-03   3.2418622e-04
  -1.2605536e-01  -1.5106955e+00  -1.8982581e-01   5.4414719e-03   2.0111675e-03   1.3118563e-03
  -1.4901104e-01  -1.4165304e+00  -2.3171041e-01   2.5172108e-03   2.2577750e-03   2.0355388e-04
  -2.2109105e-01  -1.4317483e+00  -2.3102090e-01   3.0899938e-03   2.3871984e-03  -2.3726726e-04
  -1.8129373e-01  -1.4335613e+00  -2.4818819e-01   3.8557816e-03   1.9888724e-03   6.7595562e-04
  -1.9855987e-01  -1.4187041e+00  -2.2159134e-01   3.6760233e-03   2.4707125e-03   7.7818858e-04
  -1.7691557e-01  -1.4591699e+00  -1.7238199e-01   1.6513981e-03   2.2373580e-03   3.2375912e-04
  -1.8985634e-01  -1.4798963e+00  -1.7812836e-01   2.9830148e-03   1.8180158e-03  -4.2461488e-04
  -1.9875240e-01  -1.6053745e+00  -2.1244473e-01   4.1416546e-03   6.6462962e-04  -8.0248505e-04
  -3.1270077e-01  -1.4797159e+00  -1.7660175e-01   2.9288974e-03   1.3279881e-03  -2.2167121e-03
  -2.9743609e-01  -1.5187329e+00  -1.9133573e-01   5.3151567e-03   1.6433600e-03  -2.5344456e-03
  -2.4319579e-01  -1.6015318e+00  -6.6986521e-02   6.3596788e-03   1.7978065e-03  -2.9975134e-03
  -3.4861383e-01  -1.5429518e+00  -2.3608888e-01   2.8738860e-03   1.5305069e-03  -1.7264491e-03
  -3.5454245e-01  -1.5420659e+00  -1.9622547e-01   3.5089320e-03   2.5093515e-03  -2.3681014e-03
  -3.2704004e-01  -1.5592139e+00  -1.7162526e-01   4.7479258e-03   2.0987662e-03  -1.2260195e-03
  -2.8781750e-01  -1.6142986e+00  -1.6628178e-01   4.6723537e-03   2.2426385e-03  -8.3810751e-04
  -3.2630731e-01  -1.4941614e+00  -2.1550269e-02   1.5340792e-03   2.2396539e-03  -1.8903048e-04
  -3.1019337e-01  -1.5573489e+00  -1.2527134e-01   2.8280044e-03   1.7124110e-03  -1.9753218e-03
  -3.2059333e-01  -1.4382213e+00  -9.0074129e-02   1.8465496e-03   1.9206105e-03  -1.2492148e-03
  -3.5738747e-01  -1.4515994e+00  -1.5652374e-01   2.2317972e-03   1.9305653e-03  -1.6185807e-03
  -3.6165525e-01  -1.4514677e+00  -1.1944955e-01   2.4410640e-03   1.7991273e-03  -1.7019102e-03
  -3.5010585e-01  -1.5109503e+00  -1.2653478e-01   3.4091035e-03   1.7693468e-03  -2.2614939e-03
  -4.0580108e-01  -1.4896390e+00  -8.6608351e-02   2.5459009e-03   1.8616306e-03  -2.4332462e-03
  -3.8249220e-01  -1.5123609e+00  -1.1785471e-01   2.7923967e-03   1.7679141e-03  -2.2963654e-03
  -3.9352436e-01  -1.5151956e+00  -1.0379253e-01   2.8921373e-03   1.9017250e-03  -2.1777996e-03
  -3.9914021e-01  -1.4919487e+00  -1.0153550e-01   2.5532078e-03   1.9200255e-03  -2.2600514e-03
  -3.9314273e-01  -1.5277801e+00  -1.0456681e-01   2.4084988e-03   1.7827850e-03  -2.3614544e-03
