   1.4210855e-14   0.0000000e+00   0.0000000e+00   1.3363824e-51  -1.2868894e-85  -9.6296497e-35
   1.2125798e-02   1.7051567e-02   1.2348829e-01  -3.5254825e-04   2.8589674e-05   5.0962722e-04
   2.2590114e-02  -4.7945694e-02   7.0841395e-02   4.1564938e-04  -3.4809006e-05   5.0938995e-04
   3.0278459e-02   2.7911223e-02   5.6994093e-02  -8.8946030e-04   2.5048357e-04   6.1601667e-04
   3.5936631e-02  -5.7638699e-02   7.0493436e-02  -1.1841755e-03   1.6850590e-05   9.7951291e-05
   1.5114358e-02   4.0972941e-03   5.5302323e-03  -1.4556509e-03   3.1148042e-04  -6.5459838e-04
   6.8452517e-02   9.4899865e-03   1.4264940e-01  -1.5066710e-03  -2.3843947e-04  -2.1786427e-04
   1.8254265e-02   2.0401354e-02   1.1230498e-01  -2.5808945e-03   5.5596688e-04  -2.1595684e-04
   4.6990825e-03   6.3648481e-02   1.0743655e-01  -3.2179607e-03   7.7746368e-04  -8.0589445e-04
   4.2168844e-02  -4.9289000e-02   1.6311593e-01  -2.0149182e-03   5.1605976e-05  -4.0505713e-04
   2.3042228e-02   5.6045759e-03  -5.0034068e-02  -3.3080679e-03  -6.3114979e-04  -1.3538865e-03
  -3.1149516e-02   2.0517018e-02   7.2041014e-02  -4.0341220e-03   1.9296891e-04  -1.3534583e-03
  -7.0811383e-03  -8.9237553e-02   1.6969499e-03  -2.4166170e-03  -3.5878355e-04  -1.0330564e-03
  -6.1091971e-02   9.2587621e-03  -4.8180931e-03  -2.5001713e-03   4.0554285e-04  -2.0535395e-03
  -2.7020399e-02  -8.3955965e-02   3.1359635e-02  -1.4520188e-03   4.6182732e-04  -9.2759278e-04
  -6.0047667e-02  -6.7820915e-02  -1.0313284e-01  -5.9252605e-04   5.9092825e-04  -1.7134467e-03
  -4.9478067e-02  -2.4908337e-03   1.1945350e-02  -1.2288791e-03   9.5570037e-04  -8.1553345e-04
  -3.5308867e-05  -7.6592089e-02   2.0401125e-02  -1.1787782e-04   1.9536476e-04  -2.6319388e-04
  -2.8319588e-02  -3.1589003e-02   1.5424474e-02  -2.9821960e-04   3.7453656e-04  -7.5922490e-04
  -8.5377778e-03  -4.0513435e-02   9.9921145e-02  -7.5095351e-04   6.8061638e-05  -6.1503958e-05
  -2.5934676e-02  -1.2766384e-01  -1.2735279e-02   1.2939347e-05   2.4208219e-04  -6.1045014e-04
  -7.0368173e-02  -2.9060501e-02   1.4040126e-02  -1.0854020e-03   7.4186903e-04  -1.4539679e-03
  -1.6984196e-02  -1.1166603e-01   1.1342524e-01  -4.4869650e-04   2.2347796e-04  -5.7238656e-04
  -2.9533053e-02  -1.1226200e-01  -3.1218870e-03  -2.9238106e-04   1.7234102e-04  -1.0984775e-03
  -2.9939068e-02  -6.4070398e-02   8.5365960e-02  -4.6380364e-04   4.1650024e-04  -1.0626592e-03
  -1.2815667e-02  -1.7172958e-01   4.1287841e-02  -2.2184066e-04  -1.1589788e-04  -7.5042980e-04
  -3.4419121e-02  -9.6227046e-02  -6.2480593e-02  -1.0547814e-03   4.6541950e-04  -1.0685522e-03
  -2.0005226e-02  -8.9742169e-02   3.5466788e-02  -9.7164093e-04   6.5931560e-04  -5.8743102e-04
  -1.4461408e-02  -1.5676373e-01  -2.8542084e-02   1.9888999e-04   3.8862549e-04  -5.5240631e-04
  -4.6193030e-02  -8.9713349e-02  -3.1853150e-02  -5.0024002e-04   7.0321141e-04  -5.6253933e-04
  -3.0030439e-03  -1.7815363e-01   1.8756949e-02   6.5911650e-05   4.0834824e-04   2.3417522e-04
  -2.1547599e-02  -1.0275862e-01  -4.1644283e-02  -3.1009329e-04   3.8143076e-04  -8.0739631e-05
  -2.2291273e-02  -7.8507698e-02   7.7179285e-02  -4.9366432e-04   8.4596233e-04  -7.0063873e-05
   7.9512915e-03  -1.1412295e-01   1.0212273e-01  -5.8861979e-04   4.6374840e-04   1.3998538e-04
  -2.8902004e-02  -4.8777437e-02   4.8272745e-03  -2.1275514e-03   7.1512248e-04  -3.9477965e-04
  -1.3187340e-03  -7.2685082e-02   1.5516343e-01  -2.0945916e-03   7.0316099e-04   1.0476950e-04
  -7.8003371e-03  -1.1422634e-01   6.8572897e-02  -1.3668193e-03   2.0989636e-04  -1.7992729e-04
  -1.9613490e-02  -6.3334613e-02   3.0586029e-02  -2.2019192e-03   7.0262350e-04  -4.2581179e-04
   9.1838463e-03  -1.6851922e-01   2.9370108e-02  -1.7669123e-03   5.3551481e-04   5.0590959e-05
  -3.9226735e-02  -1.7061032e-01  -9.0061928e-02  -9.4314858e-04   8.1967353e-04  -9.7283783e-04
  -4.3314914e-03  -8.1771413e-02   3.7937912e-02  -2.6852317e-03   8.7656363e-04  -4.9543047e-04
   1.7755222e-02  -2.1871875e-01  -1.5380313e-02  -1.0014173e-03   1.6624962e-04  -1.9438164e-04
  -1.4252320e-02  -2.5342188e-01  -1.6720386e-01   1.3861938e-03   9.3241394e-04  -5.5275086e-04
  -1.5263444e-02  -3.9573058e-01  -1.3948921e-01   4.6928690e-03   1.0466087e-03  -1.7216652e-03
   9.7243265e-03  -2.9699292e-01  -2.3120004e-01   4.1621974e-03   4.9324646e-04  -1.3308427e-03
   3.2138062e-02  -3.6309501e-01  -3.1467906e-02   1.1672752e-03  -4.3492044e-04   3.4812377e-04
   3.8758536e-04  -4.0172491e-01  -6.5668345e-02   4.2104154e-03  -4.6211146e-04   7.7545766e-04
   3.5069293e-02  -2.9853544e-01  -1.2682256e-01   2.9880647e-03  -6.0221808e-04   5.1443632e-04
   4.1064507e-02  -3.2396927e-01  -4.4382110e-02   7.1362953e-04   3.3962673e-04   1.2180168e-03
   5.0555000e-02  -2.4418031e-01  -6.3182264e-03  -1.6701090e-04   2.4461357e-04   1.0015815e-03
   3.5985239e-02  -2.3905452e-01  -2.7108838e-02  -8.7193095e-05   1.0459720e-03   1.3769361e-03
   5.5789917e-02  -3.0701461e-01  -2.1223427e-02   2.8061356e-04   7.8072209e-04   1.8753683e-03
   6.0182705e-02  -2.6921443e-01  -3.5792243e-03   4.6504299e-05   1.1737424e-03   1.7702347e-03
   5.7000300e-02  -2.2610457e-01  -1.0844224e-02  -5.8399185e-04   1.4919419e-03   1.9479499e-03
   7.4744110e-02  -3.2580554e-01  -4.6189884e-03  -1.4579248e-03   1.0072964e-03   2.0958141e-03
   4.8102731e-02  -2.4130560e-01  -8.5910542e-03  -1.5099592e-03   1.6788558e-03   1.7538839e-03
   5.4283575e-02  -2.3277272e-01  -1.6296883e-02  -1.8205807e-03   2.1574491e-03   2.0282641e-03
   6.0817870e-02  -3.2106913e-01  -1.5368394e-02  -1.1747974e-03   1.6379968e-03   2.1511478e-03
   4.8624539e-02  -2.2674139e-01  -4.0707925e-02  -2.1611556e-03   2.1789155e-03   2.1610486e-03
   8.1013691e-02  -3.3272334e-01  -4.2592433e-02  -1.3874168e-03   1.7801880e-03   2.1161800e-03
   5.5984941e-02  -2.1184699e-01  -4.2779371e-02  -1.8386182e-03   2.2300918e-03   2.0806816e-03
   7.2230270e-02  -2.6257756e-01  -4.8390928e-02  -2.1363677e-03   2.4602187e-03   2.0871110e-03
   6.1162335e-02  -2.4129168e-01  -4.5464427e-02  -2.6911337e-03   2.2751473e-03   1.9812970e-03
   4.3208588e-02  -2.0970882e-01  -3.0420366e-02  -2.5157379e-03   2.5581271e-03   1.6947376e-03
   6.8630037e-02  -2.5883724e-01  -2.3919343e-02  -2.1595001e-03   1.9276453e-03   1.0355120e-03
   2.9431716e-02  -1.7484969e-01  -4.1969364e-02  -2.7720532e-03   2.5154552e-03   6.0615191e-04
   4.6525069e-02  -1.7223744e-01   1.0416747e-02  -3.6352371e-03   2.8058236e-03   1.0552345e-03
   5.8482682e-02  -2.0010457e-01  -9.6557147e-03  -3.7560223e-03   2.5501889e-03   8.4003996e-04
   2.7977110e-02  -1.4893746e-01  -2.7490568e-02  -4.4570368e-03   2.6916724e-03   1.1518635e-03
   7.5705135e-02  -2.0543599e-01   2.5274165e-02  -4.4975939e-03   1.9660686e-03   1.4828264e-03
   3.7586194e-02  -1.3392282e-01  -5.2892980e-02  -5.3488746e-03   1.4439915e-03   1.2177204e-03
   4.8421173e-02  -1.2350236e-01   1.1072532e-03  -6.8220518e-03   1.3590027e-03   1.0968168e-03
   1.5571319e-01  -1.7322276e-01   4.6421740e-02  -6.6755117e-03   7.3067577e-04   1.3518319e-03
   6.1709495e-02  -1.0950681e-01  -6.7254093e-02  -7.5330164e-03   5.5249908e-04  -5.6105375e-04
   7.4302495e-02  -2.5300400e-01  -1.9509716e-03  -6.9417499e-03   2.5463757e-03   7.8449497e-04
   1.3230848e-01  -1.7292481e-01  -2.7437214e-02  -7.0777387e-03   2.6835191e-03   8.4825455e-04
   1.1257744e-01  -1.4262206e-01   3.6993794e-02  -8.0544566e-03   2.2638933e-03   1.6114348e-03
   1.3424977e-01  -1.7674690e-01  -1.5473724e-02  -7.3737984e-03   2.5240567e-04   8.2297721e-04
   3.6009930e-02  -1.4802218e-01   3.7067786e-03  -7.8516274e-03   1.2742205e-03   1.7780030e-04
   1.0982712e-01  -2.2843415e-01   6.2236112e-02  -7.4762507e-03  -2.8631684e-04   4.3607821e-04
   1.5277487e-02  -1.7201539e-01  -9.2328676e-02  -8.0864922e-03   2.2258343e-04  -2.2691585e-04
   7.9472298e-02  -1.9720260e-01   2.9174314e-02  -7.9030860e-03   1.6208293e-04   5.8201943e-04
   9.0309137e-02  -2.2721825e-01  -6.4717759e-02  -6.9919393e-03  -1.8966752e-04   7.7372903e-04
   8.5097746e-02  -1.8784461e-01  -3.9009293e-04  -7.7855523e-03   2.2630846e-05   6.8241030e-04
   9.8410103e-02  -2.4769445e-01  -3.8609478e-02  -7.0395812e-03  -7.5401783e-04   5.0012773e-04
  -3.2263937e-02  -1.6247677e-01  -5.0265721e-02  -8.3696173e-03   1.0046809e-03  -4.8887425e-04
   7.7527444e-02  -2.7389469e-01   5.9229894e-02  -7.5208104e-03   1.8010817e-04   3.5914424e-04
   4.8711750e-02  -2.4027766e-01  -6.2725746e-02  -7.7301912e-03   6.6019070e-04   2.0769358e-04
   6.7703777e-02  -2.1508921e-01   1.4035013e-02  -8.3189597e-03   1.2611593e-03   8.2271480e-04
   6.0068920e-02  -2.6457186e-01  -1.3199050e-01  -8.1579956e-03   2.4489121e-04   1.7991359e-04
  -4.0823241e-03  -1.3987087e-01  -2.0139735e-01  -1.1277573e-02   1.7717382e-03  -4.3165661e-04
   7.3556343e-02  -2.2204534e-01  -6.8249267e-02  -9.8559262e-03   4.7564698e-04   3.5123514e-04
   4.2614744e-02  -2.3835316e-01  -1.3216875e-01  -9.6995048e-03   8.0322656e-04  -2.7981506e-04
   2.6827085e-02  -1.9818218e-01  -2.2627868e-02  -1.1323831e-02   1.4722115e-03   2.8013608e-04
   6.0137955e-02  -2.9397413e-01  -7.6227137e-02  -1.0665812e-02   1.1091482e-03   1.5539158e-04
   4.9367898e-02  -2.0006028e-01  -1.0876996e-01  -1.0570152e-02   1.7706159e-03   4.6894146e-04
   7.9771081e-02  -3.0242046e-01  -1.0570989e-01  -9.7128954e-03   1.2690560e-03   1.3273688e-03
   4.5127208e-02  -2.4735304e-01  -1.1969667e-01  -9.2652487e-03   1.6099798e-03   1.3021155e-04
   7.9929143e-02  -2.4282198e-01   8.2763822e-03  -9.1748352e-03   9.7262710e-04   4.6112131e-04
   6.0488888e-02  -2.7212734e-01  -1.0171410e-01  -8.8142465e-03   4.4391200e-04   1.4999364e-04
  -3.6434775e-02  -2.0748128e-01  -1.1307246e-01  -1.0460939e-02   2.4438407e-03  -1.0214919e-04
   3.5533495e-02  -2.6039793e-01  -5.0131970e-02  -1.0190076e-02   1.9925448e-03   9.7120731e-04
   4.7131455e-03  -2.2230441e-01  -1.1781739e-01  -1.0780550e-02   1.5342541e-03  -4.6680513e-04
  -3.9807774e-02  -1.8565824e-01  -2.4764489e-02  -1.2552828e-02   2.8581012e-03  -1.3928518e-03
   3.0893638e-02  -2.9526118e-01  -3.4266647e-02  -1.1320228e-02   1.7059826e-03  -5.9975210e-04
  -3.5237121e-02  -2.2525547e-01  -1.1975271e-01  -1.2145936e-02   2.2151649e-03  -9.9120279e-04
  -3.8491898e-02  -1.8967235e-01  -5.6529349e-02  -1.2582796e-02   2.8298929e-03  -9.0242009e-04
   2.3602276e-02  -3.1768867e-01  -6.3823124e-02  -1.1552005e-02   2.0440038e-03  -1.6388095e-04
  -2.2936661e-02  -2.2812805e-01  -1.2483286e-01  -1.2267809e-02   2.1999102e-03  -4.8636141e-04
   3.3759325e-02  -2.4063676e-01  -2.4821971e-02  -1.2923936e-02   1.4461646e-03  -6.2097700e-04
  -1.4613168e-02  -2.1368783e-01  -1.3542667e-01  -1.2487089e-02   9.1061797e-04  -1.4651364e-03
  -6.2865016e-02  -2.2137972e-01  -1.1171686e-01  -1.2966153e-02   2.5489374e-03  -1.4043183e-03
  -2.4616135e-03  -3.4182317e-01  -1.1011329e-01  -1.2123985e-02   1.6887766e-03  -4.0071197e-04
  -8.1234137e-02  -2.7553711e-01  -1.1990183e-01  -1.1629865e-02   2.5068055e-03  -1.6413335e-03
  -2.2182104e-02  -3.0601217e-01  -8.5164933e-02  -1.2081173e-02   2.4985556e-03   2.3722612e-04
  -7.6951448e-02  -2.6281413e-01  -1.5626267e-01  -1.1971126e-02   2.2953034e-03  -7.6676607e-04
  -9.2490731e-02  -2.5700019e-01  -9.3831297e-02  -1.2861947e-02   2.9314698e-03  -9.2849967e-04
  -5.2611575e-02  -3.3755134e-01  -1.2993159e-01  -1.1373509e-02   2.3373481e-03  -1.5579599e-04
  -9.2611525e-02  -2.6741155e-01  -1.2435782e-01  -1.1327024e-02   2.3631113e-03  -5.0065017e-04
  -5.4020669e-02  -3.0647819e-01  -1.1456464e-01  -1.1563792e-02   1.8265950e-03  -2.2733922e-04
  -1.1276961e-01  -2.5741973e-01  -1.5065856e-01  -1.1689480e-02   2.5962179e-03  -1.0417542e-03
  -8.2704273e-02  -2.6097140e-01  -3.2397082e-02  -1.2042062e-02   2.2868201e-03  -9.5768420e-04
  -4.3690718e-02  -3.6425554e-01  -9.5019663e-02  -1.1021924e-02   1.7261434e-03  -5.2509440e-04
  -1.0839050e-01  -2.8342069e-01  -1.3030610e-01  -1.2100633e-02   2.3557644e-03  -1.1746863e-03
  -5.4837480e-02  -3.2840176e-01  -5.7398718e-02  -1.2560197e-02   2.1368204e-03  -1.0169889e-03
  -8.1244848e-02  -3.5524361e-01  -1.6208545e-01  -1.1562782e-02   2.4148944e-03  -1.0360874e-03
  -7.8724434e-02  -2.7448250e-01  -9.3510745e-02  -1.2440279e-02   2.4824361e-03  -8.7493764e-04
  -6.0104999e-02  -3.2631051e-01  -1.4715778e-01  -1.1537174e-02   1.1462420e-03  -1.1635812e-03
  -1.1259920e-01  -2.7544877e-01  -1.3567897e-01  -1.2044582e-02   1.8429868e-03  -1.8319336e-03
  -5.9324359e-02  -3.8429975e-01  -5.7701100e-02  -1.1083970e-02   1.7223097e-03  -1.1250442e-03
  -6.1541964e-02  -3.6919016e-01  -1.3574595e-01  -1.1193067e-02   1.9809995e-03  -9.4587593e-04
  -7.0753532e-02  -3.1857368e-01  -8.7852807e-02  -1.1793702e-02   1.9507179e-03  -9.7592521e-04
  -2.4358957e-02  -4.0133193e-01  -1.1582829e-01  -1.1080959e-02   1.3996675e-03  -7.9208562e-04
  -6.8657442e-02  -3.2212236e-01  -1.4728639e-01  -1.1185771e-02   2.2007045e-03  -1.2022755e-03
  -4.1291896e-02  -3.3608589e-01  -5.9363596e-02  -1.1339426e-02   1.7104278e-03  -8.6272339e-04
  -2.7838697e-02  -4.2040780e-01  -1.1225040e-01  -1.0360423e-02   1.6214348e-03  -7.7330925e-04
  -3.8463456e-02  -3.8646859e-01  -1.1538303e-01  -1.0907900e-02   1.8306570e-03  -2.5069042e-04
  -2.8501472e-02  -4.5164066e-01  -1.4195602e-01  -1.0366190e-02   1.7614776e-03  -5.0021630e-04
  -6.2063393e-02  -3.7374829e-01  -9.6963717e-02  -1.1477931e-02   2.7864076e-03  -1.1165217e-03
  -4.1085033e-02  -4.2387276e-01  -9.1718399e-02  -1.1474805e-02   1.9833917e-03  -1.7346201e-03
  -9.1807923e-02  -3.4136323e-01  -1.1012418e-01  -1.2168811e-02   2.7610195e-03  -2.4400010e-03
  -8.3372998e-02  -3.6831788e-01   1.7660192e-02  -1.2827412e-02   1.4655017e-03  -2.4484632e-03
  -1.2804894e-01  -3.6810514e-01  -1.3186659e-01  -1.2667414e-02   1.8899429e-03  -2.7215628e-03
  -1.0546460e-01  -3.6748036e-01  -7.6440943e-02  -1.2758422e-02   2.4053163e-03  -2.4578418e-03
  -6.6708333e-02  -4.4731204e-01  -1.1371587e-01  -1.1894629e-02   2.3694228e-03  -1.7563193e-03
  -7.4787359e-02  -3.9210925e-01  -1.7029820e-01  -1.1931316e-02   2.4028892e-03  -2.0978811e-03
  -4.4044385e-02  -4.8394519e-01  -1.5927178e-01  -1.1387883e-02   1.9722867e-03  -1.2389899e-03
  -9.6115501e-02  -3.8806801e-01  -1.8460056e-01  -1.0816274e-02   1.6195596e-03  -1.1343497e-03
  -7.6011550e-02  -3.9261677e-01  -6.6036116e-02  -1.0642177e-02   1.9973171e-03  -9.3956569e-04
  -6.2540364e-02  -4.7622784e-01  -1.2055856e-01  -1.0005987e-02   1.8368619e-03  -6.2548685e-04
  -1.1517910e-01  -3.9354171e-01  -1.7584739e-01  -1.0782263e-02   1.7882803e-03  -1.3644733e-03
  -1.0830323e-01  -4.0757568e-01  -1.0211886e-01  -1.1210212e-02   1.7537996e-03  -1.0224973e-03
  -8.7867152e-02  -4.7882777e-01  -1.4551010e-01  -1.0670607e-02   1.8121917e-03  -1.0756329e-03
  -1.3033498e-01  -3.9508246e-01  -1.5555828e-01  -1.1971229e-02   2.2429430e-03  -1.7749255e-03
  -7.8476464e-02  -4.2381181e-01  -7.6161868e-02  -1.1322377e-02   1.9339072e-03  -1.0702974e-03
  -1.1032965e-01  -4.4601345e-01  -1.6972906e-01  -1.1387920e-02   2.4007726e-03  -1.5721621e-03
  -1.1664881e-01  -3.9072490e-01  -1.0996155e-01  -1.2219075e-02   2.9456749e-03  -1.6525700e-03
  -8.0465942e-02  -5.0663351e-01  -9.6741269e-02  -1.1937390e-02   2.8906124e-03  -1.3817258e-03
  -1.2385255e-01  -4.1195312e-01  -1.5929610e-01  -1.2557737e-02   2.9087396e-03  -2.0062765e-03
  -8.8316823e-02  -4.5015796e-01  -6.6800114e-02  -1.2435140e-02   2.6335573e-03  -1.6351851e-03
  -1.1273732e-01  -4.4517157e-01  -1.4309597e-01  -1.1681919e-02   2.3306765e-03  -1.9843136e-03
  -1.3082837e-01  -3.9973047e-01  -1.2434955e-01  -1.2501375e-02   2.5984978e-03  -2.2096843e-03
  -9.6838633e-02  -5.2718970e-01  -1.0148904e-01  -1.1423322e-02   2.6366935e-03  -1.7577518e-03
  -1.2149183e-01  -4.7754625e-01  -1.7256016e-01  -1.2128296e-02   3.2117596e-03  -2.3070636e-03
  -8.6509832e-02  -4.6657233e-01  -1.4496041e-01  -1.2041844e-02   2.1677404e-03  -1.6534012e-03
  -7.0581160e-02  -5.6472301e-01  -1.7317011e-01  -1.0459314e-02   1.9675962e-03  -1.1988181e-03
  -1.0058680e-01  -5.1856654e-01  -2.0958574e-01  -1.0225364e-02   2.8557000e-03  -1.6977544e-03
  -3.0313370e-02  -7.8883325e-01  -2.5473642e-01  -6.8501865e-03   1.6601745e-03  -1.0604180e-04
  -7.6586387e-02  -7.6157683e-01  -2.9278084e-01  -4.0106606e-03   2.2442236e-03  -3.6773987e-04
  -7.7054677e-02  -6.8200123e-01  -2.9460383e-01  -4.9177447e-03   2.6732482e-03  -6.5207012e-04
  -4.6455062e-02  -7.5467790e-01  -2.6015250e-01  -4.5054992e-03   2.5029986e-03  -8.6834169e-04
  -7.2353416e-02  -6.3028405e-01  -2.1696238e-01  -4.5633497e-03   2.9162936e-03  -7.1043329e-04
  -7.2457083e-02  -6.7196483e-01  -1.8393611e-01  -4.4181309e-03   3.4565794e-03  -3.2942263e-04
  -6.6119683e-02  -6.9346045e-01  -1.7156638e-01  -4.3540264e-03   2.9688966e-03  -6.5414501e-04
  -4.7224980e-02  -6.7557617e-01  -1.5522739e-01  -5.3022940e-03   2.8384309e-03  -1.6115019e-04
   2.9479300e-03  -8.3358943e-01  -6.5120103e-02  -3.2315817e-03   2.2527713e-03  -2.0832869e-04
  -4.1102339e-02  -6.6198835e-01  -1.1567905e-01  -6.6141075e-03   3.2865583e-03  -3.0471882e-04
  -2.3337204e-02  -6.9928211e-01  -1.8176062e-01  -6.3605993e-03   2.6993184e-03  -2.4199536e-04
  -4.7604765e-02  -6.5774014e-01  -1.6979104e-01  -5.8295635e-03   3.1605691e-03   4.5787558e-05
  -6.4033513e-02  -6.3924603e-01  -1.6644581e-01  -5.8676654e-03   4.0362885e-03  -8.4240602e-05
  -6.6443241e-02  -6.0339101e-01  -1.5087510e-01  -6.3404306e-03   3.2847904e-03   1.4943317e-04
  -2.5943237e-02  -5.6672668e-01  -6.4606790e-02  -8.4333955e-03   1.9782220e-03   5.6070343e-05
  -6.5506733e-02  -5.7014068e-01  -1.3211049e-01  -8.5455406e-03   2.3587042e-03  -5.0967778e-04
  -1.4955761e-01  -5.3813217e-01  -6.0503412e-02  -1.1205012e-02   2.2743994e-03  -1.4119760e-03
  -4.3464958e-02  -6.5780264e-01  -6.2547024e-02  -1.0859897e-02   1.2019477e-03  -7.5863263e-04
  -8.3809905e-02  -6.0435380e-01  -1.1296294e-01  -9.7308028e-03   1.5813883e-03  -3.0843643e-04
  -2.0727771e-02  -5.7848238e-01  -1.7991908e-02  -1.1163037e-02   7.6057791e-04  -6.3644080e-04
  -1.6446013e-02  -6.0109050e-01  -1.5296951e-01  -9.1703940e-03   3.6346406e-04  -1.0519128e-03
  -6.1354017e-02  -5.3503981e-01  -1.0071651e-01  -1.0261093e-02   1.4846627e-03  -9.1409994e-04
  -2.0611585e-03  -6.4955027e-01  -1.3243140e-01  -1.0019365e-02   8.5773339e-04   1.9765267e-04
  -9.4757368e-02  -5.2765145e-01  -1.5389487e-01  -1.2184055e-02   1.3983657e-03  -1.5282525e-03
  -3.4470894e-02  -5.3554571e-01   6.4082022e-03  -1.3450683e-02   1.0484077e-04  -1.5752004e-03
   8.3033053e-03  -6.3755099e-01  -1.0556336e-01  -1.1707219e-02   4.1069101e-04  -7.9388775e-04
  -6.9337167e-02  -5.4300454e-01  -1.1550316e-01  -1.2198838e-02   8.1885822e-04  -1.2727569e-03
   1.1045242e-02  -5.7671307e-01   1.6094232e-03  -1.3931372e-02  -1.4973490e-03  -2.4969015e-03
  -3.3972703e-03  -5.4499704e-01  -1.2342019e-01  -1.2645394e-02  -2.5600602e-03  -3.3781026e-03
  -3.8907995e-02  -5.3983890e-01  -6.3919965e-02  -1.2753158e-02  -1.4898037e-03  -3.2216010e-03
  -1.7864451e-02  -5.9043620e-01  -6.5728813e-02  -1.4107041e-02  -1.9237065e-03  -3.2494389e-03
  -7.9777720e-02  -5.1505800e-01  -6.2832204e-02  -1.4802822e-02  -8.8978362e-04  -3.8061908e-03
  -2.4967696e-02  -5.2240229e-01  -1.3642712e-02  -1.5009702e-02  -1.6247014e-03  -3.1792615e-03
  -8.4865198e-02  -5.0862550e-01  -1.0760955e-01  -1.4354631e-02  -1.4080574e-03  -3.6862674e-03
  -6.1615247e-02  -5.0952127e-01  -3.4511422e-02  -1.4571017e-02  -1.3913225e-03  -3.6006377e-03
  -1.8886631e-02  -6.6503899e-01  -4.8096263e-02  -1.4434724e-02  -2.1657773e-03  -3.1940329e-03
  -5.7445588e-02  -5.7915374e-01  -1.2199873e-01  -1.4236250e-02  -1.7398780e-03  -3.3551356e-03
  -2.8709741e-02  -6.2019350e-01  -1.0505804e-01  -1.3912954e-02  -1.5719415e-03  -2.6469384e-03
  -4.2229145e-02  -6.7924698e-01  -1.8229194e-01  -1.1951075e-02  -2.0666704e-03  -2.7806976e-03
  -6.5842732e-02  -6.0582723e-01  -1.2965619e-01  -1.2344572e-02  -1.4550644e-03  -2.5932955e-03
  -3.0804728e-02  -6.8947668e-01  -1.5153153e-01  -1.1316535e-02  -2.1781295e-03  -2.3973325e-03
  -8.1402543e-02  -6.0388695e-01  -1.4242749e-01  -1.1430306e-02  -1.3928112e-03  -2.8080939e-03
  -3.0178056e-02  -6.1661746e-01  -2.8742257e-02  -1.2152121e-02  -1.9398568e-03  -2.3574839e-03
