   0.0000000e+00   0.0000000e+00   0.0000000e+00   0.0000000e+00   0.0000000e+00   0.0000000e+00
   9.3896402e-03   2.4505145e-03   3.2566010e-02   3.6047931e-04  -1.2868275e-04   3.2114512e-05
  -7.9434186e-03  -1.8108788e-02   1.5135035e-03   9.0316283e-04   3.7601868e-04   1.2242321e-04
  -2.2510999e-02  -6.9282853e-03   4.9882275e-02   3.4235973e-05   2.9483122e-04   5.0245122e-05
  -9.5623767e-04   5.9998141e-03   2.8688371e-02   1.9702904e-04  -1.3556659e-04   2.0721505e-05
  -2.0055057e-02  -2.4030712e-02   1.4155977e-02   5.1679056e-04   1.2885995e-04   3.2742323e-04
  -1.3861631e-02  -5.0470092e-03   4.5138575e-02   1.3165101e-04  -6.2546238e-06   2.6161999e-04
  -2.4415393e-02  -2.3365905e-02   9.6572001e-03   8.6878275e-04   6.1533812e-05   4.7043043e-04
  -4.0736457e-02  -6.4612852e-02   1.3433033e-02   5.7754337e-04   1.1295757e-04   1.4224450e-04
  -4.9436674e-02  -2.7300814e-02  -1.6002452e-02   1.2443774e-03   5.8252993e-04  -4.0483582e-05
  -8.3001396e-02  -8.8360538e-02  -2.0269601e-02   1.7037793e-03   8.8396048e-04  -1.5992816e-04
  -8.0999689e-02  -1.1619532e-01  -1.0129417e-02   3.1414717e-03   1.4906843e-03  -1.3603709e-04
  -1.0597845e-01  -1.1615010e-01  -2.4856627e-02   2.6140492e-03   1.9474451e-03  -2.1646168e-04
  -1.1930988e-01  -6.8456650e-02  -7.7970884e-03   1.9970367e-03   2.1529396e-03  -1.0597710e-04
  -9.6555737e-02  -8.3218907e-02  -2.5862440e-02   2.1415569e-03   1.7839765e-03   3.4241842e-05
  -8.4703686e-02  -1.5395563e-01  -3.3440096e-02   2.6263481e-03   1.5222791e-03   3.6262781e-04
  -8.9621385e-02  -1.4524136e-01  -3.3967524e-02   2.9642787e-03   1.8031664e-03   1.6054499e-04
  -9.8046373e-02  -1.9406233e-01  -5.1070057e-02   3.2600703e-03   1.9721732e-03   5.8949967e-05
  -9.8517297e-02  -1.9501064e-01  -1.7002950e-02   3.1040958e-03   1.7475758e-03   3.4490393e-04
  -8.8481417e-02  -1.9540091e-01  -4.3994903e-02   3.9340475e-03   1.7350285e-03   3.3780752e-04
  -8.2223560e-02  -2.2288325e-01  -2.7527244e-02   2.6433855e-03   1.6005769e-03   4.2666294e-06
  -1.0600721e-01  -2.2230734e-01   1.5814747e-03   2.8586928e-03   1.9907411e-03  -6.6662092e-05
  -1.1211906e-01  -2.4040293e-01  -3.4349139e-02   3.0442684e-03   2.1503555e-03   2.8908141e-04
  -9.5354244e-02  -2.4349980e-01  -2.4078611e-02   3.2098027e-03   1.7722889e-03   3.4042480e-04
  -1.0490956e-01  -2.3343704e-01  -4.4750706e-02   3.6682747e-03   2.0024935e-03   1.1493384e-04
  -1.1329233e-01  -2.3689698e-01  -1.4485665e-02   2.4952929e-03   2.0673126e-03  -1.5272707e-04
  -1.0788868e-01  -2.3949977e-01  -6.3758647e-03   3.9595642e-03   1.8772272e-03   3.4961682e-04
  -1.3411880e-01  -3.0667201e-01  -3.0849567e-04   4.0320485e-03   2.1599269e-03   2.8323379e-04
  -1.5523258e-01  -2.8571985e-01  -6.9653971e-02   4.5566374e-03   2.8626763e-03  -2.1218046e-04
  -1.4648390e-01  -2.9008180e-01  -8.0463568e-02   3.0982003e-03   2.6422296e-03  -1.5348294e-04
  -1.3884945e-01  -2.5029657e-01  -6.5826499e-02   2.7867731e-03   2.4108297e-03  -3.6643827e-05
  -1.4754203e-01  -3.2885732e-01  -7.4366068e-02   3.9039725e-03   2.4719392e-03  -1.5045233e-04
  -1.4185446e-01  -2.8513049e-01  -5.5701655e-02   3.3057128e-03   2.5522193e-03  -1.0622251e-04
  -1.5004679e-01  -3.5647494e-01  -7.0991787e-02   3.6885095e-03   2.6290321e-03  -5.9932122e-05
  -1.6491016e-01  -3.0675712e-01  -7.4534467e-02   3.1032084e-03   2.7066199e-03  -3.2946001e-05
  -1.5287599e-01  -3.4840021e-01  -8.8071536e-02   4.1430725e-03   2.6443686e-03  -7.8062635e-05
  -1.4870110e-01  -3.6430508e-01  -5.3354065e-02   3.5832984e-03   2.4266387e-03   1.8174744e-04
  -1.4502500e-01  -3.6114051e-01  -7.1811050e-02   4.1477269e-03   2.4558592e-03   3.4961433e-04
  -1.6829229e-01  -3.8330769e-01  -7.0622751e-02   3.9031320e-03   2.8155326e-03   3.4634034e-04
  -1.5938246e-01  -3.3757485e-01  -2.1081442e-02   3.7167053e-03   2.4714346e-03   1.2883803e-04
  -1.6569611e-01  -3.8697912e-01  -4.8405289e-02   4.4070219e-03   2.6473887e-03   2.1679639e-04
  -1.6637319e-01  -3.8734233e-01  -4.3562779e-02   4.0843400e-03   2.7590331e-03   5.4842638e-04
  -1.5770073e-01  -3.4098808e-01  -5.6792744e-02   4.3176283e-03   2.8237805e-03   4.8099070e-04
  -1.5510131e-01  -3.8360151e-01  -6.6129795e-02   4.4088465e-03   2.5229773e-03   6.1389729e-04
  -1.8423151e-01  -3.8156728e-01  -8.6401652e-02   4.8277383e-03   2.9778464e-03  -2.0179265e-04
  -2.0811306e-01  -4.6046164e-01  -1.1274876e-01   5.4560565e-03   3.4056039e-03   2.1190746e-04
  -2.3776366e-01  -4.3271614e-01  -1.2273035e-01   5.7476909e-03   4.4541002e-03  -6.4791402e-04
  -2.1639568e-01  -4.5235119e-01  -1.2380690e-01   4.7954069e-03   3.9834310e-03  -6.8978096e-05
  -2.2285122e-01  -4.7030409e-01  -1.4039871e-01   5.4538463e-03   4.1269891e-03   2.6029852e-04
  -2.5066326e-01  -5.1611146e-01  -1.4615463e-01   5.6736982e-03   4.5950349e-03   1.1299353e-04
  -2.3566378e-01  -4.7985626e-01  -1.2712589e-01   5.3326100e-03   4.2899758e-03   6.6765593e-04
  -2.3152697e-01  -5.1426791e-01  -1.5813622e-01   5.2058783e-03   4.3937231e-03   6.8675410e-04
  -2.3478035e-01  -5.1922793e-01  -1.2897036e-01   4.8557515e-03   4.4028175e-03   8.6621571e-04
  -2.1956356e-01  -5.1213747e-01  -1.3707537e-01   5.5192959e-03   4.1119866e-03   6.8460117e-04
  -2.3829297e-01  -5.5628088e-01  -1.4355928e-01   6.2093445e-03   4.3013295e-03   9.4403770e-04
  -2.7009291e-01  -5.8777203e-01  -1.5131226e-01   7.0800728e-03   4.6317174e-03   6.1042963e-05
  -3.2072104e-01  -6.4145126e-01  -2.1553901e-01   8.2228590e-03   5.5140021e-03  -3.1071780e-04
  -3.2691309e-01  -6.0337212e-01  -1.9999815e-01   7.7162710e-03   5.8285020e-03  -4.4142051e-04
  -3.4440209e-01  -6.2216361e-01  -2.2853689e-01   7.2882533e-03   5.9788119e-03  -1.1207419e-03
  -3.7820557e-01  -6.1857241e-01  -2.2016461e-01   7.6207506e-03   6.7261878e-03  -1.2886326e-03
  -3.6786917e-01  -6.2411592e-01  -2.1875734e-01   7.1616988e-03   6.2928057e-03  -1.2953522e-03
  -3.6286027e-01  -6.1870833e-01  -1.9792846e-01   6.4125972e-03   5.9122592e-03  -1.0042007e-03
  -3.6738672e-01  -6.6101813e-01  -2.0223013e-01   7.0297719e-03   5.8942841e-03  -1.0379217e-03
  -3.6300489e-01  -6.7438257e-01  -1.9230906e-01   6.5604542e-03   5.7070802e-03  -7.0640272e-04
  -3.5430229e-01  -6.8508909e-01  -2.0295550e-01   7.2031412e-03   5.5494271e-03  -5.4090720e-04
  -3.6495395e-01  -7.1675962e-01  -2.0614408e-01   6.9894447e-03   5.7161563e-03  -4.3439453e-04
  -3.7105684e-01  -7.1506858e-01  -2.0123535e-01   8.3251791e-03   5.6534750e-03  -8.4740298e-04
  -3.9727377e-01  -7.5512033e-01  -2.1975857e-01   8.2106245e-03   5.9145394e-03  -1.5401605e-03
  -4.0590355e-01  -7.3884934e-01  -1.9459404e-01   8.7626433e-03   5.9487030e-03  -8.8597839e-04
  -3.9503487e-01  -7.4875467e-01  -2.2106717e-01   8.4279672e-03   5.7871112e-03  -1.3507440e-03
  -4.1759299e-01  -7.4053511e-01  -1.9791436e-01   7.2918179e-03   6.1224084e-03  -1.2776230e-03
  -4.3347543e-01  -7.2691166e-01  -2.0153457e-01   7.4761449e-03   6.2291170e-03  -1.3635926e-03
  -4.3602339e-01  -7.5474362e-01  -1.9297677e-01   6.5415475e-03   5.6307565e-03  -1.8381044e-03
  -4.3887646e-01  -7.2809792e-01  -1.8362519e-01   6.5793443e-03   5.4306757e-03  -1.8884174e-03
  -4.5892519e-01  -7.8568484e-01  -2.0454865e-01   6.8488212e-03   5.3858401e-03  -1.9897721e-03
  -4.6703387e-01  -7.6068267e-01  -1.8092529e-01   6.7128397e-03   5.4985123e-03  -2.1269379e-03
  -4.6020720e-01  -7.7409902e-01  -2.0560438e-01   7.3107548e-03   5.2601000e-03  -2.0963721e-03
  -4.9066209e-01  -7.8873079e-01  -1.9191861e-01   6.8261402e-03   5.4160836e-03  -2.2116628e-03
  -4.7912490e-01  -7.4398912e-01  -1.7225642e-01   6.8424487e-03   5.0906766e-03  -2.1441627e-03
  -4.9681765e-01  -7.9774554e-01  -1.8305372e-01   6.7038353e-03   5.3765876e-03  -2.0541988e-03
  -5.0281779e-01  -7.7020956e-01  -1.5795912e-01   6.5740741e-03   5.5052920e-03  -1.8964484e-03
  -4.9627937e-01  -7.6600006e-01  -1.7642380e-01   6.8870766e-03   5.4413779e-03  -1.9518949e-03
  -5.1699088e-01  -8.0744792e-01  -1.6146562e-01   6.6346664e-03   5.5367928e-03  -2.0128226e-03
  -4.9476629e-01  -7.8421911e-01  -1.6388494e-01   6.7717001e-03   5.2663991e-03  -1.9831443e-03
  -5.0886612e-01  -8.1805712e-01  -1.9530136e-01   6.9980444e-03   5.5471285e-03  -1.9143030e-03
  -5.1491605e-01  -8.1682854e-01  -1.6397106e-01   6.0305868e-03   5.3792278e-03  -2.5771491e-03
  -5.3184862e-01  -8.3404652e-01  -2.2425002e-01   6.9245898e-03   5.6977956e-03  -2.7128577e-03
  -5.5673266e-01  -8.5987390e-01  -2.3112783e-01   5.3550269e-03   5.3518144e-03  -2.7299691e-03
  -5.8736336e-01  -7.8653625e-01  -3.4503515e-01   5.8093345e-03   5.0316664e-03  -3.6302162e-03
  -6.1318414e-01  -8.2721237e-01  -2.9642418e-01   6.2448881e-03   5.1307147e-03  -3.4398804e-03
  -6.1874839e-01  -8.6314776e-01  -2.8970490e-01   7.1992949e-03   5.1802667e-03  -3.4562583e-03
  -6.2065932e-01  -8.9340436e-01  -2.6402280e-01   6.9573813e-03   5.0254171e-03  -3.0210320e-03
  -5.8644001e-01  -8.7813416e-01  -2.5367524e-01   7.1701427e-03   4.3929374e-03  -3.1440948e-03
  -5.8934012e-01  -9.1286309e-01  -2.6188454e-01   6.8253820e-03   4.3095183e-03  -2.8763785e-03
  -5.6985696e-01  -8.8424052e-01  -2.4092105e-01   6.4102885e-03   3.7922092e-03  -2.5918686e-03
  -5.5822078e-01  -8.8267466e-01  -2.5408786e-01   6.8540399e-03   3.7117376e-03  -2.5954198e-03
  -5.7979441e-01  -9.4492938e-01  -2.5206168e-01   6.4529250e-03   4.0917562e-03  -2.3878605e-03
  -5.6544117e-01  -9.1015520e-01  -2.6242786e-01   6.9723930e-03   3.9646105e-03  -2.3117696e-03
  -5.7418371e-01  -9.3691741e-01  -2.5582468e-01   6.8182549e-03   4.2065288e-03  -2.2728723e-03
  -5.4930505e-01  -9.0441935e-01  -2.4122241e-01   6.0058185e-03   3.6497641e-03  -2.5395132e-03
  -5.6196393e-01  -9.3942319e-01  -2.6570480e-01   6.7438838e-03   4.1736234e-03  -2.4175653e-03
  -5.7003400e-01  -9.5140325e-01  -2.2837020e-01   6.5459690e-03   4.2946822e-03  -2.4494744e-03
  -5.4592243e-01  -9.4030269e-01  -2.3484566e-01   6.9833838e-03   3.9350358e-03  -2.6210472e-03
  -5.6736900e-01  -9.7580407e-01  -2.1866324e-01   6.5421731e-03   4.1918277e-03  -2.7492362e-03
  -5.5184616e-01  -9.4021942e-01  -2.0432340e-01   6.7176760e-03   3.9179847e-03  -2.5478209e-03
  -5.4758052e-01  -9.6375339e-01  -2.3422210e-01   6.9448380e-03   4.0879106e-03  -2.5642152e-03
  -5.7731129e-01  -9.6649281e-01  -2.2167692e-01   6.6425467e-03   4.2755415e-03  -2.9144710e-03
  -5.5907205e-01  -9.7665984e-01  -2.4712730e-01   7.6815012e-03   3.9706901e-03  -2.8142979e-03
  -5.6872674e-01  -9.6420082e-01  -2.1349150e-01   6.8233428e-03   4.1016764e-03  -3.1641656e-03
  -5.7718087e-01  -9.8773934e-01  -2.4960719e-01   7.9826817e-03   4.2667483e-03  -3.3054150e-03
  -6.1373891e-01  -1.0073258e+00  -2.4133337e-01   7.6930613e-03   4.9269203e-03  -3.4050074e-03
  -5.9638083e-01  -9.8329407e-01  -2.2998287e-01   7.8235000e-03   4.7676980e-03  -3.3686939e-03
  -5.9466770e-01  -1.0387295e+00  -2.6720453e-01   8.2814446e-03   5.0800261e-03  -3.6285800e-03
  -5.9327020e-01  -1.0737481e+00  -2.6625280e-01   8.9429747e-03   5.9696045e-03  -4.0921197e-03
  -6.1051401e-01  -1.1805008e+00  -3.5117401e-01   1.0870426e-02   7.2065008e-03  -3.3902051e-03
  -6.0018911e-01  -1.1863379e+00  -3.2949953e-01   1.1298778e-02   7.8562466e-03  -3.3125906e-03
  -5.7380624e-01  -1.2926618e+00  -3.5636015e-01   1.3577195e-02   8.7842448e-03  -2.9200157e-03
  -5.7136019e-01  -1.3168613e+00  -3.2154773e-01   1.3717911e-02   9.2130412e-03  -2.6893045e-03
  -5.7352608e-01  -1.2888572e+00  -3.4101184e-01   1.3790109e-02   9.4814594e-03  -2.7813917e-03
  -5.6550576e-01  -1.2866584e+00  -3.3147660e-01   1.2804707e-02   9.2724871e-03  -2.1438563e-03
  -5.6264401e-01  -1.2805528e+00  -3.3257603e-01   1.2886764e-02   8.9703805e-03  -2.2295181e-03
  -5.9207505e-01  -1.3688248e+00  -3.1713953e-01   1.3219274e-02   9.2058691e-03  -2.1203319e-03
  -5.9775427e-01  -1.3340305e+00  -3.0973175e-01   1.2503981e-02   9.1273311e-03  -2.1143448e-03
  -5.8656326e-01  -1.3277601e+00  -3.6102433e-01   1.2128025e-02   8.6264359e-03  -1.8734226e-03
  -6.0228338e-01  -1.3661219e+00  -3.3632373e-01   1.1728872e-02   8.6326999e-03  -2.6904317e-03
  -5.9550252e-01  -1.3695854e+00  -3.2264552e-01   1.2798680e-02   8.4162546e-03  -2.9483343e-03
  -6.0140473e-01  -1.4036516e+00  -3.1697249e-01   1.2337395e-02   8.0504123e-03  -2.7974780e-03
  -5.9449428e-01  -1.3709904e+00  -3.0010736e-01   1.1583943e-02   7.7613394e-03  -3.2128988e-03
  -6.1691183e-01  -1.4204680e+00  -3.3687498e-01   1.2672000e-02   8.3112419e-03  -2.7766960e-03
  -6.1319566e-01  -1.3913524e+00  -3.4374849e-01   1.1739445e-02   8.2402646e-03  -2.6272129e-03
  -6.0920684e-01  -1.3705619e+00  -3.3730249e-01   1.1800518e-02   8.1306826e-03  -2.9609221e-03
  -6.2124865e-01  -1.4114344e+00  -3.2178085e-01   1.1564582e-02   8.0569519e-03  -2.9447862e-03
  -6.1357021e-01  -1.3866097e+00  -3.0135741e-01   1.1285531e-02   7.7987481e-03  -2.9604094e-03
  -6.1756850e-01  -1.4160363e+00  -3.2686231e-01   1.1433632e-02   7.5362467e-03  -3.0657622e-03
  -6.2593379e-01  -1.4157222e+00  -3.2111172e-01   1.1193124e-02   7.5525033e-03  -3.1631614e-03
  -6.2195415e-01  -1.4184414e+00  -2.9429913e-01   1.2108480e-02   7.5163377e-03  -3.3228507e-03
  -6.3692216e-01  -1.4354370e+00  -3.1506435e-01   1.1822300e-02   7.8810642e-03  -2.9918662e-03
  -6.2396824e-01  -1.4223425e+00  -3.0378691e-01   1.1160117e-02   7.6391166e-03  -3.2314721e-03
  -6.3120115e-01  -1.4395218e+00  -3.2252792e-01   1.2125901e-02   7.8207275e-03  -3.1995759e-03
  -6.3156761e-01  -1.4404570e+00  -3.1072797e-01   1.1308979e-02   7.8408824e-03  -2.7925242e-03
  -5.9864461e-01  -1.3352378e+00  -1.5276884e-01   1.1237821e-02   7.6783175e-03  -3.1083351e-03
  -6.2322329e-01  -1.3155825e+00  -1.1931088e-01   9.9068505e-03   7.9086355e-03  -3.2037024e-03
  -6.3583961e-01  -1.2989797e+00  -1.4178801e-01   1.0994748e-02   8.0584041e-03  -2.6670152e-03
  -6.4369816e-01  -1.3468485e+00  -1.6019419e-01   1.1243057e-02   8.0190044e-03  -3.2729060e-03
  -6.6920728e-01  -1.3612127e+00  -1.5611351e-01   1.2001567e-02   8.3604243e-03  -3.8248660e-03
  -6.8583743e-01  -1.4214191e+00  -1.9314789e-01   1.3659511e-02   9.2991825e-03  -4.7797017e-03
  -6.9930287e-01  -1.4215472e+00  -1.9108765e-01   1.2331341e-02   9.4326119e-03  -4.3899706e-03
  -6.8510100e-01  -1.3655326e+00  -2.1517135e-01   1.1477158e-02   9.4464996e-03  -4.2331711e-03
  -6.9583388e-01  -1.4074765e+00  -2.2459331e-01   1.1316647e-02   9.5270358e-03  -3.8506713e-03
  -6.7748935e-01  -1.3814157e+00  -2.1308407e-01   1.2090834e-02   9.6532287e-03  -3.5385998e-03
  -6.7638165e-01  -1.4543693e+00  -2.1787340e-01   1.2930414e-02   9.4641131e-03  -3.5973523e-03
  -6.8576964e-01  -1.4253318e+00  -1.8902430e-01   1.1965462e-02   9.3978002e-03  -3.8728557e-03
  -7.0344060e-01  -1.4889723e+00  -2.1379153e-01   1.2598213e-02   9.4570627e-03  -3.7890855e-03
  -7.0483126e-01  -1.4922190e+00  -2.2205485e-01   1.1452992e-02   9.3129947e-03  -3.5317095e-03
  -7.0266932e-01  -1.4629229e+00  -2.8656094e-01   1.1930569e-02   9.2273790e-03  -4.0885120e-03
  -6.7948767e-01  -1.4720369e+00  -2.5787075e-01   1.2422799e-02   8.8601080e-03  -4.3594137e-03
  -6.9147940e-01  -1.5234723e+00  -2.6453698e-01   1.2563929e-02   8.9816776e-03  -4.0367847e-03
  -6.7970559e-01  -1.5187582e+00  -2.2899707e-01   1.1993637e-02   8.6051078e-03  -3.6534832e-03
  -6.6842275e-01  -1.5064987e+00  -2.2492138e-01   1.2429994e-02   8.5386661e-03  -3.7121076e-03
  -6.7523779e-01  -1.5374395e+00  -2.3534595e-01   1.1984530e-02   8.2961171e-03  -3.5835966e-03
  -6.6449318e-01  -1.4943633e+00  -2.5851753e-01   1.1860721e-02   8.2560076e-03  -3.8574365e-03
  -7.0196303e-01  -1.5339316e+00  -2.6084068e-01   1.1868231e-02   8.6347719e-03  -3.7617644e-03
  -6.8720246e-01  -1.4672856e+00  -2.3201658e-01   1.1462844e-02   8.6116980e-03  -3.6905913e-03
  -6.7847956e-01  -1.5396487e+00  -2.4585416e-01   1.1529315e-02   8.3314641e-03  -3.5270985e-03
  -6.6403324e-01  -1.5269455e+00  -2.2421915e-01   1.1343828e-02   8.2124520e-03  -3.5727587e-03
  -6.7734900e-01  -1.5488267e+00  -2.4469082e-01   1.1705745e-02   8.3798758e-03  -3.4936463e-03
  -6.7673412e-01  -1.5170030e+00  -2.1612742e-01   1.1144455e-02   8.3018201e-03  -3.4738707e-03
  -6.6781352e-01  -1.5198400e+00  -2.1906225e-01   1.1314581e-02   7.9514604e-03  -3.7899676e-03
  -6.8292000e-01  -1.5592371e+00  -2.0134506e-01   1.0915632e-02   7.9700759e-03  -3.9624798e-03
  -6.8072372e-01  -1.5100713e+00  -2.0814166e-01   1.1186541e-02   8.0492024e-03  -4.0444959e-03
  -6.9498075e-01  -1.5561285e+00  -2.0016554e-01   1.1551706e-02   8.2097994e-03  -4.1573791e-03
  -6.9619868e-01  -1.5211693e+00  -1.8345049e-01   1.1309275e-02   8.1361885e-03  -4.4489212e-03
  -6.9436650e-01  -1.5625998e+00  -2.0946759e-01   1.1495958e-02   8.1431264e-03  -4.3900579e-03
  -7.1029314e-01  -1.5782490e+00  -1.7595730e-01   1.1308097e-02   8.3035145e-03  -4.4926924e-03
  -7.0235230e-01  -1.5550275e+00  -1.9484029e-01   1.1452549e-02   8.0625991e-03  -4.5903833e-03
  -7.1914908e-01  -1.5764457e+00  -1.8761352e-01   1.0836334e-02   8.2186013e-03  -4.2593593e-03
  -7.1606160e-01  -1.5560597e+00  -1.9219511e-01   1.1358496e-02   8.3576827e-03  -4.4466255e-03
  -7.1801837e-01  -1.6047848e+00  -1.9286453e-01   1.0824018e-02   8.2167605e-03  -4.7377176e-03
  -7.2785696e-01  -1.5915828e+00  -1.8267406e-01   1.0430749e-02   8.2827213e-03  -4.6759668e-03
  -7.2691039e-01  -1.6141442e+00  -1.9121113e-01   1.1236045e-02   8.3855759e-03  -4.8654017e-03
  -7.1795712e-01  -1.6295844e+00  -1.7852548e-01   1.1329192e-02   8.3676328e-03  -4.6218922e-03
  -7.0480744e-01  -1.5861623e+00  -1.6358137e-01   1.1481273e-02   8.3188316e-03  -4.7810271e-03
  -7.0526862e-01  -1.6297764e+00  -1.7804865e-01   1.1687565e-02   8.0790813e-03  -4.3099337e-03
  -7.0524740e-01  -1.6193359e+00  -1.5864652e-01   1.1910809e-02   8.1058044e-03  -4.5941235e-03
  -7.2602565e-01  -1.6607240e+00  -1.7193453e-01   1.2981106e-02   8.5045171e-03  -4.6794159e-03
  -7.4046767e-01  -1.6181278e+00  -1.5359584e-01   1.2229914e-02   8.8737871e-03  -5.6078008e-03
  -7.4589716e-01  -1.6413376e+00  -1.8018869e-01   1.2989074e-02   8.9771638e-03  -5.4489607e-03
  -7.5360003e-01  -1.6714128e+00  -1.7841475e-01   1.2140145e-02   9.1948034e-03  -5.4983259e-03
  -7.4091345e-01  -1.6458894e+00  -1.9186166e-01   1.2787237e-02   9.2711248e-03  -5.8488844e-03
  -7.4393373e-01  -1.7004783e+00  -1.7738203e-01   1.3092285e-02   9.2985973e-03  -5.9995756e-03
  -7.5081517e-01  -1.7116914e+00  -1.6734123e-01   1.4781848e-02   9.7196919e-03  -6.2257429e-03
  -7.4781159e-01  -1.7374294e+00  -1.8395442e-01   1.4655706e-02   1.0252897e-02  -6.9005622e-03
  -7.5028048e-01  -1.6923235e+00  -1.0897223e-01   1.4708278e-02   1.0107482e-02  -6.8516769e-03
  -7.5379430e-01  -1.7189687e+00  -1.2296526e-01   1.5086163e-02   1.0488934e-02  -7.4414633e-03
  -8.1806575e-01  -1.7027343e+00  -1.2391676e-01   1.3960077e-02   1.2311625e-02  -7.9048648e-03
  -8.0954282e-01  -1.7272052e+00  -1.5528360e-01   1.4743523e-02   1.2344840e-02  -7.7782200e-03
  -8.0762796e-01  -1.7441231e+00  -1.4094136e-01   1.4653863e-02   1.2131748e-02  -7.2174886e-03
  -8.0964276e-01  -1.7235128e+00  -1.2246932e-01   1.5427839e-02   1.2542835e-02  -7.2815426e-03
  -8.0853390e-01  -1.7941399e+00  -8.7727536e-02   1.5685495e-02   1.2248620e-02  -7.3793592e-03
  -8.1761115e-01  -1.7535215e+00  -3.6832976e-02   1.5847523e-02   1.2409530e-02  -8.2216455e-03
  -8.1010216e-01  -1.7962543e+00  -1.5426586e-02   1.6368690e-02   1.2263532e-02  -8.6946921e-03
  -8.2808790e-01  -1.7440701e+00   2.8950338e-03   1.5977970e-02   1.2601587e-02  -9.3815151e-03
  -7.9815290e-01  -1.7375545e+00  -3.6548134e-02   1.5488558e-02   1.2662615e-02  -1.0021657e-02
  -8.4218413e-01  -1.7622810e+00  -5.5450703e-02   1.4760330e-02   1.3485759e-02  -9.7853676e-03
  -8.5623930e-01  -1.7632659e+00  -1.2802084e-01   1.5364929e-02   1.3674010e-02  -9.5557732e-03
  -8.7157726e-01  -1.8124673e+00  -9.2351671e-02   1.4916825e-02   1.3665765e-02  -9.8971146e-03
  -8.6537458e-01  -1.8422834e+00  -1.1747071e-01   1.5239959e-02   1.3474928e-02  -1.0544309e-02
  -8.7887513e-01  -1.8351136e+00  -1.0120384e-01   1.4304626e-02   1.3583993e-02  -9.9340938e-03
  -8.6532837e-01  -1.8716740e+00  -8.3327097e-02   1.5416989e-02   1.3612775e-02  -1.0447465e-02
  -8.6684181e-01  -1.9022902e+00  -1.1657719e-01   1.4076012e-02   1.3207616e-02  -9.9328408e-03
