   1.4210855e-14  -1.4210855e-14   0.0000000e+00   0.0000000e+00   3.3634957e-52   1.3877788e-17
   3.3319489e-02  -4.8114515e-02   3.0723500e-01  -1.8720096e-03   8.2852796e-04   4.9666459e-04
  -3.5267090e-03  -8.8066565e-02   1.7776188e-01   4.8310906e-03   7.3788816e-04  -1.6112581e-03
  -2.5743587e-02  -4.1319336e-02   9.0070982e-03   5.4987912e-03   1.6064740e-04  -2.4247863e-03
   6.6684662e-03  -9.7181679e-02   3.4556596e-02   2.0948780e-03  -1.0300954e-03  -1.0867733e-04
  -2.4437716e-02  -2.5172377e-04  -4.4565932e-01   1.9995673e-03  -1.2224096e-03   1.4644706e-03
  -5.8435787e-02  -1.8056059e-02  -5.8472322e-01   5.4653531e-03  -3.1732872e-03   1.6480664e-03
  -8.2553450e-02  -5.6650171e-02  -5.9117366e-01   7.3672124e-03  -4.9214020e-03   1.6292000e-03
  -9.5226112e-02   1.0612622e-02  -5.6032841e-01   7.4700414e-03  -4.4676319e-03   1.5849219e-03
  -1.1018976e-01   1.3561470e-02  -5.6463417e-01   9.5365678e-03  -4.9553729e-03   1.3651186e-03
  -1.0926445e-01  -2.3237912e-02  -5.2195753e-01   9.4724928e-03  -5.6387944e-03   1.3681884e-03
  -1.0553769e-01   2.1929045e-02  -4.9974047e-01   1.0062687e-02  -5.1184252e-03   1.1070103e-03
  -1.2241033e-01   2.9790175e-02  -5.8016868e-01   1.0329744e-02  -5.2787043e-03   7.1587102e-04
  -1.3929690e-01   8.3445571e-02  -6.8918454e-01   9.5647272e-03  -4.5771427e-03   7.9162103e-04
  -1.3066283e-01   1.5808809e-01  -9.0577535e-01   8.7585146e-03  -6.3023409e-03   1.6583696e-03
  -1.5835628e-01   1.3747767e-01  -7.5949455e-01   7.1438301e-03  -6.4094073e-03   1.5986272e-03
  -1.7015705e-01   1.3509147e-01  -7.9492468e-01   7.8323049e-03  -6.6044688e-03   1.5135026e-03
  -1.5428660e-01   1.0230829e-01  -7.2811619e-01   6.8699549e-03  -6.2857557e-03   2.0629987e-03
  -2.3587418e-01   9.2652823e-02  -7.6755033e-01   7.6006750e-03  -1.7629959e-03  -1.5307910e-03
  -1.8472879e-01   4.4282090e-02  -7.0449887e-01   7.0972357e-03  -1.3226300e-03  -3.7031333e-04
  -1.6237233e-01   9.1767080e-02  -7.4498449e-01   8.2381858e-03  -1.4442670e-03   4.3307354e-05
  -1.3575190e-01   4.0825091e-02  -6.5443016e-01   7.4535292e-03  -8.8215564e-04   5.4836259e-04
  -1.5014411e-01   9.8376277e-02  -6.9989234e-01   7.8533573e-03  -8.0169879e-04   3.2695190e-04
  -1.5630269e-01   6.1692137e-02  -6.9557572e-01   7.8731725e-03  -1.0927192e-03   2.7673756e-04
  -1.3848438e-01   8.6369410e-02  -7.2404089e-01   7.8308154e-03  -9.2025017e-04   3.6620353e-04
  -1.7392745e-01   8.7523423e-02  -8.0630856e-01   8.1983592e-03  -2.0925508e-03  -3.4219446e-04
  -1.6460908e-01   2.1029882e-02  -7.0881209e-01   6.9968048e-03  -2.1656107e-03   6.8615805e-05
  -1.8722786e-01   8.2271450e-02  -7.5337142e-01   7.6916896e-03  -2.5095684e-03  -1.0284933e-04
  -1.6133218e-01   4.4343945e-02  -6.8205230e-01   6.6364959e-03  -1.9579338e-03  -4.5649498e-05
  -1.7870445e-01   9.1419126e-02  -7.1118200e-01   7.1342668e-03  -1.5909052e-03   1.4981992e-04
  -1.6759931e-01   5.0841349e-02  -7.3923801e-01   6.3752953e-03  -1.7621096e-03   3.0842424e-04
  -1.6499265e-01   9.8560135e-02  -7.6304915e-01   6.1066468e-03  -1.6424019e-03   1.8545399e-04
  -1.7064944e-01   3.0109899e-02  -7.4252519e-01   5.8928266e-03  -1.8498523e-03   3.5232494e-04
  -1.8227216e-01   6.3911859e-02  -9.5759743e-01   9.3791787e-03  -2.0453295e-03   6.9653827e-04
  -1.4489313e-01   1.9087336e-02  -8.4350192e-01   9.0080380e-03  -1.4207058e-03   1.5681855e-03
  -1.5254218e-01   5.7631139e-02  -7.6047464e-01   9.4631291e-03  -1.1263893e-03   1.2657088e-03
  -1.4638292e-01   2.1893974e-02  -7.4514803e-01   9.3301368e-03  -1.6591960e-03   1.3359960e-03
  -1.5412056e-01   6.4222683e-02  -7.6453365e-01   9.4204167e-03  -1.3001470e-03   1.8335839e-03
  -1.6079198e-01   1.5634675e-02  -8.1227042e-01   1.0583117e-02  -1.4318907e-03   1.7144892e-03
  -2.9873376e-01   6.5198250e-02  -8.8212535e-01   8.8105023e-03  -3.7079065e-03  -1.7620302e-04
  -2.5704094e-01   4.8158440e-02  -8.9321806e-01   9.5093199e-03  -1.8362337e-03   2.3991294e-04
  -2.0697143e-01   1.8503617e-02  -7.0212886e-01   8.5626064e-03  -1.4742886e-03   1.4365044e-03
  -2.0403581e-01   3.3034374e-02  -7.2646388e-01   9.8316250e-03  -2.9064437e-03   3.0308037e-03
  -2.3840154e-01   1.8645764e-02  -6.6011818e-01   9.1195238e-03  -4.4887232e-03  -1.3754870e-03
  -2.1484975e-01   2.5414351e-02  -6.9694007e-01   8.8008867e-03  -3.3970614e-03   6.4909289e-04
  -2.4336080e-01   2.4299271e-02  -6.8604491e-01   8.9107314e-03  -2.5742668e-03   3.3653638e-04
  -2.4176022e-01   7.5568363e-03  -7.1471578e-01   9.3343596e-03  -3.3933222e-03   4.8249773e-04
  -2.8511128e-01   1.6235423e-02  -9.2483510e-01   1.0506579e-02  -3.5696548e-03  -4.2786107e-04
  -2.5404314e-01   5.2789458e-02  -8.4790916e-01   9.4573689e-03  -2.9213863e-03   3.5818390e-04
  -2.4162335e-01   4.8088383e-02  -9.2637744e-01   9.9933140e-03  -1.8591085e-03   1.5045930e-04
  -2.1138356e-01   6.3653141e-02  -8.8970491e-01   8.8666610e-03  -2.7609872e-03   2.1825771e-04
  -2.2171635e-01   1.5146271e-02  -9.3410635e-01   1.0514838e-02  -3.1292651e-03   6.0760929e-05
  -1.8666522e-01   6.2747947e-02  -8.4966663e-01   8.1601632e-03  -2.7006214e-03   7.9965609e-04
  -1.8642358e-01   6.0837338e-02  -1.0373107e+00   9.5586999e-03  -2.0087561e-03   1.0958293e-03
  -1.4304593e-01   6.3353623e-02  -9.8411661e-01   8.3737537e-03  -2.2773269e-03   1.8642776e-03
  -1.5788508e-01   1.4812866e-01  -1.3783532e+00   8.0476848e-03  -1.6378891e-03   1.8602662e-03
  -1.5512245e-01   4.8147918e-02  -1.0487258e+00   7.4863833e-03  -2.1853200e-03   2.0573268e-03
  -1.7226958e-01   7.0843977e-02  -9.7727766e-01   7.6598675e-03  -2.2262682e-03   1.4786633e-03
  -1.5812219e-01   4.5946095e-02  -9.1564129e-01   8.6333603e-03  -2.6474952e-03   1.9300670e-03
  -1.5635678e-01   1.4512146e-02  -8.7191924e-01   8.0715068e-03  -2.1813215e-03   1.9074951e-03
  -1.6105722e-01   4.1790479e-02  -9.2438681e-01   8.6656983e-03  -1.4542981e-03   1.7452356e-03
  -1.5143983e-01   2.1064301e-02  -9.3197971e-01   8.4718113e-03  -1.8599422e-03   2.1224344e-03
  -1.7445812e-01   4.8355577e-02  -9.6090189e-01   8.6366727e-03  -2.3719856e-03   2.0084099e-03
  -1.6262484e-01  -1.3371292e-02  -8.9805761e-01   7.8308458e-03  -2.2179787e-03   2.1071835e-03
  -1.4403464e-01   4.0803255e-02  -9.7042716e-01   8.6109153e-03  -1.8288626e-03   2.1526434e-03
  -1.0858718e-01  -8.8252889e-03  -1.1331620e+00   8.4540871e-03  -7.8329823e-04   2.6374654e-03
  -1.5039586e-01   7.5446459e-02  -1.3742314e+00   7.8301604e-03  -6.2398428e-04   2.9371294e-03
  -1.2333276e-01   1.6023268e-02  -1.0158078e+00   6.9163454e-03  -1.5263162e-03   3.2016821e-03
  -1.1340997e-01   2.8818678e-02  -9.2280305e-01   8.4294044e-03  -1.5959930e-03   3.0204194e-03
  -1.1754575e-01  -8.1406138e-03  -9.4215252e-01   8.8780778e-03  -1.8886655e-03   2.6475285e-03
  -1.3618241e-01   2.1692669e-02  -9.4224960e-01   8.5896647e-03  -1.5549983e-03   2.8602079e-03
  -1.4789008e-01  -6.1015874e-03  -9.4037389e-01   9.4355732e-03  -2.1460472e-03   2.8889562e-03
  -1.1979506e-01   8.1345629e-03  -1.1285748e+00   9.6243206e-03  -3.5973749e-05   4.5380524e-03
  -1.2724572e-01  -1.7184163e-02  -1.0439093e+00   9.5610817e-03  -1.3159621e-03   3.8331031e-03
  -1.0692204e-01  -1.1845774e-03  -9.0719972e-01   8.5612245e-03  -1.3782753e-03   3.2984828e-03
  -1.3413699e-01   3.5117669e-02  -1.0064028e+00   9.3250087e-03  -1.6926863e-03   3.0704469e-03
  -1.3378575e-01  -7.5357835e-03  -8.5412297e-01   8.3769381e-03  -1.4951792e-03   3.2644316e-03
  -1.4017611e-01   4.7552623e-03  -9.4395657e-01   1.0386892e-02  -1.3639873e-03   3.6621728e-03
  -1.5819464e-01  -2.0561187e-02  -9.4844774e-01   1.0019163e-02  -1.6590882e-03   3.3226422e-03
  -2.0344357e-01  -1.6947625e-02  -1.0499906e+00   1.2039499e-02   5.7015356e-04   3.3608720e-03
  -1.4452400e-01  -1.2130024e-02  -1.0883354e+00   1.0307823e-02  -6.3967754e-04   3.5225571e-03
  -1.2724494e-01  -8.7082764e-03  -9.8820707e-01   9.4784072e-03  -1.5751565e-04   3.8936149e-03
  -1.3986386e-01  -1.1785928e-03  -9.8343245e-01   9.6391103e-03  -3.4769107e-04   3.7935980e-03
  -1.3453805e-01  -1.2743741e-02  -8.9045047e-01   8.1387787e-03  -8.0827695e-04   3.8775366e-03
  -1.3915470e-01   3.5117029e-03  -9.0216994e-01   9.4285398e-03  -8.1137962e-04   3.7230916e-03
  -1.3342677e-01  -5.5123008e-02  -9.1221287e-01   9.1415650e-03  -1.1003827e-03   3.7158396e-03
  -1.2486094e-01  -2.3835004e-02  -9.0712387e-01   8.9972830e-03  -7.2528820e-04   3.6772072e-03
  -1.2522251e-01  -6.4151708e-02  -9.3251173e-01   9.7793467e-03  -9.2515925e-04   3.1616566e-03
  -1.0226558e-01  -5.0073496e-02  -8.9153090e-01   9.3629189e-03  -2.0032608e-04   3.5424121e-03
  -1.0759184e-01  -6.6311532e-02  -9.7735529e-01   9.6720349e-03  -9.2673388e-04   3.4713894e-03
  -1.2172007e-01  -6.3976818e-02  -8.8767284e-01   9.3421153e-03  -6.2228038e-04   3.3814503e-03
  -1.3025108e-01  -5.6409588e-02  -9.2940296e-01   9.7208382e-03  -1.0029376e-03   3.4378744e-03
  -1.1728513e-01  -8.9904396e-02  -8.7262268e-01   8.2422268e-03  -9.4194875e-04   3.8025011e-03
  -6.3064590e-02  -5.1090521e-02  -9.2190539e-01   8.9878031e-03  -2.5575590e-04   3.2610382e-03
  -1.0194280e-01  -4.9664245e-02  -8.6049648e-01   7.3368139e-03  -4.1971591e-04   3.4903825e-03
  -7.9912771e-02   8.0609285e-02  -9.5811424e-01   3.3389062e-03  -2.6988181e-03   5.1615851e-03
  -9.3365131e-02  -9.4864181e-02  -8.9289271e-01   8.5530482e-03  -1.9986166e-03   4.9817895e-03
  -8.4328819e-02  -6.4508229e-02  -8.7587035e-01   7.7573620e-03  -1.6179894e-03   4.6134584e-03
  -5.3906429e-02  -7.3328044e-02  -8.9574945e-01   8.1177022e-03  -7.6821091e-04   4.3087685e-03
  -2.8430932e-02  -7.8379575e-02  -8.8565610e-01   7.5272268e-03  -5.9851623e-04   5.2095419e-03
   8.7609642e-03  -5.7057132e-02  -1.3528287e+00   9.3511234e-03   1.0826346e-03   4.6534365e-03
  -1.5653277e-04  -7.5972128e-02  -1.0174748e+00   7.2994920e-03  -5.5860395e-04   5.3234677e-03
   1.0954308e-02  -4.4991314e-02  -1.1723273e+00   8.2319414e-03   2.6255974e-04   4.8959577e-03
  -7.6078722e-03  -1.1293853e-01  -9.5179930e-01   7.4429190e-03  -3.3651960e-04   5.2071838e-03
  -1.4621348e-02  -7.1063337e-02  -1.1151573e+00   7.5467480e-03  -1.2311680e-04   4.8076030e-03
  -1.1932235e-01  -6.3740627e-02  -1.1961943e+00   8.0556390e-03   2.1046842e-04   4.5025803e-03
  -9.0530078e-02  -4.9343783e-02  -1.1272151e+00   7.4434500e-03  -6.3481533e-04   4.3442523e-03
  -1.1228464e-01  -7.7862137e-02  -1.0934818e+00   8.0496238e-03  -7.5938144e-04   3.8004531e-03
  -1.0260433e-01  -9.4353892e-02  -1.0389281e+00   7.7123017e-03  -3.4224681e-04   4.1482856e-03
  -1.4301063e-01  -4.2367055e-02  -1.1472571e+00   9.3937227e-03  -7.2752382e-04   4.0516829e-03
  -1.3911886e-01  -5.0284997e-02  -1.0761202e+00   1.0468937e-02  -2.1724423e-04   3.4785000e-03
  -1.1685326e-01  -5.8470986e-02  -1.1549479e+00   1.1248686e-02  -3.3286898e-05   3.4943048e-03
  -1.1580694e-01  -7.0351654e-02  -1.1158800e+00   1.0064553e-02  -5.2494092e-04   3.7781395e-03
  -1.3235358e-01  -3.2558139e-02  -1.1323124e+00   1.0527101e-02  -3.8938238e-05   4.0050149e-03
  -1.1425497e-01  -8.4579573e-02  -1.1641249e+00   1.0664129e-02  -5.6651338e-04   3.5308538e-03
  -1.3648615e-01  -3.9701459e-02  -1.1557339e+00   9.8138092e-03  -7.2578562e-04   2.4598279e-03
  -1.3830758e-01  -1.0518373e-01  -1.0757331e+00   1.0098806e-02  -7.7097719e-04   3.2566270e-03
  -1.3605126e-01  -1.1056341e-01  -1.0415413e+00   9.3696361e-03  -7.2928578e-04   3.5103960e-03
  -1.4151385e-01  -9.8803377e-02  -1.0548979e+00   1.0057989e-02  -6.0199384e-04   3.4853293e-03
  -1.3675587e-01  -1.5655185e-01  -1.0397586e+00   9.2183522e-03  -6.1523819e-04   3.8433733e-03
  -1.4674402e-01  -1.1149599e-01  -1.0527123e+00   8.8122762e-03  -5.1881874e-04   3.7039743e-03
  -1.5738678e-01  -1.5829163e-01  -1.1180876e+00   9.8719918e-03  -1.1381066e-03   3.2411310e-03
  -1.2368611e-01  -3.4459022e-02  -1.0989076e+00   8.8617728e-03  -1.3515169e-03   3.8655458e-03
   1.0785295e-02  -1.1479825e-01  -8.6208430e-01   1.0081010e-03  -2.0034766e-04   5.2909606e-03
  -3.0373569e-02  -9.7389412e-02  -9.7326345e-01   2.9526353e-03  -1.5032825e-03   5.8389521e-03
  -6.4899686e-02  -6.2533942e-02  -9.8412171e-01   5.2179312e-03  -1.9403479e-03   5.7023312e-03
   6.6767118e-03  -6.7832438e-02  -9.5374762e-01   4.2743095e-03  -1.3720848e-03   5.5986781e-03
  -2.4194657e-02  -1.6670579e-02  -1.0187631e+00   4.1891180e-03  -5.4387889e-04   5.5738281e-03
  -3.4714784e-02  -6.9543396e-02  -9.9744469e-01   3.9727634e-03  -1.2850444e-03   5.9178327e-03
   5.3203993e-02  -4.4236529e-02  -1.0387090e+00   3.8689614e-03   7.5083992e-06   8.2714771e-03
   1.1503176e-02  -5.9814492e-02  -1.0192411e+00   4.5339024e-03  -4.1096610e-04   7.7096183e-03
   1.2534396e-02  -4.0708440e-02  -9.2789057e-01   3.5714674e-03  -4.7408481e-04   7.7775649e-03
   1.7082016e-01  -1.9625100e-01  -6.8597923e-01  -5.8860387e-04   2.7870557e-03   1.0366692e-02
   1.4626411e-01  -1.5390502e-01  -6.7670090e-01  -3.3077128e-03  -6.3707490e-04   1.0376781e-02
   1.0740244e-01  -7.2375167e-02  -7.1106410e-01  -7.1249212e-04  -1.6427087e-03   1.0305104e-02
   1.0189855e-01  -4.8558498e-02  -5.4632603e-01  -8.7330622e-04  -1.3972041e-03   1.0470682e-02
   5.4095477e-02  -8.9801216e-02  -4.3787591e-01  -2.1272606e-04  -3.1548413e-03   9.4846368e-03
   5.6761910e-02  -1.1497482e-01  -4.7720947e-01  -1.5371072e-03  -2.6101031e-03   9.6993353e-03
  -5.1185110e-02  -7.2561248e-02  -8.5098583e-01   1.6340275e-03  -3.2449507e-03   8.5872693e-03
  -6.5449332e-02  -1.0813061e-01  -9.9802559e-01   2.8897896e-03  -2.1879254e-03   8.4985660e-03
  -5.7805647e-02  -5.7074081e-02  -8.7615481e-01   2.7030019e-03  -1.7527765e-03   8.2191497e-03
  -4.2465139e-02  -8.5237529e-02  -8.3166319e-01   2.5235531e-03  -2.1329817e-03   8.4556954e-03
  -5.5828375e-02  -8.4669378e-02  -8.1254548e-01   1.8720466e-03  -1.9378642e-03   8.5701374e-03
  -6.2741327e-02  -8.0585933e-02  -8.4700342e-01   2.4406111e-03  -1.9246740e-03   8.3736456e-03
  -4.6338893e-02  -1.0973110e-01  -7.9879861e-01   1.6102148e-03  -1.9346200e-03   8.5543741e-03
  -2.3409905e-02  -7.5082773e-02  -8.1567548e-01   2.2056592e-03  -1.8436391e-03   8.5693882e-03
  -1.5629056e-02  -1.4880693e-01  -7.8560065e-01   1.3263716e-03  -2.0942817e-03   9.1070774e-03
  -3.2635977e-02  -8.5794606e-02  -8.0604317e-01   1.7747117e-03  -1.8921637e-03   8.9700246e-03
  -3.3177077e-02  -1.2463565e-01  -8.2991100e-01   2.2280975e-03  -2.0075467e-03   8.9932005e-03
  -2.6531148e-02  -1.1345686e-01  -7.8694245e-01   1.9456191e-03  -2.2596817e-03   9.0444286e-03
  -2.9772011e-02  -1.0687012e-01  -8.3464066e-01   2.4252547e-03  -2.6039903e-03   8.7313930e-03
  -3.4558054e-02  -1.3646637e-01  -8.2248314e-01   2.3680748e-03  -3.0117499e-03   8.0933790e-03
  -4.3772101e-02  -8.7752174e-02  -8.9967001e-01   3.0698632e-03  -2.8262609e-03   7.3222092e-03
  -5.4292483e-02  -1.3839652e-01  -8.5323394e-01   2.6605003e-03  -2.8481916e-03   7.8244176e-03
  -2.1261472e-02  -1.1017261e-01  -8.7255446e-01   2.3202910e-03  -2.5526965e-03   8.1441742e-03
  -5.5326432e-02  -1.6057656e-01  -8.6901302e-01   4.8661255e-03  -3.4483440e-03   7.4591377e-03
  -2.7041886e-02  -1.3485115e-01  -9.6204087e-01   7.3843965e-03  -2.6340322e-03   6.7738131e-03
  -8.5094434e-03  -1.4241464e-01  -6.9220940e-01   3.8160438e-03  -1.7928216e-03   7.8386256e-03
   3.8281622e-02  -4.7593768e-02  -8.7279919e-01   2.7287231e-03  -2.8466130e-04   9.0074344e-03
  -2.0532775e-02  -1.4821305e-01  -7.8932764e-01   2.8903985e-03  -2.6256032e-03   8.5810280e-03
  -3.4916871e-02  -7.2349324e-02  -7.6026100e-01   3.2960910e-03  -1.8450875e-03   8.6000930e-03
   4.3432482e-02  -1.2794146e-01  -7.6110526e-01   2.7567099e-03  -7.0205988e-04   8.2213603e-03
   4.0710640e-01  -2.7754006e-02  -8.6032225e-01  -5.8875205e-03   5.0624993e-04   1.2538341e-02
   2.8071054e-01  -1.6114168e-01  -1.0590059e+00   2.1320732e-03   1.0046452e-03   1.1579664e-02
   2.1708152e-01  -1.5070437e-01  -9.9158349e-01   1.6450569e-03   9.0433398e-04   1.1152344e-02
   2.1146199e-01  -1.8268323e-01  -8.6921438e-01   1.7808543e-03   1.0564146e-03   1.1625052e-02
   3.3583763e-01  -2.0043321e-01  -6.3883822e-01  -1.2083093e-03   1.7170499e-03   1.3443583e-02
   1.2199104e-01  -1.6790107e-01  -1.0415139e+00   2.4457350e-03   9.3418067e-04   1.1861599e-02
   1.3368194e-01  -1.9517751e-01  -8.3778582e-01   1.4904533e-03   4.7650578e-04   9.9592971e-03
   1.5191663e-01  -1.7068125e-01  -8.9698795e-01   2.7192934e-03   8.6080108e-04   9.6756898e-03
   1.8844891e-01  -2.1205421e-01  -8.0861526e-01   1.5361653e-03   1.4596919e-03   1.1571452e-02
   1.7541730e-01  -1.4654998e-01  -9.8573112e-01   2.8290498e-03   9.5789996e-04   1.0621121e-02
   1.3843224e-01  -1.7433703e-01  -8.8454289e-01   2.8609633e-03   3.8250795e-05   1.0613090e-02
   1.0913270e-01  -1.2772294e-01  -9.5644353e-01   2.8345981e-03   9.8558858e-05   1.0472637e-02
   1.1538560e-01  -1.6927534e-01  -9.5010483e-01   3.3467751e-03   1.8975160e-04   1.0104477e-02
   1.3332680e-01  -1.7180245e-01  -9.0974687e-01   1.5528585e-03   1.4917492e-04   1.0706157e-02
   1.2000822e-01  -1.9928729e-01  -9.9209404e-01   2.0755926e-03  -5.1321050e-05   1.0628766e-02
   1.3616301e-01  -1.3410521e-01  -9.2761728e-01   7.7113907e-04   7.6571890e-04   1.0842954e-02
   1.1632299e-01  -1.9034616e-01  -9.3314347e-01   2.5957398e-03   5.6502496e-04   1.0915997e-02
   1.4694156e-01  -2.1443158e-01  -8.5711714e-01   1.5589943e-03   5.4680426e-04   1.1591366e-02
   1.3057435e-01  -1.6982814e-01  -9.5955632e-01   2.5396578e-03   5.0359771e-04   1.1525893e-02
   1.5160048e-01  -2.0502440e-01  -8.8014851e-01   1.9163380e-03   3.0715621e-04   1.1637821e-02
   1.3333459e-01  -1.6649730e-01  -9.1250389e-01   1.8400433e-03   8.4365909e-04   1.1728947e-02
   1.4820676e-01  -2.1409019e-01  -9.0638946e-01   1.7095564e-03   7.0822570e-04   1.1722920e-02
   1.7338386e-01  -1.8231345e-01  -8.9269153e-01   1.1558700e-03   1.1173130e-03   1.2148755e-02
   1.3802030e-01  -2.0896986e-01  -9.2581360e-01   1.8902747e-03   4.3522213e-04   1.2100970e-02
   1.5853764e-01  -2.1016374e-01  -8.4777857e-01   1.0752483e-03   8.8304858e-04   1.2146626e-02
   1.3558415e-01  -1.8921720e-01  -8.8572324e-01   1.6121913e-03   8.0392141e-04   1.2119742e-02
   1.5078997e-01  -2.3871069e-01  -8.8422894e-01   1.3704001e-03   7.9210227e-04   1.1957713e-02
   1.3539087e-01  -1.8728196e-01  -9.1181977e-01   1.8010773e-03   1.0931638e-03   1.1909852e-02
   1.3996169e-01  -2.4775571e-01  -8.9970330e-01   1.9869358e-03   7.2929185e-04   1.1749599e-02
   1.3580492e-01  -2.0361808e-01  -9.0833814e-01   2.2744930e-03   1.3567022e-03   1.1190588e-02
   1.4244763e-01  -2.2737121e-01  -8.7634138e-01   1.9602070e-03   9.2665683e-04   1.0990361e-02
   1.6204501e-01  -1.9937838e-01  -8.7739714e-01   2.8232622e-04   7.7530580e-04   1.1630927e-02
   1.8668514e-01  -1.8297656e-01  -1.0922362e+00  -1.3413181e-03   1.0195502e-03   1.1680483e-02
   1.6845845e-01   4.9278095e-02  -1.0631462e+00  -1.0140559e-02  -2.5610892e-03   1.1326856e-02
   1.1669403e-01  -9.6341167e-02  -1.0692114e+00  -4.2209472e-03  -1.4730834e-03   1.0320352e-02
   1.2426131e-01  -1.9902824e-01  -9.4141045e-01  -5.0657439e-03  -1.0894174e-03   1.1047227e-02
   1.3753609e-01  -1.1608547e-01  -1.0416180e+00  -3.7695578e-03  -9.9015712e-04   1.1006644e-02
   1.2043553e-01  -1.9067285e-01  -1.2219323e+00  -1.7036386e-03  -1.6258906e-03   8.6893315e-03
   1.2262236e-01  -1.0466220e-01  -1.1383121e+00  -3.5481878e-03  -9.5605004e-07   9.9809506e-03
   1.0926248e-01  -2.0488280e-01  -9.9488534e-01  -2.2506809e-03  -7.9187250e-04   1.0107737e-02
   1.0012944e-01  -1.6793767e-01  -9.8876987e-01  -2.4004983e-03  -4.2412389e-04   1.0039959e-02
   9.8662327e-02  -2.2137386e-01  -1.0235577e+00  -2.7660019e-03  -9.6536407e-04   1.0193556e-02
   1.0263831e-01  -2.1248344e-01  -9.9489211e-01  -3.3298902e-03  -7.3400365e-04   1.0146331e-02
   7.9241380e-02  -1.9725634e-01  -1.0990344e+00  -2.3736100e-03  -8.1149764e-04   1.0166428e-02
  -2.4366071e-01  -1.5381634e-01  -1.0649387e+00  -9.3549700e-04  -1.1719681e-02   5.7034327e-03
  -2.7095454e-01  -1.9008151e-01  -1.1017903e+00   1.0718396e-03  -1.3733266e-02   2.5856718e-03
  -2.4212763e-01  -1.6795749e-01  -1.0328837e+00   2.2487255e-04  -1.1604526e-02   3.1652895e-03
  -2.4693814e-01  -1.2655969e-01  -1.4111212e+00  -2.3581301e-05  -1.0896909e-02   3.7515542e-03
