   0.0000000e+00   0.0000000e+00   0.0000000e+00   0.0000000e+00   0.0000000e+00   0.0000000e+00
   2.2310821e-02   7.6944574e-02  -1.4732416e-01   1.3426496e-03   5.3917512e-05   1.0398871e-04
   1.7419170e-02  -1.1102513e-02   1.2128687e-01  -8.3541331e-04  -1.0524694e-03  -1.3357342e-04
   2.4807643e-02   7.7990710e-02   8.3253302e-03   5.3431605e-04  -3.8150125e-04  -1.0663688e-04
   3.4178386e-02  -6.3341249e-03   9.3655844e-02   2.7921576e-04  -6.5030251e-04  -6.5474907e-05
   2.8843614e-02   1.6163519e-03   9.8094498e-02  -8.2020578e-04   7.9828177e-05  -8.1738866e-05
   2.5926389e-02  -4.9803742e-02  -8.0255333e-03   3.7633635e-04  -8.0204624e-04  -7.0689778e-05
   5.2027986e-02  -9.6902490e-02   7.7372912e-02  -1.5150179e-03  -5.0606275e-05  -8.5599718e-05
   8.5557182e-03   2.2875937e-02  -1.9038402e-01  -2.9278294e-04   1.2298259e-03  -2.4099540e-04
   3.1179104e-02  -7.4248298e-02   2.0358621e-02  -3.0618611e-04   4.1417148e-04  -3.4387374e-04
   3.4417019e-02   6.3313741e-03   5.1967497e-02   7.3545000e-06   1.4069126e-04  -4.0273442e-04
   4.9831574e-02   7.8317304e-03  -8.5898697e-02   1.3113899e-03  -1.2004902e-03  -4.3539331e-04
   5.6203678e-02  -6.1587406e-02   2.2609053e-01  -1.4948856e-03  -1.1121137e-03  -2.2781242e-04
   5.5751588e-02  -2.4797716e-02   1.6860795e-01   2.4542244e-04  -9.4369689e-04  -2.4871927e-04
   5.3390820e-02  -6.7494315e-02   3.7705459e-02  -2.3768642e-04  -7.2226660e-04  -2.9466576e-04
   4.3946366e-02  -7.8273550e-02   1.8305241e-01  -2.3893761e-03   4.0576692e-04  -3.0827359e-04
   3.0367906e-02  -3.1141466e-02  -1.9033532e-01   3.5123748e-04  -3.0215931e-04  -5.4273979e-04
   6.3914248e-02  -1.0051993e-01   1.8604254e-01  -2.4164047e-03  -2.7588675e-04  -3.9592496e-04
   6.4134509e-02   5.9433058e-03  -1.4266882e-01   8.2538494e-04  -1.9749239e-04  -4.2026538e-04
   8.6945382e-02  -1.1156905e-01   1.5902672e-01  -1.6141756e-03  -1.0107016e-03  -4.2693689e-04
   6.2486715e-02   8.8085495e-03  -7.0187796e-02  -5.5341883e-04   2.4374013e-04  -2.5910429e-04
   9.4754223e-02  -1.4192006e-01   2.3102564e-01  -1.6783185e-03  -3.1903963e-03  -1.1778602e-04
   8.4610370e-02  -1.3251605e-01   2.2947459e-01  -3.1089330e-03  -1.0840130e-03  -5.4041089e-04
   6.0255130e-02  -5.5166725e-02  -3.9685379e-02   6.9223643e-04  -9.2369570e-04  -9.0778753e-04
   7.7891664e-02  -1.5654119e-01   2.6387247e-01  -2.4098857e-03  -1.0424209e-03  -7.6551372e-04
  -2.5921354e-02  -1.4882875e-02   1.3383967e-01  -9.6322018e-05   2.1585832e-03  -2.9610716e-05
   8.2453383e-03  -1.2868602e-01   3.0574154e-01  -7.0906592e-05  -1.7817262e-04  -7.5888836e-05
   6.2101463e-03  -1.5388298e-01   4.1479633e-01  -3.3539625e-03  -3.2517477e-04  -6.2123903e-04
  -2.1576107e-01  -1.8480714e-01   2.9338866e-01  -7.7439996e-04   2.3802771e-03  -2.3251363e-03
  -1.7850330e-01  -2.4633318e-01   5.6578438e-01  -4.5924856e-03   3.0508026e-03  -2.4434270e-03
  -1.3887570e-01  -1.7171349e-01   3.0369253e-01  -5.9995579e-04   3.8602660e-03  -1.6532646e-03
  -1.4786610e-01  -3.4734448e-01   7.6365313e-01  -4.0146681e-03   5.2580086e-03  -2.6792399e-03
  -1.8624405e-01  -1.7533781e-01   4.7343960e-01  -2.2097768e-03   4.2899544e-03  -2.7474935e-03
  -1.8641054e-01  -2.8685780e-01   5.8996230e-01  -1.4838751e-03   5.3327627e-03  -2.8610931e-03
  -1.9470741e-01  -2.1842531e-01   5.8757214e-01  -3.9487944e-03   4.9664875e-03  -2.8973384e-03
  -1.8170557e-01  -1.9903780e-01   3.0746956e-01  -1.0625258e-04   4.1609391e-03  -2.7187598e-03
  -1.4497694e-01  -3.1286169e-01   7.0402684e-01  -3.6515501e-03   3.2797192e-03  -2.6357001e-03
  -1.3506559e-01  -1.8901256e-01   5.4430211e-01  -4.1164724e-03   2.7950407e-03  -2.7032095e-03
  -1.4870874e-01  -2.4128943e-01   3.7979851e-01  -3.7776470e-04   2.7913127e-03  -2.9339560e-03
  -1.1685138e-01  -3.0664476e-01   6.9025695e-01  -5.3661738e-03   2.2532886e-03  -2.9109708e-03
  -1.2343911e-01  -1.5319001e-01   4.1061805e-01  -2.5504934e-03   2.6318793e-03  -2.8332264e-03
  -1.3694763e-01  -2.9027414e-01   5.1572884e-01  -1.0428432e-03   2.1505067e-03  -3.6256015e-03
  -1.3821477e-01  -3.4628968e-01   7.7843250e-01  -5.2449266e-03   2.0684434e-03  -3.6897643e-03
  -1.7095879e-01  -1.9018147e-01   3.6247244e-01  -1.3486975e-03   3.4965954e-03  -3.1497120e-03
  -1.3445181e-01  -3.3524555e-01   6.0233769e-01  -2.1627730e-03   2.9468083e-03  -3.2156805e-03
  -1.3961486e-01  -2.8359713e-01   6.4802774e-01  -5.4906913e-03   1.9538304e-03  -3.5104252e-03
  -1.5660348e-01  -2.6943403e-01   3.4837875e-01   6.6374732e-05   2.3526996e-03  -3.6147699e-03
  -1.2396017e-01  -3.9297405e-01   8.1106951e-01  -5.0442900e-03   2.2686379e-03  -3.4346056e-03
  -1.4199722e-01  -2.1387770e-01   3.6078736e-01  -1.4126009e-03   1.6713964e-03  -3.1385211e-03
  -1.4699759e-01  -3.4245011e-01   7.2675171e-01  -2.1700521e-03   2.3901129e-03  -3.3562152e-03
  -1.5318585e-01  -3.5962540e-01   8.3205162e-01  -5.3862242e-03   2.3891752e-03  -3.5173803e-03
  -1.6875360e-01  -3.4629862e-01   4.4819513e-01  -7.2453302e-04   2.3892688e-03  -3.4915870e-03
  -1.4977678e-01  -4.4654320e-01   9.2601060e-01  -6.0031484e-03   2.0031836e-03  -3.7774410e-03
  -1.6621781e-01  -2.9723629e-01   4.0095625e-01  -7.8390233e-04   2.4037760e-03  -3.7087754e-03
  -1.5493311e-01  -4.3828943e-01   9.6825644e-01  -4.1972348e-03   2.0519083e-03  -3.9867285e-03
  -1.6704039e-01  -2.7570833e-01   6.9674820e-01  -3.2402495e-03   2.5232624e-03  -3.8852592e-03
  -1.6082552e-01  -3.6341868e-01   5.4123214e-01  -3.5215876e-04   2.3519259e-03  -3.8251556e-03
  -1.4170173e-01  -3.9807574e-01   8.1788098e-01  -5.0262127e-03   1.6157254e-03  -3.9170325e-03
  -1.5399871e-01  -3.4270762e-01   4.1278876e-01  -1.0901370e-03   2.5896493e-03  -3.1660094e-03
  -1.4001546e-01  -4.4030380e-01   1.0100945e+00  -5.3149546e-03   2.0419018e-03  -3.9199661e-03
  -1.7416557e-01  -3.4555076e-01   6.7950035e-01  -1.4569632e-03   2.5825258e-03  -4.1970145e-03
  -1.5353773e-01  -4.9043339e-01   1.1169100e+00  -4.7378676e-03   2.8841430e-03  -4.1868301e-03
  -1.5876521e-01  -4.3638747e-01   6.7788451e-01  -1.5032329e-03   3.0898637e-03  -3.9011717e-03
  -1.3884646e-01  -4.8613563e-01   7.7321089e-01  -4.6051584e-03   2.5327820e-03  -3.8918110e-03
  -1.4325962e-01  -4.5768965e-01   6.7622547e-01  -1.7213799e-03   1.8440691e-03  -4.1136333e-03
  -1.5190286e-01  -5.5195070e-01   1.0115000e+00  -3.8678401e-03   9.0102256e-04  -4.3547772e-03
  -1.6170203e-01  -4.2505198e-01   8.4185399e-01  -2.4877988e-03   1.0091003e-03  -4.6229230e-03
  -1.6606817e-01  -5.5047201e-01   1.1870360e+00  -2.8700537e-03   1.4220995e-03  -5.0881414e-03
  -1.7356598e-01  -5.1214551e-01   1.0914635e+00  -3.6412794e-03   1.4730011e-03  -4.9001655e-03
  -1.7739610e-01  -5.7572652e-01   1.1030860e+00  -3.3897374e-03   1.4065231e-03  -5.0582827e-03
  -1.8343647e-01  -5.1631526e-01   1.0728209e+00  -4.7448581e-03   1.8453301e-03  -4.9613771e-03
  -1.9221463e-01  -5.5838949e-01   9.4552537e-01  -2.8286976e-03   1.7710545e-03  -5.0481394e-03
  -1.9015915e-01  -5.7799810e-01   1.1074997e+00  -6.1015138e-03   2.4655907e-03  -4.8352020e-03
  -2.3062996e-01  -5.4518501e-01   5.8057883e-01  -1.5392406e-03   2.6980746e-03  -5.2006572e-03
  -1.9018987e-01  -6.0966990e-01   1.1344950e+00  -6.1328517e-03   1.9939403e-03  -4.8786469e-03
  -2.0239311e-01  -4.9529883e-01   5.9462134e-01  -9.4347955e-04   2.3282621e-03  -4.9331792e-03
  -1.7987324e-01  -6.1927931e-01   1.1404199e+00  -5.3912258e-03   1.5658639e-03  -4.9311365e-03
  -1.6132648e-01  -4.3418357e-01   5.7710764e-01  -2.6848996e-03   1.0835684e-03  -4.4127708e-03
  -1.5552740e-01  -5.0456402e-01   5.3308424e-01  -5.9140526e-04   1.1444040e-03  -4.4311509e-03
  -1.4825838e-01  -6.5872982e-01   1.0929852e+00  -6.5273453e-03   1.4705693e-03  -4.5665369e-03
  -1.5914922e-01  -4.5621067e-01   6.7757246e-01  -2.4528475e-03   1.4591642e-03  -4.4458877e-03
  -1.5419838e-01  -6.2635130e-01   9.3905823e-01  -2.5785347e-03   1.6000414e-03  -5.0211335e-03
  -1.6780182e-01  -5.2815661e-01   9.4103521e-01  -5.5614980e-03   1.5168863e-03  -4.8821017e-03
  -1.7914571e-01  -5.5627792e-01   6.3641990e-01  -9.1060599e-05   1.3966426e-03  -5.0039226e-03
  -1.7545024e-01  -6.6424808e-01   1.0295611e+00  -4.2302172e-03   1.5111554e-03  -4.9411670e-03
  -1.8175417e-01  -6.3050537e-01   1.0248141e+00  -6.2415891e-03   1.3802423e-03  -4.8204892e-03
  -1.9236415e-01  -5.7137114e-01   6.2632515e-01  -9.3597186e-04   1.1936240e-03  -4.9737776e-03
  -1.7426145e-01  -7.0332484e-01   1.2197009e+00  -5.2036926e-03   9.0786901e-04  -5.1933546e-03
  -1.9296770e-01  -5.0281980e-01   6.2702390e-01  -1.2703744e-03   1.4197209e-03  -4.9449403e-03
  -1.7418046e-01  -7.0460791e-01   1.3005619e+00  -4.6611024e-03   8.5892300e-04  -5.2237759e-03
  -1.9930630e-01  -5.4726561e-01   8.4553926e-01  -1.6080464e-03   1.4284438e-03  -5.3412311e-03
  -1.8302007e-01  -6.6730008e-01   9.9649669e-01  -2.4428358e-03   1.0035282e-03  -5.1287365e-03
  -1.6960550e-01  -7.3645688e-01   1.2302028e+00  -5.8144094e-03   3.7770997e-04  -5.4631584e-03
  -1.6673224e-01  -5.8640452e-01   6.7690913e-01  -7.6558351e-04   3.3952439e-04  -4.7102484e-03
  -1.7467544e-01  -7.4291143e-01   1.3875409e+00  -4.1327230e-03   2.5848363e-05  -5.1206765e-03
  -1.5275493e-01  -5.9336634e-01   1.0437237e+00  -2.1911363e-03  -9.5953889e-04  -5.0888091e-03
  -1.6178738e-01  -7.8780833e-01   1.1996571e+00  -2.3263272e-03  -4.4082713e-04  -5.5010929e-03
  -1.7174172e-01  -7.1228757e-01   1.1961205e+00  -5.7810023e-03   2.1177971e-04  -5.1280135e-03
  -1.5344221e-01  -7.5722577e-01   8.3795469e-01  -6.2179685e-04  -5.0949152e-04  -4.9570536e-03
  -1.5121421e-01  -8.3919774e-01   1.3164489e+00  -6.3667393e-03  -1.8984973e-04  -5.1640400e-03
  -2.0317575e-01  -6.4747887e-01   7.7198882e-01  -1.1069736e-03   1.1467022e-03  -4.6349074e-03
  -1.6722971e-01  -7.7766407e-01   1.2168306e+00  -2.5565926e-03   5.4541278e-04  -5.3239131e-03
  -1.8369421e-01  -7.8060075e-01   1.2934726e+00  -4.7187387e-03   1.0167511e-03  -5.3298061e-03
  -1.7791053e-01  -6.3384018e-01   7.1804581e-01  -1.5132170e-03   6.9588467e-04  -5.1346224e-03
  -1.7483111e-01  -8.2430192e-01   1.2351574e+00  -3.3241741e-03  -2.9437943e-05  -5.4708995e-03
  -1.8621378e-01  -6.7642100e-01   9.5844176e-01  -3.7011439e-03   1.1018579e-03  -5.4479242e-03
  -1.6648088e-01  -8.1438915e-01   1.1168943e+00  -2.2100709e-03   1.0269087e-05  -5.5509241e-03
  -1.3762799e-01  -7.4519308e-01   1.1026282e+00  -5.2554877e-03  -1.0216897e-04  -5.1336768e-03
  -1.6457605e-01  -6.7894425e-01   9.5519602e-01  -2.4702689e-04   1.3581692e-04  -5.3737713e-03
  -1.6190978e-01  -8.5598248e-01   1.1496867e+00  -2.3661827e-03   1.5054825e-04  -5.6948597e-03
  -1.6391492e-01  -7.7603322e-01   1.1288606e+00  -5.2518486e-03   4.7795125e-04  -5.4852224e-03
  -1.8190539e-01  -8.5597145e-01   1.2164455e+00  -1.6280951e-03   4.7810685e-04  -5.6861711e-03
  -1.7788187e-01  -8.3034823e-01   1.2445108e+00  -4.4533227e-03   5.0781411e-04  -5.5817443e-03
  -1.9382962e-01  -8.8082725e-01   9.4916047e-01  -3.3027195e-04   4.7200323e-04  -5.7687070e-03
  -1.7992647e-01  -9.1940641e-01   1.3560928e+00  -5.2239165e-03   7.5735987e-05  -5.7496744e-03
  -1.8197053e-01  -7.7861233e-01   8.6765785e-01   3.1648597e-04   2.4291209e-05  -5.7481879e-03
  -1.5264642e-01  -8.9854128e-01   1.3409323e+00  -2.4353488e-03  -4.7949027e-04  -5.9849365e-03
  -1.6797466e-01  -7.7138944e-01   1.2068768e+00  -4.0961368e-03   5.7212429e-04  -5.2760468e-03
  -1.6446284e-01  -8.4706550e-01   1.0911013e+00  -3.2011149e-04  -1.1121501e-03  -5.3534320e-03
  -1.6236694e-01  -9.2357202e-01   1.5411691e+00  -5.5380907e-03  -4.1305066e-04  -5.4082981e-03
  -1.7632151e-01  -8.6074633e-01   1.1232419e+00  -6.7485622e-04  -2.4051982e-04  -5.3183605e-03
  -1.5533684e-01  -1.0005745e+00   1.5385193e+00  -5.0060353e-03  -1.3479608e-03  -5.5923108e-03
  -1.8654082e-01  -8.1351415e-01   1.0827078e+00  -2.5697867e-03   3.1808917e-04  -5.6588612e-03
  -1.6980254e-01  -9.6678798e-01   1.5704551e+00  -4.0424118e-03  -1.4277458e-03  -5.7561622e-03
  -1.8742818e-01  -7.9804746e-01   1.1190338e+00  -2.5512643e-03   3.2020161e-04  -5.7023373e-03
  -1.7876028e-01  -9.7202207e-01   1.5884353e+00  -3.7231589e-03  -1.5431706e-03  -5.8445071e-03
  -1.7913229e-01  -8.0108223e-01   1.1467096e+00  -2.2883653e-03  -3.8512530e-04  -5.6714558e-03
  -1.7329661e-01  -9.8852503e-01   1.5593142e+00  -3.4422322e-03  -1.5467669e-03  -5.8146115e-03
  -1.7243350e-01  -9.1576017e-01   1.2895662e+00  -4.4631350e-03  -7.3711475e-05  -5.5979833e-03
  -1.5906914e-01  -1.0093331e+00   1.2977825e+00  -1.7308579e-03  -9.2377719e-04  -5.7831375e-03
  -1.7264676e-01  -8.6674417e-01   1.2639430e+00  -4.8708329e-03  -1.3612201e-04  -5.4935639e-03
  -1.7372148e-01  -8.7006506e-01   8.7988133e-01   9.8341111e-04  -1.2620143e-03  -5.6046249e-03
  -1.6266938e-01  -9.7976129e-01   1.4702189e+00  -4.7129628e-03  -2.0414991e-03  -5.6011500e-03
  -1.8029936e-01  -8.0527418e-01   9.2420817e-01  -1.5103952e-03  -8.5050710e-04  -5.4573701e-03
  -1.5180759e-01  -1.0302004e+00   1.4304438e+00  -3.1397590e-03  -1.8967993e-03  -5.7419873e-03
  -1.5753279e-01  -8.3262122e-01   9.8683277e-01  -3.2999378e-03  -7.2848469e-04  -5.1972459e-03
  -1.4604294e-01  -9.8979047e-01   1.0163976e+00  -2.0884103e-04  -1.5325213e-03  -5.4504474e-03
  -1.5160522e-01  -1.0671911e+00   1.4302225e+00  -5.8327240e-03  -1.2909341e-03  -5.3665518e-03
  -1.5219688e-01  -9.4115631e-01   7.9101678e-01   1.4383155e-04  -1.3367115e-03  -5.4605683e-03
  -1.5085529e-01  -1.0801055e+00   1.4960417e+00  -6.0878183e-03  -2.0797193e-03  -5.7590328e-03
  -1.6398178e-01  -9.1642653e-01   8.8905653e-01  -1.0249569e-04  -1.2786867e-03  -5.7640647e-03
  -1.5152643e-01  -1.1036721e+00   1.6032635e+00  -4.5817701e-03  -1.8453836e-03  -5.8904491e-03
  -1.6478364e-01  -8.9925959e-01   1.1058641e+00  -1.2034994e-03  -1.0453026e-03  -5.9738861e-03
  -1.5299874e-01  -1.1154249e+00   1.4567372e+00  -2.3397562e-03  -1.6419207e-03  -6.0874678e-03
  -1.4960400e-01  -9.6296109e-01   1.2408955e+00  -4.3268508e-03  -4.3473868e-04  -5.5232586e-03
  -1.5392083e-01  -1.1091875e+00   1.1963121e+00  -2.9787987e-04  -1.4167413e-03  -5.9784748e-03
  -1.4676353e-01  -1.0653971e+00   1.3642217e+00  -5.6719051e-03  -7.4152521e-04  -5.7199582e-03
  -1.6649008e-01  -1.0996921e+00   1.1321787e+00   1.1994772e-04  -9.2568693e-04  -6.1226883e-03
  -1.5927334e-01  -1.1330688e+00   1.4784507e+00  -5.3026127e-03  -8.0065061e-04  -5.8053120e-03
  -1.6974925e-01  -1.0449042e+00   1.1314683e+00   7.6493283e-04  -1.1477149e-03  -6.1875257e-03
  -1.6092154e-01  -1.2014587e+00   1.5983315e+00  -3.3929727e-03  -1.5783979e-03  -6.0320016e-03
  -1.6353011e-01  -9.5047895e-01   1.0452145e+00  -2.3410643e-03  -3.1798655e-04  -5.5574622e-03
  -1.1692696e-01  -1.1097837e+00   1.2596392e+00   7.8241357e-04  -1.6555920e-03  -5.7313652e-03
  -1.5433728e-01  -1.0494343e+00   1.3153937e+00  -4.1806572e-03  -1.3312925e-05  -5.8285476e-03
  -1.8622658e-01  -1.0597312e+00   9.8869068e-01   1.2381788e-03   2.2786914e-04  -6.7737374e-03
  -1.7599047e-01  -1.1892242e+00   1.5691265e+00  -4.3847411e-03  -3.4873939e-04  -6.5667497e-03
  -2.1755111e-01  -1.0374935e+00   9.4882287e-01   7.1080784e-04   1.2913577e-03  -6.6820320e-03
  -1.7726643e-01  -1.2322506e+00   1.6202105e+00  -3.4472481e-03  -7.6944842e-04  -6.2809578e-03
  -1.4489452e-01  -1.0666425e+00   1.2346533e+00  -2.7958962e-03  -2.7852867e-05  -5.7722611e-03
  -1.5388669e-01  -1.1979065e+00   1.2970452e+00   1.5726674e-04  -1.7658191e-03  -6.0209814e-03
  -1.4394332e-01  -1.1365222e+00   1.4593853e+00  -4.3862902e-03  -1.4112245e-03  -5.8428429e-03
  -1.5070538e-01  -1.1184506e+00   9.1600309e-01   2.3523602e-03  -2.0144090e-03  -5.9991655e-03
  -1.4851397e-01  -1.2929134e+00   1.6916092e+00  -4.6826991e-03  -2.1369405e-03  -6.0972700e-03
  -1.6052950e-01  -1.0766909e+00   1.0909197e+00  -4.9145624e-04  -1.1513184e-03  -5.9446807e-03
  -1.3620257e-01  -1.2074159e+00   1.1586654e+00   1.4847660e-03  -1.9242546e-03  -6.1872967e-03
  -1.4268973e-01  -1.2171065e+00   1.4227385e+00  -5.2231275e-03  -1.4533774e-03  -5.8572854e-03
  -1.4759559e-01  -1.0524187e+00   8.7104468e-01   2.3056274e-03  -1.5472457e-03  -6.1740520e-03
  -1.3573308e-01  -1.2158955e+00   1.5630659e+00  -1.8065507e-03  -1.9388845e-03  -6.2105725e-03
  -1.5633426e-01  -1.0813347e+00   1.0495877e+00   1.2759982e-03  -1.1681158e-03  -6.3309369e-03
  -1.5019875e-01  -1.2907451e+00   1.7627074e+00  -2.7589635e-03  -2.0938552e-03  -6.2349107e-03
  -1.5740922e-01  -1.0679780e+00   1.2059128e+00   2.9131182e-04  -1.0076332e-03  -6.1215807e-03
  -1.3954185e-01  -1.3105730e+00   1.8594362e+00  -1.5863625e-03  -1.9352327e-03  -6.5565503e-03
  -1.6943679e-01  -1.1922432e+00   1.4319138e+00   5.8497638e-04  -1.6002389e-03  -6.4579139e-03
  -1.5616985e-01  -1.3521542e+00   1.7960233e+00  -1.0269861e-03  -2.3678977e-03  -6.5727558e-03
  -1.4976180e-01  -1.2338326e+00   1.4750286e+00  -1.2890334e-03  -1.8299145e-03  -6.4550608e-03
  -1.4240531e-01  -1.4079687e+00   1.9574684e+00  -1.7837073e-03  -2.1173713e-03  -6.7906443e-03
  -1.7628531e-01  -1.2646997e+00   1.3480830e+00   6.3093534e-04  -1.3186008e-03  -6.8910506e-03
  -1.5923628e-01  -1.4087366e+00   1.8265099e+00  -2.2168048e-03  -1.8926923e-03  -6.9174115e-03
  -1.6325470e-01  -1.2035339e+00   1.2860932e+00  -4.0010963e-04  -1.0494802e-03  -6.7431393e-03
  -1.5048884e-01  -1.3960822e+00   1.8196957e+00  -1.7179167e-03  -1.6071296e-03  -6.4239895e-03
  -1.8165220e-01  -1.1980521e+00   1.2932422e+00  -3.7718709e-04   1.4407852e-04  -6.2728326e-03
  -1.7176841e-01  -1.3751407e+00   1.6489089e+00  -6.7704570e-04  -1.4679456e-03  -6.2249625e-03
  -1.6785561e-01  -1.2415858e+00   1.3610107e+00  -9.7134042e-04  -6.5579200e-04  -6.4048297e-03
  -1.6049562e-01  -1.3786412e+00   1.3421691e+00   4.5430055e-04  -1.7224045e-03  -6.5520866e-03
  -1.5157924e-01  -1.3921324e+00   1.6669088e+00  -3.8147435e-03  -1.5094393e-03  -6.5423924e-03
  -1.6559140e-01  -1.2881331e+00   1.2981312e+00   2.0168169e-03  -1.2965678e-03  -6.5813289e-03
  -1.5177052e-01  -1.4325499e+00   1.8260814e+00  -2.2531430e-03  -1.7386167e-03  -6.5221053e-03
  -1.6693436e-01  -1.2826273e+00   1.1237197e+00   1.6342135e-03  -1.0416382e-03  -6.4922059e-03
  -1.5290762e-01  -1.4608202e+00   1.8640219e+00  -2.4895310e-03  -2.0328903e-03  -6.4304293e-03
  -1.8755130e-01  -1.3115548e+00   1.2916795e+00   1.2814382e-03  -3.4085387e-04  -6.5591638e-03
  -1.6178595e-01  -1.4848292e+00   1.8654074e+00  -1.7297133e-03  -1.1816329e-03  -6.5729143e-03
  -1.8896514e-01  -1.3720067e+00   1.2978379e+00   1.2020711e-03  -1.3192658e-04  -6.6125224e-03
  -1.6503809e-01  -1.4985339e+00   1.8227713e+00  -2.2910377e-03  -1.2581178e-03  -6.7085455e-03
  -1.7146441e-01  -1.3798797e+00   1.2192562e+00   1.5239960e-03  -1.1281108e-03  -6.8342502e-03
  -1.5977495e-01  -1.4629754e+00   1.7858010e+00  -2.3287553e-03  -1.6942379e-03  -6.8640361e-03
  -1.5398049e-01  -1.3684814e+00   1.2548509e+00   1.5858307e-03  -2.0763200e-03  -7.0079909e-03
  -1.4213083e-01  -1.4836528e+00   1.8120362e+00  -2.6567630e-03  -1.9125055e-03  -6.7920350e-03
  -1.2643042e-01  -1.3931165e+00   1.3348292e+00   8.4840192e-04  -2.6729736e-03  -6.4374602e-03
  -1.2505526e-01  -1.5362296e+00   1.8818778e+00  -2.4660009e-03  -2.4684845e-03  -6.4085695e-03
  -1.4810213e-01  -1.4106276e+00   1.1135711e+00   1.6801545e-03  -1.5288177e-03  -6.3947289e-03
  -1.2822957e-01  -1.5526537e+00   1.8405386e+00  -2.5796971e-03  -2.2917943e-03  -6.2587231e-03
  -1.4853038e-01  -1.3877573e+00   1.5158479e+00  -4.7663919e-04  -6.4645095e-04  -6.2465747e-03
  -1.4877732e-01  -1.5333205e+00   1.7223183e+00   2.2639740e-04  -1.6321096e-03  -6.6823261e-03
  -1.4487130e-01  -1.4783375e+00   1.6576487e+00  -2.5229754e-03  -9.3180036e-04  -6.5821038e-03
  -1.3789741e-01  -1.5394298e+00   1.1962994e+00   2.1563698e-03  -1.8585468e-03  -6.7715061e-03
  -1.2393317e-01  -1.5313242e+00   1.5329056e+00  -4.3114023e-03  -2.1913807e-03  -6.1873381e-03
  -1.2512306e-01  -1.4299985e+00   1.1975252e+00   1.5075629e-03  -2.1022363e-03  -6.5009155e-03
  -1.3296815e-01  -1.5806015e+00   1.8760746e+00  -1.0349389e-03  -2.4319687e-03  -6.6686417e-03
  -1.4365854e-01  -1.4034942e+00   1.4425214e+00   3.2972711e-04  -1.2368650e-03  -6.4281519e-03
  -1.4263233e-01  -1.5729828e+00   1.8667865e+00  -5.4208862e-04  -2.5020944e-03  -6.6991264e-03
