   0.0000000e+00   0.0000000e+00   0.0000000e+00   0.0000000e+00   0.0000000e+00   0.0000000e+00
   7.8659959e-03  -4.2540475e-02   4.4946859e-03  -5.8466379e-05  -1.5516866e-04   3.4940263e-04
  -1.9102058e-04  -1.6285867e-02   1.8337891e-02  -7.2269823e-04  -4.0435451e-05   4.3473055e-04
  -8.3815863e-03   6.4963205e-03  -2.8558371e-03   8.6353477e-05   1.5201387e-04  -3.7348478e-05
   4.9385202e-03  -2.0547590e-02  -1.5743306e-03  -3.7267421e-04  -4.3626274e-05   5.7324723e-04
  -2.7840651e-03   4.6713592e-02   5.6435882e-03  -4.0527216e-04   5.5496295e-05  -1.1665365e-04
  -5.9155270e-03   6.8397434e-03  -1.6662158e-02  -2.6724726e-04   1.3457443e-04   9.9531247e-05
   4.6665087e-03  -3.6925865e-03   9.1122908e-03  -1.0977462e-03  -1.7391267e-05   4.9001552e-04
  -2.2421427e-03   2.4481088e-02  -4.7927732e-03  -3.7636526e-04   9.6419615e-05   4.0928351e-04
  -3.4094535e-03  -2.3210948e-02  -2.7631650e-02  -5.0732581e-04   1.8557586e-04   3.4382580e-04
   1.7873790e-03  -1.2184564e-02  -7.4098706e-03  -1.1611772e-03   5.2712148e-05   6.6399795e-04
  -4.4787846e-03   2.9214764e-02  -4.2311260e-03  -7.9733272e-04   3.0365383e-04   2.3098008e-04
   6.4512856e-03  -2.2434170e-02  -1.5925865e-02  -5.3104975e-04   1.3670994e-04   1.8169681e-04
   2.0719911e-02  -1.7926403e-02   2.0939713e-02  -1.3635477e-03  -1.2998388e-04   9.6210339e-04
   4.1643660e-03   2.6335511e-02   1.5953502e-02  -2.8876552e-04  -2.7299533e-05   6.6137111e-04
   8.5181963e-03  -2.9828247e-02   2.1066843e-02   2.0894344e-04  -2.5982567e-04   1.0732798e-03
  -6.0973462e-03   1.2606129e-02   5.4018607e-02  -1.0697516e-03   4.4760499e-05   1.0083734e-03
  -1.2817971e-02   3.2540121e-02   3.1980525e-02   2.0013677e-04   2.4699826e-04   7.5385812e-04
  -1.3882208e-02   5.7129610e-02   7.1140737e-02  -1.4167780e-03   1.7678606e-05   1.4652174e-03
  -7.4520772e-02   3.5808669e-02   5.7900368e-02  -2.0164348e-03   1.3968547e-03  -4.2789867e-04
  -5.4846286e-02  -3.0370249e-02   2.6919619e-02  -1.4225205e-03   9.2223468e-04  -4.1588409e-05
  -7.1335894e-02  -5.3629781e-02   7.1900673e-03  -2.1539299e-03   1.1331907e-03   2.7642594e-05
   2.2593750e-02  -3.3189936e-01  -1.5423126e-01  -3.2203344e-05   3.8312046e-04   2.4825153e-03
  -4.5464786e-02  -2.2992773e-01  -2.7328684e-01   4.0185022e-05   1.0431382e-03   2.7969201e-03
  -2.5517303e-02  -4.3241626e-02  -1.4915494e-01  -2.6726913e-03   1.4015542e-03  -1.9205504e-04
  -1.4250208e-02  -9.7743366e-02  -5.1083750e-02  -2.5299743e-03   1.0469390e-03  -3.6598018e-04
  -3.0253903e-02  -4.4010488e-02  -1.2651038e-02  -2.9805778e-03   1.2517812e-03  -5.3994757e-04
  -3.1826599e-02  -3.8295706e-02   1.9900280e-02  -2.1890408e-03   1.4108350e-03  -8.1556365e-04
  -4.0422117e-02  -2.6999592e-02   5.5800499e-02  -3.1236104e-03   1.4899157e-03  -4.4888061e-04
  -5.9046171e-02  -8.6353838e-04   5.4542143e-02  -2.8829966e-03   1.5447313e-03  -1.3521320e-03
  -5.5648224e-02  -1.8926348e-03   2.8883008e-02  -2.9642514e-03   1.6061751e-03  -1.0989706e-03
  -5.6200944e-02   9.0106750e-03   5.0094962e-02  -4.4269946e-03   1.6853489e-03  -9.6116439e-04
  -6.5330923e-02  -1.3174552e-03   3.7208200e-02  -3.2794068e-03   1.6639940e-03  -1.4394251e-03
  -7.3564730e-02  -8.0588468e-03   1.6459167e-02  -2.8915393e-03   1.6844287e-03  -1.7507556e-03
  -7.8861225e-02   9.7402001e-03   3.4668301e-02  -3.5584442e-03   1.8587628e-03  -1.5699426e-03
  -6.8861257e-02   5.5250947e-02   3.0485853e-02  -2.8787097e-03   1.8046248e-03  -1.3496285e-03
  -8.9454857e-02   5.2133776e-02   2.7867608e-02  -3.2893365e-03   1.8964547e-03  -1.6052193e-03
  -1.0316868e-01   2.1221771e-02   3.4872855e-02  -3.0335679e-03   1.5661741e-03  -1.4384961e-03
  -1.2172017e-01   2.3414829e-02   3.9827887e-02  -3.5770475e-03   1.6608847e-03  -2.2579352e-03
  -9.2895016e-02  -4.5863921e-02   7.2454391e-02  -2.9822979e-03   1.0884721e-03  -1.3161291e-03
  -1.2488056e-01   2.4029312e-02   5.0345545e-02  -2.9141194e-03   1.5418579e-03  -2.3846616e-03
  -1.3191194e-01  -6.8179270e-02   4.8084052e-02  -2.0079161e-03   1.4468045e-03  -2.0658265e-03
  -1.2332509e-01  -1.1018076e-02   9.3847734e-02  -2.3747664e-03   1.5280363e-03  -1.9465165e-03
  -1.2595952e-01  -6.7972129e-02   7.8540383e-02  -5.8848256e-04   1.2981392e-03  -1.4450669e-03
  -1.1679308e-01  -5.3864439e-02   1.1307398e-01  -2.0006502e-03   9.9730243e-04  -6.7074246e-04
  -1.5961745e-01  -6.2938797e-02   7.7593786e-02  -7.6437582e-04   1.7400791e-03  -1.7435621e-03
  -1.1770223e-01  -1.0905487e-01   1.0455947e-01  -9.5114747e-04   1.0854280e-03  -4.7023067e-04
  -8.0368592e-02  -7.2886617e-02   1.0293214e-01  -3.3366104e-04   1.4180264e-03  -8.0382865e-05
  -8.3380871e-02  -1.6741406e-01   9.2997681e-02   1.9137468e-03   1.3360930e-03  -6.2407138e-04
  -8.4028218e-02  -2.4440992e-01   1.2695385e-01   2.4257292e-03   1.5022823e-03  -1.1531173e-03
  -1.2108303e-01  -1.8020981e-01   1.2369748e-01   2.9134187e-03   2.5660829e-03  -1.9023713e-03
  -8.2960249e-02  -2.2717969e-01   8.4576675e-02   3.6930829e-03   1.8583588e-03  -1.0965984e-03
  -5.1939156e-02  -1.9487091e-01   1.1705382e-01   3.7248715e-03   1.9320081e-03   5.6267709e-05
  -2.8925611e-02  -2.0911027e-01   5.9418195e-02   4.9272151e-03   1.4844444e-03   1.3944746e-04
  -2.1128432e-02  -2.7290066e-01   9.4416773e-02   5.1849563e-03   1.6368505e-03  -5.7002480e-04
   3.1331770e-03  -2.2697374e-01   1.0207290e-01   4.9845332e-03   1.5878805e-03  -7.3402359e-04
  -3.2853666e-02  -2.8310304e-01   1.0913874e-01   4.2021728e-03   1.5720368e-03  -1.0229203e-03
  -6.8703945e-02  -2.1718913e-01   1.2739121e-01   4.0302764e-03   2.0659363e-03  -1.8192643e-03
  -3.5776108e-02  -2.2451918e-01   8.1738827e-02   5.0725393e-03   1.7682065e-03  -1.0645563e-03
  -4.9896267e-02  -2.4083541e-01   1.5815451e-01   4.0930762e-03   2.1450075e-03  -1.2072380e-03
  -1.4779323e-02  -2.8343710e-01   1.5925011e-01   4.9998698e-03   1.5740027e-03  -4.9976185e-04
  -8.1777722e-03  -2.3994899e-01   1.8913456e-01   3.4119137e-03   1.2101211e-03  -3.2797102e-04
  -4.2905602e-02  -2.9964376e-01   1.6091875e-01   4.6472988e-03   1.3647634e-03  -1.1622525e-03
  -1.0205538e-02  -2.4425388e-01   1.8515561e-01   3.6221185e-03   1.4512138e-03  -4.9326867e-04
   1.0022842e-02  -1.9870490e-01   1.5008181e-01   3.6922563e-03   1.2012120e-03  -4.3135235e-04
   3.0705853e-02  -2.9937796e-01   1.9149191e-01   6.0976827e-03   7.4777420e-04   1.3077355e-05
  -4.1706691e-03  -3.5097035e-01   1.4635659e-01   5.9516386e-03   9.2038049e-04  -3.4389034e-04
  -2.5975340e-02  -2.6797147e-01   1.5431408e-01   5.0332968e-03   1.4674681e-03  -8.9181841e-04
  -6.9648592e-03  -2.6455609e-01   9.5397241e-02   5.2924249e-03   1.2521231e-03  -5.1419084e-04
   6.7285525e-03  -2.0326691e-01   1.0229458e-01   3.9268885e-03   1.0597384e-03  -9.3470804e-04
  -3.3236042e-03  -3.5523255e-01   1.7917277e-01   4.9772452e-03   1.0371934e-03  -5.7375527e-04
  -7.4923184e-03  -2.5871693e-01   1.9242938e-01   4.6428664e-03   1.3986252e-03  -2.0447947e-04
   4.8271403e-04  -3.2894244e-01   1.7133817e-01   6.2017999e-03   8.6235950e-04  -4.4562131e-04
   3.0303659e-03  -2.1976176e-01   2.3956437e-01   3.6161967e-03   1.0721958e-03  -7.3194898e-04
   1.9159910e-02  -2.6678848e-01   1.8524496e-01   4.4511183e-03   8.1138804e-04  -5.8107882e-04
   4.4798147e-03  -2.3380641e-01   2.0315131e-01   4.4939053e-03   1.1677385e-03  -8.2830350e-04
   2.0541418e-02  -3.6936948e-01   2.0639483e-01   5.9302908e-03   6.4680726e-04  -1.0483978e-03
   6.0879330e-04  -3.3813357e-01   1.7994285e-01   5.1182708e-03   9.1974101e-04  -8.9694199e-04
   5.5163403e-02  -5.2680162e-01   3.2806664e-01   3.8019963e-03  -8.7765439e-04  -7.7227102e-04
   4.2482602e-02  -4.4368073e-01  -8.2523443e-02   4.9895148e-03  -1.6647185e-03   7.7711023e-04
   4.0744302e-02  -2.2798799e-01  -1.0735699e-01   8.0264035e-04  -9.2865115e-04  -1.4956992e-03
   2.5355265e-02  -2.9348589e-01  -9.0370474e-02   1.0983603e-03  -2.8717876e-04  -1.6250199e-03
   9.5916340e-03  -2.7602499e-01  -2.4027218e-02   1.7065773e-03   1.5344053e-04  -1.8417874e-03
   1.3400331e-02  -2.9347688e-01   2.0368539e-02   1.0286366e-03   3.1129171e-04  -1.7948306e-03
   7.6799726e-03  -2.7342334e-01   4.2557899e-02   2.2839474e-04   1.8286365e-04  -1.5716203e-03
   9.6914951e-05  -2.5318343e-01   4.7188010e-02   7.3888700e-04   4.6291477e-04  -1.8229231e-03
   5.0691331e-03  -3.0008871e-01   5.4679324e-02   1.1991185e-03   4.8809902e-04  -1.8042577e-03
  -3.7283404e-03  -2.5351887e-01   7.6228594e-02   9.7646661e-05   4.7342783e-04  -1.6414766e-03
  -9.4426239e-03  -2.7077451e-01   6.5549727e-02  -9.0624513e-05   8.1154075e-04  -2.1571927e-03
  -3.8982490e-03  -3.1242528e-01   7.6094436e-02   8.5500360e-05   5.7944844e-04  -1.6521432e-03
  -1.0520673e-02  -2.5375659e-01   7.6941096e-02  -7.2850503e-04   6.6590380e-04  -1.7374268e-03
  -1.2562031e-02  -2.7025045e-01   4.4394484e-02   5.0242193e-06   6.7918183e-04  -1.9405862e-03
  -3.1144216e-03  -2.8130927e-01   7.9316566e-02  -2.2255371e-04   4.1195358e-04  -1.2983845e-03
  -1.7689331e-02  -2.4524274e-01   7.7299099e-02   5.1716052e-04   7.9839245e-04  -1.9970915e-03
   1.1879405e-03  -2.7867910e-01   7.7550614e-02   1.9834746e-04   3.8293306e-04  -1.3375639e-03
   7.2601179e-03  -2.0837756e-01   8.3535090e-02   1.9589948e-04   3.8916293e-04  -8.2314204e-04
   8.5928496e-04  -1.9419297e-01   1.8609349e-02   5.8966878e-04   5.6276255e-04  -3.6529155e-04
   2.9390507e-02  -2.0147337e-01   7.6707021e-02  -3.9107819e-04   2.4687391e-04   6.4423996e-05
  -2.1811784e-02  -2.4774334e-01   4.3555755e-02  -7.7702696e-05   1.1245349e-03  -1.6186341e-03
   6.1508790e-03  -2.7860654e-01   8.6781262e-02  -6.7296318e-04   4.3623468e-04  -1.4298585e-03
  -1.5096405e-02  -2.4468234e-01   5.4564452e-02  -4.4513781e-04   9.7544667e-04  -2.1161701e-03
  -6.1919087e-03  -3.2462504e-01   2.3918543e-02   4.2504847e-04   7.0915368e-04  -1.8514431e-03
  -1.2993312e-02  -2.6885582e-01   5.6486494e-02   1.3575274e-03   9.7554527e-04  -2.1980605e-03
   1.3262006e-02  -3.6375939e-01   8.5958375e-02   3.0208619e-03   2.3147940e-04  -1.0383143e-03
   1.7700902e-02  -3.0627344e-01   1.0240925e-01   2.7841183e-03   3.3994634e-04  -9.3041125e-04
   9.7284828e-04  -3.5236361e-01   8.7564004e-02   2.8469470e-03   5.2806741e-04  -1.4933572e-03
  -7.8383269e-03  -3.1615965e-01   1.8066963e-01   1.2344800e-03   3.3119959e-04  -7.1864389e-04
  -3.6414216e-02  -3.4080384e-01   1.7879280e-01   2.3323992e-03   1.1414637e-03  -7.8490848e-04
   8.8512860e-03  -3.4866980e-01   1.6668263e-01   2.4068998e-03   4.0479618e-04  -7.3264224e-06
   2.1316615e-02  -3.4735188e-01   1.5494806e-01   2.8228524e-03   1.6140495e-04  -1.1854809e-05
  -2.7913277e-03  -4.2715493e-01   2.3236682e-01   3.0377556e-03   5.3438389e-04  -1.2489224e-03
  -1.7359570e-02  -3.6582909e-01   1.8919353e-01   2.1380190e-03   8.5982342e-04  -7.2514721e-04
   1.9505505e-02  -4.4080655e-01   1.6599536e-01   4.8257245e-03   6.9494161e-04  -9.0904343e-05
  -7.1645213e-03  -3.9029022e-01   1.4224830e-01   3.0149695e-03   8.4610882e-04  -8.9820813e-04
  -1.1031739e-03  -4.7912791e-01   8.6642642e-02   2.0004870e-03   1.3907543e-05  -7.6155430e-04
  -8.8236713e-03  -4.4588067e-01  -9.2030366e-02   2.1089130e-03   5.5289326e-05  -1.6761363e-03
  -4.1260346e-03  -3.5754039e-01   4.4263426e-03   4.3929217e-04  -5.3753634e-05  -1.4040875e-03
   1.2697691e-02  -4.3390889e-01   2.4325206e-02   1.6271278e-03  -2.3167191e-04  -1.6914344e-03
  -6.1054103e-03  -3.9432955e-01   6.4065523e-02   4.2476398e-04  -1.1604030e-04  -1.6026480e-03
  -2.6504395e-02  -3.6550207e-01   5.7872011e-02   1.1924463e-03   2.3421589e-04  -2.0726823e-03
  -1.7036061e-02  -4.0839073e-01   9.3560723e-02   8.9576578e-04   3.4639394e-05  -1.6872578e-03
  -5.4082583e-02  -3.4578798e-01   8.6426822e-02   1.0457039e-04   6.6850880e-04  -2.1255319e-03
  -5.0070803e-02  -4.1135902e-01   9.1650437e-02   1.4147266e-03   6.8756160e-04  -2.1928188e-03
  -3.1885390e-02  -3.3213483e-01   1.5432843e-01  -7.0336906e-05   3.4302240e-04  -8.6961434e-04
  -5.3695491e-02  -2.9099814e-01   1.2633354e-01   4.3358435e-04   7.6416945e-04  -1.3519895e-03
  -5.0941039e-02  -3.7046955e-01   1.7550783e-01  -2.1122647e-04   8.8067834e-04  -1.5135487e-03
  -3.9914729e-02  -3.2253128e-01   1.6500514e-01  -4.6491639e-04   1.0637390e-03  -1.3157245e-03
  -6.4651751e-03  -3.1895797e-01   1.1247214e-01   1.0148441e-03   9.6947181e-04  -1.3799249e-04
  -1.4680784e-02  -3.1606646e-01   1.7328988e-01   1.5001849e-04   9.5367133e-04  -3.1234339e-05
  -4.5100889e-02  -3.3171700e-01   1.2161805e-01   9.8793882e-04   1.3934346e-03  -2.1114332e-04
  -5.5296584e-02  -3.8836697e-01   2.2392958e-01   3.4222642e-04   1.7573801e-03   2.1326126e-04
  -1.1030146e-01  -3.6248565e-01   2.2042273e-01   7.4440882e-04   2.7103155e-03  -1.0695387e-03
  -4.4939628e-02  -4.1605328e-01   2.0969102e-01   1.9564731e-03   1.2598950e-03   3.5554384e-04
  -3.8382751e-02  -3.9319333e-01   2.0758983e-01   2.6476967e-03   1.3929220e-03   3.8018132e-04
  -6.0943856e-02  -5.6865287e-01   2.1012499e-01   3.2875627e-03   1.3746122e-03  -8.5242770e-04
  -7.1291070e-02  -4.5703716e-01   2.0677229e-01   3.7491848e-03   1.7869151e-03  -4.7596461e-04
  -5.4785487e-02  -5.3900801e-01   2.1999136e-01   4.4271826e-03   1.3995253e-03  -7.5845122e-04
  -3.3800301e-02  -4.1046744e-01   2.0958384e-01   3.1324245e-03   1.4699301e-03  -4.2785794e-04
   5.7879403e-03  -4.6876081e-01   2.4193745e-01   2.1656353e-03   1.1340812e-03   3.5025000e-05
  -2.5403002e-03  -4.4082704e-01   2.0671676e-01   2.9557850e-03   1.1174641e-03  -3.6212468e-04
   1.4147958e-02  -5.2544962e-01   2.1480783e-01   3.5927398e-03   7.3684227e-04   4.2837284e-04
  -6.0302673e-03  -4.7274754e-01   1.9688967e-01   4.0272494e-03   1.4457048e-03  -3.9191489e-04
  -4.6245491e-04  -4.5152089e-01   2.5435196e-01   1.6885971e-03   1.3781261e-03   3.8466927e-04
  -4.2386551e-02  -4.6880321e-01   1.9159961e-01   3.2607872e-03   1.9987133e-03   3.5816957e-04
  -2.3797245e-02  -5.2120385e-01   2.1183274e-01   2.9283046e-03   1.3659212e-03   3.9527396e-05
  -2.7769383e-02  -5.0074968e-01   1.9139783e-01   3.6216298e-03   1.7370861e-03  -3.3412055e-04
  -4.5881764e-02  -4.4739322e-01   2.7560692e-01   2.0618367e-03   1.5864437e-03   7.2679096e-06
  -1.4898988e-01  -5.1517404e-01   2.1884063e-01   5.3031672e-03   2.5558661e-03   9.2486547e-05
  -1.5702213e-01  -4.9129157e-01   3.2299955e-01   3.7021287e-03   3.5863239e-03  -2.5853306e-04
  -1.5048252e-01  -5.2313099e-01   2.2044730e-01   4.3080687e-03   2.9746031e-03   4.1114333e-04
  -1.4019796e-01  -5.0033818e-01   2.8519322e-01   2.8034099e-03   3.0836636e-03  -3.7399885e-04
  -1.2361217e-01  -5.2664907e-01   2.2115516e-01   3.7286082e-03   2.1436151e-03  -7.4944663e-04
  -1.0386959e-01  -5.3839699e-01   3.0710663e-01   3.5976992e-03   2.0335016e-03  -3.0653667e-04
  -1.0981408e-01  -5.6155639e-01   2.7983253e-01   4.7464475e-03   1.9705510e-03  -2.3847959e-04
  -1.2276961e-01  -5.2925934e-01   3.6136714e-01   3.5983169e-03   2.2081477e-03  -1.4011070e-04
  -1.2746716e-01  -5.7592236e-01   3.1317669e-01   5.5679439e-03   2.0313237e-03  -1.5819680e-04
  -1.2255018e-01  -5.7529649e-01   3.4378552e-01   4.2527440e-03   1.6374351e-03  -6.6280376e-04
  -1.1726908e-01  -6.1403943e-01   3.1401202e-01   6.0815655e-03   9.2423546e-04  -8.4257506e-04
  -1.1658324e-01  -5.5932519e-01   3.6024267e-01   5.3994487e-03   4.6866058e-04  -1.5428517e-04
  -9.0882541e-02  -6.2618512e-01   2.5313284e-01   7.2707365e-03  -2.9579908e-04   5.1962496e-04
  -7.7551535e-02  -6.0897929e-01   3.7210199e-01   5.7652749e-03  -9.4199253e-04   4.1671643e-04
  -1.1408391e-01  -6.2092312e-01   3.1367517e-01   7.5340301e-03   7.0659956e-04   1.2198426e-05
  -9.8882054e-02  -5.6879935e-01   4.6556188e-01   3.2693270e-03   5.8893374e-04   3.4559468e-04
  -1.1500719e-01  -5.4165458e-01   4.0724575e-01   5.2757238e-03   8.1866649e-04  -6.8281037e-04
  -1.2156682e-01  -6.1255857e-01   4.2134006e-01   4.7127965e-03   1.5419336e-03  -1.0471431e-03
  -1.3641778e-01  -5.7791039e-01   3.6792641e-01   6.0698395e-03   1.3229961e-03  -9.0999024e-04
  -1.0155654e-01  -6.3034608e-01   4.2565013e-01   5.1128574e-03   6.5395773e-04  -1.7225735e-04
  -1.6127348e-01  -5.8772490e-01   4.2963998e-01   6.6798823e-03   2.0017319e-03   6.2273844e-04
  -1.4858885e-01  -6.2666085e-01   5.0364926e-01   5.4092351e-03   2.3751234e-03   5.6538247e-04
  -1.9380874e-01  -6.1986247e-01   4.3301348e-01   5.3449511e-03   2.1911882e-03   2.7700153e-04
  -1.3598140e-01  -7.5986439e-01   3.2867938e-01   5.1211498e-03   1.3312797e-03  -9.5533168e-05
  -1.2820582e-01  -6.3502911e-01   2.7655047e-01   5.7130855e-03   1.0142450e-03   6.0228354e-05
  -1.2096628e-01  -7.2696464e-01   3.6574426e-01   7.0232424e-03   9.9189288e-04  -8.4897693e-04
  -1.1037654e-01  -6.3441958e-01   4.5983100e-01   4.4950849e-03   1.3024618e-03  -7.0102331e-04
  -1.0388620e-01  -6.8886051e-01   4.9862681e-01   6.1537315e-03   9.7875077e-04  -1.8867841e-04
  -1.0788641e-01  -6.5388141e-01   4.9511550e-01   4.2762141e-03   1.0913782e-03  -2.9692072e-04
  -8.9830484e-02  -8.0389339e-01   4.0151545e-01   6.5777516e-03   3.7950477e-04  -5.4940237e-04
  -6.2255956e-02  -6.8727168e-01   4.8567831e-01   4.7228556e-03   3.3397773e-04   5.9872784e-04
  -5.7482157e-02  -6.8682957e-01   4.8150031e-01   6.7762190e-03   3.3974890e-04   5.9140515e-04
  -7.9509851e-02  -6.4483750e-01   5.8158273e-01   4.1989849e-03   9.5086712e-04   2.6797931e-04
  -8.9537506e-02  -6.5976403e-01   4.6508520e-01   5.7062316e-03   9.6702219e-04  -2.4833218e-04
  -7.9913226e-02  -7.1087682e-01   5.6127698e-01   4.6653339e-03   7.5909581e-04   7.6963302e-05
  -7.6269673e-02  -6.9902648e-01   5.1755282e-01   5.2088184e-03   8.2417093e-04  -3.9674072e-05
  -8.5828564e-02  -6.4789567e-01   5.6681159e-01   3.7095521e-03   1.2070932e-03  -2.4835358e-04
  -8.4817986e-02  -6.5784754e-01   4.7405794e-01   5.1424655e-03   1.2279426e-03  -2.3347234e-04
  -7.3629543e-02  -6.5418056e-01   5.5808406e-01   3.2880388e-03   1.0873502e-03  -1.9179935e-04
  -7.4918794e-02  -6.6866161e-01   4.7137884e-01   4.9726259e-03   9.5855889e-04  -3.4229927e-05
  -6.8762745e-02  -6.5980041e-01   5.1187124e-01   3.6850850e-03   1.1650980e-03   2.1719638e-04
  -7.3779678e-02  -7.1429281e-01   4.0809323e-01   5.5946150e-03   6.9679029e-04  -1.4346349e-03
  -4.9459526e-02  -8.4210402e-01   3.8891827e-01   5.0538109e-03  -1.9767197e-04  -3.3054373e-04
  -4.6021840e-02  -7.9193736e-01   3.1865102e-01   7.1821087e-03  -1.3770254e-04  -1.3671758e-03
  -4.8984607e-02  -7.5819780e-01   4.5567046e-01   5.7433875e-03   1.2195524e-04  -7.9705176e-04
  -4.9799240e-02  -7.3391413e-01   4.2710528e-01   6.1819874e-03   2.4531966e-04  -1.0107486e-03
  -6.5452690e-02  -8.1159622e-01   5.1877409e-01   6.4575446e-03  -8.7274876e-05  -2.1109011e-05
  -7.6544471e-02  -7.7158165e-01   4.6179548e-01   7.6602731e-03   5.8101845e-04  -1.5822821e-03
  -5.5251210e-02  -7.6636006e-01   4.6408369e-01   6.6779264e-03   2.8392557e-05  -1.1963056e-03
  -5.1043578e-02  -7.3383585e-01   4.7485139e-01   6.3114083e-03  -1.3386278e-04  -1.4199156e-03
  -5.5117808e-02  -7.8487973e-01   4.9524234e-01   5.3205000e-03   2.6591091e-04  -1.1076554e-03
  -3.8967952e-02  -7.9662006e-01   5.0911296e-01   6.5464975e-03  -3.0376602e-04  -1.5506205e-03
  -1.7082540e-02  -7.9277164e-01   4.6193074e-01   7.0356159e-03  -7.8469118e-04  -1.5157029e-03
  -1.0699613e-02  -7.1787008e-01   4.9215104e-01   5.4292719e-03   1.2753427e-04  -1.3943941e-03
  -4.4506754e-02  -7.2896443e-01   4.8832985e-01   3.7873670e-03   3.2408218e-04  -1.2043168e-03
  -4.1732414e-02  -7.2361088e-01   4.7763084e-01   5.4134137e-03  -2.7066742e-04  -1.4677639e-03
   2.5300067e-02  -7.7197515e-01   5.2356930e-01   5.9642042e-03  -9.9468540e-04  -1.8751356e-03
   2.2940582e-02  -7.7076968e-01   5.4855212e-01   6.8349564e-03  -1.4604351e-03  -2.1669285e-03
   5.6071838e-03  -7.8028247e-01   4.8620747e-01   6.4235505e-03  -1.2049315e-03  -1.2187325e-03
   1.8887254e-02  -7.9273455e-01   5.3645489e-01   6.8891825e-03  -1.4144962e-03  -1.0489257e-03
   1.0840693e-02  -7.8698690e-01   4.5546092e-01   7.5871686e-03  -1.1814252e-03  -1.1872597e-03
   6.9764916e-03  -7.7830264e-01   5.4342196e-01   6.2217563e-03  -1.0710772e-03  -1.2616592e-03
   1.2800357e-03  -8.3382244e-01   4.3435627e-01   7.3862824e-03  -1.3431489e-03  -1.5241134e-03
