   1.4210855e-14   0.0000000e+00   0.0000000e+00   6.6819118e-52  -7.7037198e-34  -4.8148249e-35
  -4.7538984e-03  -4.4686317e-02  -4.1936648e-02  -7.8079422e-04  -1.8170131e-04  -6.1026033e-04
  -6.1480061e-03  -8.5001912e-03  -1.1752082e-02  -2.6500674e-04  -1.2154082e-05  -2.6194772e-04
  -3.3974868e-03  -6.3672871e-02  -3.9007432e-02  -1.0688996e-03  -4.4220634e-04  -4.3406482e-04
  -1.0723612e-02  -3.7316028e-02  -2.3956200e-02  -6.1571571e-05  -8.7019612e-05  -4.2101242e-04
  -4.5067483e-03  -9.2343674e-02  -8.1489164e-02  -1.7210198e-04  -9.8475496e-05  -4.3874153e-04
   5.7642136e-03  -3.4617696e-02  -2.1077331e-02  -2.9797772e-04  -1.5623528e-04  -2.2399808e-04
   3.9567742e-03  -8.6150776e-02  -5.1127612e-02  -4.8096653e-05  -2.8158326e-04   1.3996822e-04
   1.1451518e-02  -5.8438650e-02  -3.7675341e-02   1.5850177e-04  -2.1044818e-04   2.0857612e-04
   7.8855758e-03  -1.0234425e-01  -6.8662117e-02   7.3331765e-05  -2.6338591e-04   9.5257732e-05
   1.0495532e-02  -7.2599512e-02  -4.2498941e-02  -3.8651740e-04  -1.2372028e-04  -6.8418871e-05
   4.8346061e-03  -7.0359820e-02  -7.8318056e-02   1.9171727e-04  -2.7234342e-04  -9.9213874e-05
   1.3090860e-02  -1.0052033e-01  -4.5132759e-02  -1.9794428e-04  -4.6068879e-04   6.1373931e-05
  -5.2812945e-03  -9.0611646e-02  -4.1459796e-02   7.8497547e-04  -3.0092065e-04  -1.5231028e-04
   5.7153671e-03  -1.4069375e-01  -5.3479248e-02  -3.0798283e-04  -1.9129831e-04  -4.7593259e-05
  -3.4260425e-03  -9.7158829e-02  -5.1114251e-02   2.9240346e-04  -3.4836294e-04  -1.7675228e-05
   6.5759562e-03  -1.5936777e-01  -5.9630421e-02   3.3221715e-04  -4.2556723e-04  -4.8327254e-04
   2.8163750e-03  -1.1876845e-01  -3.4691326e-02   4.9390844e-04  -3.2675903e-04  -2.5601689e-04
   2.4299346e-03  -1.6603306e-01  -9.0327197e-02   2.3603104e-04  -2.8482704e-04  -3.2993806e-04
   3.6002258e-03  -1.3544363e-01  -5.3760501e-02  -4.4294665e-04  -3.0910699e-04  -2.7059664e-04
  -4.8574168e-03  -1.6040654e-01  -7.0402829e-02   3.7552912e-04  -3.8367691e-04  -2.9813330e-04
  -5.7819539e-03  -1.6988324e-01  -4.7909244e-02  -3.0721244e-04  -5.1861219e-04  -5.1505285e-04
  -1.1442070e-02  -1.4417506e-01  -6.7629853e-02   1.2131854e-03  -2.6371202e-04  -4.0559211e-04
   7.2434814e-03  -1.7730458e-01  -9.2839737e-02  -8.6455384e-06  -7.9605310e-04  -7.6084618e-05
   6.4336352e-03  -1.5880500e-01  -6.3608910e-02   7.2687798e-04  -4.8736448e-04  -1.3084613e-04
   5.3949953e-03  -1.9267834e-01  -9.0906470e-02   3.6717512e-04  -8.5929062e-04  -6.2126080e-05
   4.8663924e-03  -1.7810174e-01  -7.6212374e-02   3.3135859e-04  -7.0835309e-04  -2.2395047e-04
   3.7259185e-03  -1.7389136e-01  -9.7617302e-02   4.1772869e-04  -1.0383279e-03  -2.9582901e-05
   9.2770476e-03  -2.1391768e-01  -8.8911827e-02  -2.7669545e-04  -8.1071967e-04  -2.5065745e-04
   1.9090891e-03  -1.9055362e-01  -8.4293851e-02   8.0846478e-04  -6.2930608e-04  -3.6308958e-04
   1.4284799e-02  -2.4773384e-01  -5.4425450e-02   2.9448313e-04  -1.0930513e-03  -4.3493980e-04
   1.2941991e-02  -1.7602454e-01  -2.8535610e-02   9.5488376e-04  -1.0431118e-03  -8.3225293e-05
   1.9460646e-02  -2.2786940e-01  -6.4334591e-02   3.4367426e-04  -1.1984069e-03  -9.4968325e-05
   2.7711055e-02  -2.0171781e-01  -3.4796823e-02   6.0239535e-04  -6.8558140e-04   1.2987392e-05
   1.9134567e-02  -2.3266322e-01  -6.4365342e-02   9.3809502e-04  -9.3293471e-04   2.6238715e-04
   2.3314957e-02  -2.1504695e-01  -4.0249536e-02   4.2366605e-05  -9.4546989e-04   2.4705876e-04
   1.8336684e-02  -2.2375627e-01  -5.2252835e-02   3.9187005e-04  -1.0545073e-03   1.6664577e-04
   2.9257111e-02  -2.4273906e-01  -4.5119240e-02  -8.9496244e-05  -9.9579176e-04   4.4787195e-04
   1.5330716e-02  -2.3240503e-01  -5.1012542e-02   9.5103852e-04  -1.3052339e-03   4.9049942e-04
   2.3167224e-02  -2.8543505e-01  -9.4795663e-02  -1.3593732e-04  -1.5261562e-03   4.3732561e-04
   1.7454123e-02  -2.3640850e-01  -5.8145320e-02   9.7286467e-04  -1.2924774e-03   3.3893902e-04
   3.0212717e-02  -2.9027110e-01  -9.2798147e-02   8.4119741e-04  -1.4696565e-03   3.5192112e-04
   2.5998361e-02  -2.5695674e-01  -6.8174419e-02   6.8860946e-04  -1.2589274e-03   4.7400615e-04
   2.4772863e-02  -3.1760791e-01  -8.8364737e-02   9.3018323e-04  -1.3501167e-03   7.3653915e-04
   2.4561095e-02  -2.8451039e-01  -8.9923038e-02  -1.9767474e-04  -1.4323174e-03   5.8329672e-04
   2.7161677e-02  -2.8290010e-01  -1.1283209e-01   1.3162357e-03  -1.3286117e-03   4.9475654e-04
   3.2282766e-02  -3.0252784e-01  -1.2337402e-01   3.5498964e-04  -1.6250032e-03   3.5438488e-04
   1.8633885e-02  -2.9283384e-01  -1.1197051e-01   1.3662598e-03  -1.2545109e-03   1.4593788e-04
   2.5293304e-02  -3.3154667e-01  -1.5538500e-01   4.8737871e-04  -1.6217484e-03   5.0479564e-04
   3.0050752e-02  -2.9404345e-01  -1.4469388e-01   2.9731763e-04  -1.5506349e-03   3.9307496e-04
   2.9571891e-02  -2.9476297e-01  -1.9779989e-01   8.0188734e-04  -1.4003438e-03   2.1800009e-04
   5.7447160e-02  -2.7960970e-01  -1.5512183e-01   6.1767135e-04  -1.3272620e-03   3.7758476e-04
   4.1359706e-02  -3.0059608e-01  -1.1963681e-01   1.8173589e-03  -1.4316383e-03   3.0301284e-04
   4.8797779e-02  -3.5320165e-01  -1.3805378e-01   6.5526235e-04  -1.7642492e-03   2.8817899e-04
   4.1650417e-02  -3.2726540e-01  -1.2568604e-01   2.0751456e-03  -1.3451578e-03   5.0289283e-04
   6.0718356e-02  -3.7130024e-01  -1.5270293e-01   8.9900295e-04  -1.4524068e-03   4.8697837e-04
   5.2100037e-02  -3.1403282e-01  -1.1380107e-01   2.2331746e-03  -1.0659399e-03   7.3253064e-04
   5.3651584e-02  -3.4452492e-01  -1.4491774e-01   2.2898873e-03  -1.2615617e-03   5.5429443e-04
   4.8676507e-02  -3.2968180e-01  -1.3196431e-01   1.7833841e-03  -1.2317527e-03   4.8852463e-04
   5.0729417e-02  -3.5815516e-01  -1.3544846e-01   2.0172548e-03  -1.5003000e-03   6.4588329e-04
   4.7104120e-02  -3.7777988e-01  -1.2032921e-01   1.3748831e-03  -1.5615081e-03   7.6413351e-04
   4.2382290e-02  -3.8168880e-01  -1.0654966e-01   2.2877101e-03  -1.5779056e-03   8.7711459e-04
   3.5013904e-02  -4.1094840e-01  -1.1576689e-01   1.0699904e-03  -1.8973511e-03   6.5861505e-04
   3.4897646e-02  -3.9667575e-01  -1.2478509e-01   1.9210757e-03  -1.4720351e-03   6.9625903e-04
   4.2993705e-02  -4.3232278e-01  -1.3222693e-01   9.2276241e-04  -1.8297408e-03   6.5722676e-04
   4.1908525e-02  -4.0737556e-01  -1.2132888e-01   2.2850193e-03  -1.6222116e-03   8.3636058e-04
   5.0632070e-02  -4.5370205e-01  -1.3406578e-01   1.3793529e-03  -1.9308215e-03   7.6169916e-04
   5.0679850e-02  -4.1506972e-01  -1.1429329e-01   2.1455689e-03  -1.3578864e-03   1.0771229e-03
   5.4843313e-02  -4.4117454e-01  -1.6831715e-01   1.1821183e-03  -1.9490230e-03   1.0233411e-03
   4.2220585e-02  -4.1792494e-01  -1.3454187e-01   1.6967606e-03  -1.9649980e-03   5.0433380e-04
   2.7358623e-02  -4.6166968e-01  -1.7060119e-01   2.0753750e-03  -1.8395564e-03   2.7444422e-04
   6.0238762e-03  -4.4069858e-01  -1.5970245e-01   1.5440904e-03  -2.0410700e-03  -2.7541178e-04
   1.3373389e-02  -4.4128166e-01  -1.9997495e-01   1.8049908e-03  -1.9818326e-03  -6.0675253e-05
   1.4793369e-02  -4.4641493e-01  -1.5424826e-01   1.4805674e-03  -1.9720398e-03   1.3252098e-05
   1.5625621e-02  -4.3847377e-01  -1.9146520e-01   2.4024690e-03  -1.9631161e-03   1.3589073e-04
   1.7266634e-02  -4.6331042e-01  -1.8356145e-01   1.1182714e-03  -1.9651226e-03   3.1633772e-06
   1.9839974e-02  -4.4405939e-01  -2.0119954e-01   2.1096806e-03  -2.0097225e-03  -2.7283024e-05
   1.7305761e-02  -4.9049404e-01  -2.1044552e-01   8.8068040e-04  -2.0506643e-03  -3.4291613e-04
   4.8528955e-03  -4.7206613e-01  -2.1701761e-01   2.2463054e-03  -1.8021424e-03  -6.2020224e-04
   3.5428852e-02  -5.0234312e-01  -2.2698766e-01   1.8702695e-03  -2.3140616e-03   8.6740738e-06
   3.6066909e-02  -4.8338825e-01  -1.8703532e-01   2.0868811e-03  -1.9183438e-03  -2.7247285e-04
   2.8239298e-02  -5.2018956e-01  -2.1682998e-01   2.5168694e-03  -1.9043943e-03  -6.0367266e-04
   2.9098896e-02  -5.1954040e-01  -1.9401025e-01   1.4688311e-03  -1.7240166e-03  -5.0408812e-04
   1.3290773e-02  -5.2077549e-01  -1.8832144e-01   1.4479458e-03  -1.9588458e-03  -7.1160138e-04
   4.3729836e-02  -5.4630648e-01  -2.1420761e-01   7.0711753e-04  -2.0326722e-03  -4.0018825e-04
   2.1703471e-02  -5.3893963e-01  -2.1738660e-01   1.7805860e-03  -2.0938486e-03  -5.7203747e-04
   3.1802935e-02  -5.8370914e-01  -2.7846598e-01   3.1726788e-04  -2.1597402e-03  -3.6910941e-04
   4.3369209e-02  -5.3420816e-01  -2.6405363e-01   1.3877745e-03  -1.7805534e-03  -2.2435943e-04
   6.5109826e-02  -5.9410571e-01  -2.3549556e-01   8.9902605e-04  -2.1294977e-03   5.4270888e-04
   7.1230842e-02  -5.4211595e-01  -2.0832904e-01   1.3704090e-03  -2.0495026e-03   7.9337537e-05
   6.6049698e-02  -5.9236525e-01  -2.3115918e-01   1.5103399e-03  -2.2010713e-03   4.7671288e-05
   6.4695567e-02  -5.6316047e-01  -2.2363460e-01   9.2977837e-04  -1.4446670e-03  -6.0377765e-05
   7.0189442e-02  -6.2128531e-01  -2.6294265e-01   1.0504773e-03  -1.8208385e-03   3.8894266e-04
   6.9342642e-02  -5.7947420e-01  -2.2942185e-01   5.4401228e-04  -1.7265554e-03   4.6019168e-05
   5.9040153e-02  -5.7049247e-01  -2.5513619e-01   1.1038117e-03  -1.6012815e-03  -1.4449453e-06
   9.0567757e-02  -5.9044608e-01  -2.4874489e-01   9.5090115e-05  -1.7256083e-03   1.2316037e-04
   6.7187080e-02  -5.7510226e-01  -2.7051475e-01   1.4534983e-03  -1.6281729e-03   7.2412787e-05
   8.7869597e-02  -6.1345807e-01  -2.7078800e-01   3.6467583e-04  -2.0735583e-03   2.1519842e-04
   9.9336072e-02  -5.6275666e-01  -2.8508129e-01   1.5365952e-03  -1.6139940e-03   3.3188263e-04
   8.4661167e-02  -6.3050373e-01  -2.7285384e-01   1.0748107e-03  -1.7205442e-03   2.0551472e-04
   8.9593805e-02  -6.0578633e-01  -2.7391005e-01   1.3621455e-03  -1.5174010e-03   6.3741868e-05
   7.7001922e-02  -6.3960201e-01  -2.9912419e-01   1.0365345e-03  -2.0296245e-03   3.4630870e-04
   9.1203335e-02  -6.4400003e-01  -2.7529268e-01   5.9212251e-04  -1.8517204e-03   2.7390717e-04
   8.5197192e-02  -6.4921467e-01  -2.9003112e-01   1.4767315e-03  -1.8029518e-03   4.0519461e-04
   1.2235119e-01  -6.9252492e-01  -2.8324408e-01   6.6930967e-04  -1.8644532e-03   1.0123399e-03
   9.8875762e-02  -6.3854984e-01  -2.7610650e-01   1.3289489e-03  -1.8255010e-03   1.1700097e-03
   1.2711366e-01  -6.8897233e-01  -2.8441522e-01   5.5274077e-04  -1.8895920e-03   1.5645422e-03
   9.9403084e-02  -6.6259924e-01  -2.8289141e-01   1.2249280e-03  -1.7266423e-03   1.0137647e-03
   1.1961244e-01  -7.2607492e-01  -3.0917935e-01   1.0261572e-03  -2.0469074e-03   1.4494533e-03
   1.1442272e-01  -6.7769168e-01  -3.0113974e-01   1.1069900e-03  -1.9711075e-03   1.3294226e-03
   1.0883143e-01  -7.0304171e-01  -3.1652122e-01   9.9527381e-04  -2.2224295e-03   1.3755703e-03
   1.2558628e-01  -6.9554497e-01  -3.1599461e-01   2.0159013e-04  -2.0603608e-03   1.1876702e-03
   1.0430475e-01  -6.9549441e-01  -3.0616994e-01   1.2035206e-03  -1.9997778e-03   1.1583698e-03
   1.2304090e-01  -7.1259457e-01  -3.2882693e-01  -3.4156983e-05  -2.3179968e-03   1.6537292e-03
   1.0841292e-01  -7.0227122e-01  -3.0873315e-01   6.9662012e-04  -1.9331081e-03   1.1228533e-03
   1.0442894e-01  -7.1927085e-01  -3.0839938e-01   1.3276911e-03  -2.2174009e-03   1.3861808e-03
   1.2364870e-01  -7.4470947e-01  -3.1739864e-01   1.9171443e-04  -2.2966490e-03   1.2115941e-03
   1.1903112e-01  -7.1060651e-01  -3.1700118e-01   1.0049276e-03  -2.0994578e-03   1.2725412e-03
   1.3528409e-01  -7.6148594e-01  -3.2060255e-01   6.1203832e-04  -2.4699827e-03   1.6075919e-03
   1.1716123e-01  -7.6562695e-01  -3.0061189e-01   6.2574405e-04  -2.1669643e-03   1.2989046e-03
   1.0115282e-01  -7.4682926e-01  -3.2567634e-01   7.0139155e-04  -2.4066911e-03   1.3425857e-03
   1.0388467e-01  -7.4049350e-01  -3.2053893e-01   3.5814223e-04  -2.2999455e-03   1.0982176e-03
   9.9743656e-02  -7.3040103e-01  -2.9653614e-01   1.4664095e-03  -2.1978893e-03   1.1012416e-03
   1.0995189e-01  -7.7958473e-01  -3.2035343e-01   4.9078109e-04  -2.1088281e-03   1.0830913e-03
   1.0061002e-01  -7.2628100e-01  -2.9898064e-01   7.8110756e-04  -2.0064078e-03   1.1762200e-03
   8.9952696e-02  -8.0373636e-01  -3.4433256e-01   1.2735157e-04  -2.2375104e-03   1.1182532e-03
   9.7069842e-02  -7.6589209e-01  -3.2076273e-01   9.5631681e-04  -1.7981856e-03   1.1049471e-03
   1.0039674e-01  -8.2316429e-01  -3.2813714e-01   1.8278398e-04  -2.0489921e-03   1.0085559e-03
   1.1442951e-01  -7.8973604e-01  -3.0259337e-01   2.3546035e-04  -1.8373743e-03   1.1756433e-03
   1.0272270e-01  -8.0373313e-01  -2.9892039e-01   9.6427936e-04  -1.9714305e-03   1.2812777e-03
   1.0492066e-01  -8.2640337e-01  -2.7780475e-01  -1.4623908e-04  -2.1513835e-03   1.1758641e-03
   8.7939681e-02  -8.0941089e-01  -2.7777761e-01   1.1014729e-03  -1.9972036e-03   1.0072516e-03
   9.2277891e-02  -8.2835609e-01  -3.0806238e-01  -1.7011316e-04  -2.4388865e-03   8.5847740e-04
   9.0425865e-02  -8.0120383e-01  -3.0303691e-01   7.1997884e-04  -2.1090434e-03   7.5805514e-04
   9.2578000e-02  -8.5425608e-01  -3.4029570e-01   5.3763730e-05  -2.4415432e-03   8.6856454e-04
   9.4948276e-02  -8.3548411e-01  -3.1458296e-01   2.5934612e-04  -2.3065379e-03   5.3858920e-04
   8.8903588e-02  -8.6203422e-01  -3.2987543e-01   9.4660051e-04  -2.6293125e-03   6.6637484e-04
   1.1038637e-01  -8.9049420e-01  -3.3031625e-01  -1.2754158e-04  -2.9214601e-03   6.9870078e-04
   9.9178846e-02  -8.5046323e-01  -3.1752145e-01   9.2366621e-04  -2.5625111e-03   7.5146617e-04
   1.0958695e-01  -9.0682894e-01  -3.3307917e-01   5.4812483e-04  -3.0088641e-03   1.0863350e-03
   1.1831104e-01  -9.1116731e-01  -3.1304410e-01   3.3801065e-04  -2.8124984e-03   1.1273586e-03
   1.0801307e-01  -8.8326498e-01  -3.3275635e-01   9.1592518e-04  -2.7888805e-03   1.1633275e-03
   1.3550377e-01  -9.1556946e-01  -3.1462422e-01  -5.0584807e-05  -3.1338534e-03   1.4676076e-03
   1.3024979e-01  -8.9749552e-01  -2.8305339e-01   1.0451366e-03  -2.9311983e-03   1.2994603e-03
   1.6028066e-01  -9.4821434e-01  -2.7591104e-01   2.5544416e-04  -3.1307496e-03   1.7545474e-03
   1.3073137e-01  -9.2457920e-01  -2.7551660e-01   5.5353775e-04  -2.6947749e-03   1.3682287e-03
   1.3653393e-01  -9.4822872e-01  -3.3317449e-01   3.9430028e-04  -3.0985798e-03   1.4110537e-03
   1.3997405e-01  -9.4045442e-01  -3.1784169e-01  -4.2009334e-04  -2.7605788e-03   1.2635830e-03
   1.4328288e-01  -9.3259802e-01  -3.8311632e-01   6.4398507e-04  -3.0900655e-03   1.5546171e-03
   1.6690367e-01  -9.7212455e-01  -3.3291942e-01  -4.7304861e-04  -3.2960634e-03   1.2322855e-03
   1.4786258e-01  -9.5334243e-01  -3.3465562e-01   8.5720020e-04  -3.0826249e-03   1.1374733e-03
   1.4291840e-01  -9.7244775e-01  -3.5720276e-01   7.0123745e-04  -3.5495534e-03   1.2889421e-03
   1.4095289e-01  -9.6144862e-01  -3.3207147e-01   2.9374588e-04  -3.3719323e-03   1.1326022e-03
   1.3550781e-01  -9.7855087e-01  -3.5941799e-01   9.5318780e-04  -3.1667843e-03   1.2871406e-03
   1.4866588e-01  -9.8228123e-01  -3.7277654e-01  -4.0403119e-04  -3.4793941e-03   1.0603429e-03
   1.2340853e-01  -9.6003144e-01  -3.6265710e-01   1.3409193e-03  -3.4146449e-03   5.0261610e-04
   1.4676020e-01  -1.0325438e+00  -3.5418085e-01   1.3846704e-04  -3.4956825e-03   8.8226256e-04
   1.3753173e-01  -9.7218590e-01  -3.3123155e-01   3.3215986e-04  -3.5658354e-03   1.1336139e-03
   1.6388271e-01  -1.0339051e+00  -2.7448027e-01   1.1331924e-03  -3.4249115e-03   1.4748762e-03
   1.5391907e-01  -1.0423745e+00  -2.6768955e-01   1.0357486e-03  -3.6219996e-03   1.3729865e-03
   1.4907964e-01  -1.0306375e+00  -3.0754257e-01   1.2359287e-03  -3.9424140e-03   1.4725779e-03
   1.3185310e-01  -1.0460106e+00  -3.1188049e-01   6.8043729e-04  -4.2115474e-03   5.8208208e-04
   1.1983873e-01  -1.0230911e+00  -3.2679607e-01   1.5967400e-03  -3.8928142e-03   6.7947288e-04
   1.2953399e-01  -1.0759890e+00  -3.0193858e-01   4.9619141e-04  -4.0026361e-03   8.0228617e-04
   1.2346749e-01  -1.0140613e+00  -2.8998745e-01   1.5061514e-03  -3.6703901e-03   8.8722211e-04
   1.1447887e-01  -1.0636184e+00  -3.5270386e-01   1.0647502e-03  -4.1093149e-03   3.7408637e-04
   1.0913576e-01  -1.0359421e+00  -3.2328981e-01   1.7270441e-03  -4.0831614e-03   6.2590759e-04
   1.1989788e-01  -1.0780144e+00  -3.4627483e-01   6.2554522e-04  -4.3791250e-03   5.7328723e-04
   1.0771999e-01  -1.0552811e+00  -3.1309289e-01   1.0294364e-03  -4.1267396e-03   9.1711035e-05
   1.0856888e-01  -1.0935997e+00  -3.2217493e-01   1.2799270e-03  -4.3007892e-03   3.9352621e-04
   1.1176430e-01  -1.0987056e+00  -3.0749511e-01   8.4412534e-04  -4.0896873e-03   2.1371681e-04
   1.1855399e-01  -1.0901476e+00  -3.2108091e-01   1.1988929e-03  -4.3437654e-03   4.6889912e-04
   1.3040644e-01  -1.1200226e+00  -3.1071827e-01   3.5158583e-04  -4.2782278e-03   6.8539182e-04
   1.1692531e-01  -1.1130361e+00  -3.1445733e-01   1.6229128e-03  -4.0707101e-03   3.5183684e-04
   1.3129917e-01  -1.1555306e+00  -2.8668033e-01   2.0710634e-04  -4.5059305e-03   4.7172161e-04
   1.1450417e-01  -1.1051723e+00  -2.8604146e-01   1.3444651e-03  -4.0561345e-03   5.4536880e-04
   1.1841450e-01  -1.1620911e+00  -2.7585423e-01   5.0827738e-04  -4.3488407e-03   6.0556037e-04
   1.0286364e-01  -1.1194911e+00  -2.6867938e-01   1.6546655e-03  -4.0050747e-03   4.5755457e-04
   1.1449028e-01  -1.1804773e+00  -3.0880669e-01   5.6447973e-05  -4.5123534e-03   4.9142161e-04
   9.4815201e-02  -1.1267856e+00  -2.9229234e-01   7.7686687e-04  -4.4210504e-03   1.2970631e-04
   1.0895263e-01  -1.1957810e+00  -2.8199526e-01   8.9063255e-05  -4.5988860e-03  -6.7835373e-05
   1.0789878e-01  -1.1956872e+00  -2.5985236e-01   8.1805673e-04  -4.1616580e-03   4.4296201e-05
   1.0367125e-01  -1.2260997e+00  -2.4228764e-01   7.2949890e-04  -4.6057597e-03   3.0434459e-04
   1.1479439e-01  -1.1978672e+00  -2.2570075e-01   3.8688193e-04  -4.1074298e-03   3.2036140e-04
   1.1718862e-01  -1.2043301e+00  -2.8378497e-01   1.2205421e-03  -4.3549294e-03   1.0068892e-03
   1.3143819e-01  -1.2268925e+00  -2.7942515e-01  -1.3113146e-04  -4.5879821e-03   8.8071263e-04
   1.1147125e-01  -1.2089472e+00  -2.7141660e-01   1.0835432e-03  -4.5152407e-03   8.5256762e-04
   1.2604896e-01  -1.2560657e+00  -2.9192328e-01  -4.4390712e-05  -4.3807466e-03   8.1072779e-04
   1.1545405e-01  -1.1761165e+00  -3.1807714e-01   8.0100379e-04  -4.3714590e-03   7.5082913e-04
   1.2244592e-01  -1.2568876e+00  -3.5055730e-01   2.4986143e-04  -4.6042676e-03   6.5997971e-04
   1.3105701e-01  -1.2505436e+00  -2.8952516e-01   5.4697441e-04  -4.1886637e-03   6.2417584e-04
   1.3623915e-01  -1.2364362e+00  -3.3169839e-01   4.6111558e-04  -4.3506592e-03   9.6491446e-04
   1.3386866e-01  -1.2545833e+00  -3.0744020e-01  -1.6323888e-04  -4.1008515e-03   6.6085620e-04
   1.2573759e-01  -1.2361240e+00  -3.3383954e-01   1.2708648e-03  -3.8624908e-03   7.9219407e-04
   1.3544774e-01  -1.2854739e+00  -3.1648630e-01  -6.0462624e-04  -4.4282927e-03   7.9760142e-04
   1.1731095e-01  -1.2206292e+00  -2.9909678e-01   9.6413367e-04  -4.0690799e-03   4.7950301e-04
   1.1930485e-01  -1.2675353e+00  -3.3451599e-01   4.1051911e-04  -4.4466410e-03   2.7613122e-04
   1.1706864e-01  -1.2079393e+00  -3.0911644e-01   7.7429203e-04  -4.0665137e-03   3.4477678e-04
   1.1359061e-01  -1.2782657e+00  -3.0885513e-01   6.1431131e-04  -4.2329395e-03   5.5400055e-04
   1.0895128e-01  -1.2458949e+00  -3.1391551e-01   7.5949795e-04  -3.9429950e-03   2.9420479e-04
   1.0527299e-01  -1.2868700e+00  -3.3805318e-01   1.0071314e-03  -4.2761231e-03   2.0156500e-04
   1.2901656e-01  -1.2896143e+00  -2.7676430e-01   6.9613443e-06  -4.5112633e-03   3.2269069e-04
   1.1328144e-01  -1.3003398e+00  -3.0365028e-01   8.7420687e-04  -4.3583075e-03   1.4203993e-04
   1.2441597e-01  -1.3106114e+00  -3.5690195e-01  -5.4811006e-04  -4.4632070e-03  -1.1824940e-04
   1.1870818e-01  -1.2855200e+00  -3.4442189e-01   1.1958007e-03  -4.1947714e-03   2.0267328e-04
   1.4604462e-01  -1.3508178e+00  -3.1775517e-01   4.1941479e-04  -4.5194527e-03   3.3693112e-04
   1.2912105e-01  -1.3092764e+00  -3.0755159e-01   9.3172743e-04  -4.1016144e-03   2.6119156e-04
   1.4263649e-01  -1.3489991e+00  -3.2533454e-01   5.3735398e-04  -4.7104179e-03   5.3064319e-04
   1.4148912e-01  -1.3389648e+00  -2.8498914e-01   7.2056774e-04  -4.1572666e-03   7.2313256e-04
   1.4525956e-01  -1.3401881e+00  -3.1975017e-01   2.6992208e-04  -4.5376017e-03   1.1749388e-03
