   0.0000000e+00   0.0000000e+00   0.0000000e+00   0.0000000e+00   0.0000000e+00   0.0000000e+00
  -2.2154300e-02   6.4685553e-02   7.6983695e-03   4.7754301e-04  -1.1214046e-05   6.2312220e-04
  -9.0058679e-03   4.9109725e-02   4.7594796e-03   1.1719541e-03  -2.5455409e-04   2.9345938e-04
  -5.4958287e-03   6.7053879e-02   1.8106755e-02   2.0213481e-03   3.7191666e-05  -4.1318749e-04
   7.5366269e-03   7.1691563e-02   1.2661080e-02   2.0153203e-03   5.4896873e-04  -8.8018917e-04
   3.1318116e-03   6.8284902e-02  -2.7542479e-02   7.0940072e-04   4.6012317e-05  -1.9168167e-04
   1.0768581e-02   7.2206428e-02  -4.8382592e-03   1.7875587e-03   9.2107082e-04  -1.7696589e-03
   8.4215334e-03   7.1200848e-02  -1.6078132e-02   1.7828386e-03   6.2349623e-04  -1.3729978e-03
   2.3005011e-03   8.0814261e-03  -8.2114023e-03  -1.8323205e-04   4.4574020e-04  -5.0343968e-04
   3.1519680e-03  -4.0807251e-03   5.1017043e-03   1.5011229e-04   5.2420138e-04  -4.6615035e-04
   2.6105760e-04  -5.2193318e-02  -8.5014898e-03  -2.6632311e-04   4.8709981e-04  -3.3860278e-04
  -2.1625953e-03  -2.9355937e-02   7.1302589e-03   1.6234223e-04   4.3394923e-04  -5.3800090e-05
   4.2214539e-03  -2.6464090e-02   2.8828062e-02   6.3599325e-04   1.5684847e-04   1.6350388e-04
   6.7823026e-03  -5.3559901e-02   2.3452989e-02   2.0253580e-04   3.7430380e-04  -1.0811413e-04
   6.2318839e-03  -4.0697206e-02   1.7216264e-02   4.8548325e-04   2.4608772e-04   3.8378335e-04
   8.0468621e-03  -1.0310385e-02   2.5226106e-02   1.8005985e-03   1.5943997e-04  -4.7123877e-04
   6.4058474e-03  -3.6259204e-02   1.0459985e-03   4.1197342e-04   1.5117135e-04  -5.7315441e-04
   6.3826314e-03  -2.2944489e-02   1.9291085e-02   3.7695360e-04   2.0113328e-04   1.3781873e-04
  -7.6762232e-03  -2.3381332e-02   2.3950135e-02   3.6075709e-04   3.0607450e-04   8.4800810e-05
   1.4294994e-02  -3.0766303e-02   1.0229227e-02  -1.5892927e-04   5.0829960e-04  -1.5280845e-03
   1.2657164e-02   3.9838984e-02   1.8630465e-02   1.2333699e-03  -4.2298720e-05   4.1757017e-05
   1.1839687e-02   2.6876470e-02  -1.6738491e-02   4.0324013e-04  -3.6827138e-05   2.5339193e-04
   4.8437905e-03  -2.3145310e-02  -2.9526034e-02  -2.7183973e-04   1.2981094e-05  -3.9077461e-04
   1.4820940e-02   3.7538425e-02  -1.0552515e-02   1.0195676e-03  -4.0875697e-04   2.9456554e-04
   2.3215345e-02   3.9070252e-02  -2.5335890e-02   1.6940096e-03   2.1497501e-05   8.6321306e-05
   1.4640168e-02   5.1988055e-02  -2.8179638e-02   9.1400891e-04   1.6940721e-04   2.4459578e-05
   4.5140068e-03   8.0282876e-02   5.7103340e-03   1.8825000e-03  -1.6009464e-06   6.9385202e-05
   3.5795148e-03   7.2139631e-02  -1.3593783e-02   1.7243730e-03  -3.4074409e-04   1.8602256e-04
   1.4720669e-03   3.7017751e-02  -1.0681958e-02   9.7522199e-04  -4.0851385e-04  -4.0063984e-04
   8.3331970e-04   5.2872412e-02   2.7962779e-03   1.0354473e-03  -2.2326054e-04  -9.4647563e-05
   3.7128090e-03   4.0622807e-02  -7.6271558e-03   9.9543952e-04   2.2674794e-04  -6.4597623e-04
  -4.1108399e-02   5.3644212e-02   1.3910406e-02   1.5470668e-03  -1.1385276e-03  -5.9844889e-04
  -3.1238538e-02   8.0133207e-02   4.6841583e-02   2.6878474e-03  -1.1418956e-04  -1.9717833e-03
  -2.4003616e-02   5.9122484e-02   2.8796857e-02   1.8862774e-03  -4.4078370e-04  -5.7508184e-04
  -1.9279336e-02   6.9107625e-02   2.1529403e-02   1.6701472e-03  -1.6633573e-04  -8.2957004e-04
  -1.2957809e-02   1.0499964e-01   7.9280096e-02   3.4585073e-03   1.8091297e-03  -1.0598537e-04
  -5.9312968e-04   8.2567325e-02   3.6675208e-02   1.5991385e-03   7.0688965e-04  -1.1656654e-03
   3.3922835e-03   1.2602116e-01   6.1775338e-02   2.8394222e-03   6.0969682e-04  -1.8153632e-03
  -5.8471021e-03   1.0511630e-01   6.8276879e-02   2.7059730e-03   2.8910138e-04  -2.3058826e-03
  -1.2584228e-02   9.7602588e-02   3.6910942e-02   2.1852545e-03  -2.4580535e-04  -3.8739822e-04
  -3.5460208e-02   9.1175085e-02   3.1870337e-02   1.9145532e-03  -4.1689838e-04  -4.3446086e-04
  -9.2364131e-03   6.9512335e-02   2.9924985e-02   1.1003682e-03  -4.4202294e-04  -4.8458035e-04
  -2.2403558e-02   1.3723164e-01   3.0778014e-02   9.0983768e-04  -5.4090390e-04  -5.4553401e-04
  -2.7130333e-02   1.2428797e-01   6.9408426e-02   1.3810375e-03  -6.3815641e-04   5.7526535e-04
  -3.4520951e-02   1.0218131e-01   6.9980479e-02   9.5245532e-04  -3.2242412e-04   2.4158434e-04
  -3.2417262e-02   1.2034381e-01   7.5829855e-02   1.3046495e-03  -4.2924780e-04   9.1529848e-05
  -5.1222141e-02   1.5046209e-01   7.7145905e-02   1.8406339e-03  -6.5595325e-04   1.6641377e-04
  -1.8612562e-02   1.1336437e-01   6.9102938e-02   5.0687657e-04   5.6484414e-04  -1.4731934e-03
  -4.5970251e-02   1.3087653e-01   8.3616973e-02   1.4085994e-03  -3.8458943e-04   2.7545662e-04
  -3.2680944e-02   9.9399524e-02   5.9426320e-02   5.3695467e-04  -2.7151335e-04   1.0227897e-04
  -2.7676010e-02   1.3357560e-01   7.3023388e-02   8.8899142e-04  -2.2011232e-04   5.2121714e-04
  -2.5094106e-02   7.5691163e-02   2.7603991e-02   1.6630673e-04   1.0727670e-04  -1.4283566e-03
   5.8944125e-03   1.0289022e-01   3.4182422e-02   1.2736515e-05   7.6993765e-04  -1.5222782e-03
  -8.0529182e-02   1.3113922e-01   5.9943422e-02   1.3933574e-03  -1.1941912e-03   4.2456841e-04
  -5.3762847e-02   7.6779197e-02   3.3138256e-02  -3.5728513e-04  -3.5412287e-04  -1.0937540e-03
  -3.0984374e-02   1.3942899e-01   8.9091998e-02   1.2027518e-03  -6.3681087e-04  -5.5157652e-04
  -2.5946703e-02   9.7557363e-02   5.2948472e-02   1.2378586e-03  -7.8296126e-04  -2.0909749e-04
  -3.5239489e-02   8.7353530e-02   3.4280548e-02   1.3675617e-03  -9.8264154e-04   7.9725153e-04
  -4.3243660e-02   7.0531384e-02   1.6051275e-02   1.4923622e-03  -3.4472306e-04  -1.1604622e-03
  -4.6980136e-02   5.3886536e-02   1.9675132e-02   1.1629743e-03  -9.6844447e-04  -4.8390142e-04
  -2.0668927e-02   9.1495974e-02   7.5492841e-02   2.0825158e-03   1.9616054e-05  -1.3576035e-03
  -4.5324128e-02   1.0109946e-01   1.1166930e-01   2.4004600e-03  -3.3983834e-05  -1.2907509e-03
  -1.7023539e-02   6.7266542e-02   5.9003951e-02   1.2517927e-03   1.3570770e-04  -9.5600174e-04
  -2.1189160e-02   1.1123819e-01   5.2176698e-02   2.0721010e-03  -5.1903864e-04  -2.8190113e-04
  -1.3737081e-02   8.5204109e-02   4.4955662e-02   1.4878075e-03  -4.2074640e-04  -7.5347379e-05
  -2.3644731e-02   3.1626536e-02   7.2787143e-03   8.6795330e-04  -3.0564888e-04  -2.1154020e-04
  -2.2769189e-02   7.0421314e-02   4.9968248e-02   1.8103434e-03   4.6227892e-05  -2.7175925e-04
   1.4579477e-02   9.1710534e-02   1.5499990e-02   1.0575104e-03  -2.1694125e-03   6.2063890e-04
  -1.2622270e-02   1.0619563e-01   5.8678164e-02   2.6623508e-03  -9.8101130e-04   1.6499677e-03
  -6.1265690e-03   1.0119872e-01   9.7475070e-02   3.1403300e-03  -6.7976464e-04   1.2723447e-03
  -4.9185939e-04   8.4065987e-02   8.8788576e-02   2.5274226e-03  -3.5948354e-04   1.0666396e-03
  -5.1111184e-04   9.5057815e-02   9.3182976e-02   3.4349178e-03  -3.5738400e-04   1.0890378e-03
   4.3391653e-03   9.0873649e-02   7.0494447e-02   2.5126514e-03  -3.1341692e-04   7.3861123e-04
   1.0627211e-03   9.7075826e-02   6.8784961e-02   3.5378785e-03  -7.7317061e-04   1.5215442e-03
  -5.5169119e-03   8.5679904e-02   2.8254191e-02   2.6013961e-03  -6.5052965e-04   1.4694138e-03
  -1.6732767e-02   1.0786201e-01   1.9673010e-02   2.2933543e-03  -6.0081760e-04   1.4427390e-03
  -2.2402442e-02   8.7838551e-02   3.6872015e-02   1.3686699e-03  -2.6262800e-04   9.8864296e-04
  -1.3275598e-02   1.0112045e-01   3.3097401e-03   8.3015714e-04   1.9460700e-04   8.9902626e-04
  -2.1248228e-02   1.2023207e-01  -1.8725213e-02   1.8778008e-03   3.4651495e-04   8.7549527e-04
  -8.2950906e-03   1.0558001e-01  -2.3305426e-02   1.2084454e-03  -2.4310471e-04   8.3816661e-04
  -1.0848070e-02   9.5456138e-02  -1.1470879e-02   1.4835546e-03   4.0669955e-04  -5.3861230e-05
  -1.2104940e-02   6.4755778e-02  -2.2719088e-02   8.2602033e-04   2.0643327e-04   2.6282695e-05
  -3.7255367e-02   7.0236799e-02  -9.1131054e-04   1.8096107e-03   2.5929580e-04   2.9786233e-04
  -1.6697469e-02   2.1467663e-02  -2.5776455e-02   4.1302455e-04   1.9496977e-04   4.2684848e-05
  -1.3644641e-02   6.5680890e-02  -2.1158780e-02   1.5316095e-03  -1.8302022e-04   7.9925204e-04
  -5.3586436e-03   1.5737003e-02  -5.0965086e-02   2.6596081e-04  -1.5100713e-04   5.1890498e-04
  -8.4781615e-03   3.0730445e-02  -3.8447546e-02   1.3864105e-03  -1.6284823e-04   7.9802491e-04
   3.2700663e-03  -5.2011154e-02  -6.8640358e-02   2.7189090e-04  -3.6369326e-05   8.1967344e-04
   3.9841723e-02   1.1850969e-02  -4.4953095e-02   1.0896899e-03  -1.8698978e-04   1.4081748e-03
   2.6516673e-02   7.6829391e-03  -9.6894871e-03   1.2288648e-03   8.0994139e-05   1.0868765e-03
   2.2904807e-02  -1.8302091e-02   4.9487324e-03   8.0615902e-04   9.3252526e-05   1.1073571e-03
   2.5678465e-02  -8.8678551e-03   3.3988211e-02   1.8112617e-03   4.9288389e-04   1.0256743e-03
   2.6096527e-02  -3.4176033e-02   1.2660526e-02   8.4046531e-04   2.0314997e-04   9.3528344e-04
   2.7276044e-02  -1.4080976e-02   3.5946439e-02   2.1585512e-03  -2.4465398e-05   1.0579312e-03
   1.9398788e-02  -1.9252953e-02  -3.9644512e-03   1.2061412e-03   4.7761256e-05   1.1014995e-03
   2.1041642e-02  -3.8631773e-03   2.9445371e-02   1.7315444e-03  -6.2828130e-05   8.6613132e-04
   3.4813189e-02  -6.6313056e-02  -7.8543079e-04   5.5433415e-04   1.0478838e-04   1.0871471e-03
   7.9796957e-03  -7.9221751e-03   4.1566646e-03   1.2954720e-03   2.5999474e-04   1.3520851e-03
   3.0187799e-02  -4.1948845e-02  -2.6247788e-02   5.2550067e-04   3.2493105e-04   1.1777346e-03
   3.3502271e-02  -2.2696631e-03  -9.2541133e-03   1.4153577e-03   1.3323655e-04   1.2424241e-03
   3.4035248e-02  -3.7610942e-02  -3.2578188e-02   1.0160760e-03   4.1885778e-04   1.0366832e-03
   3.7275406e-02  -3.2428553e-02  -8.6703502e-03   1.4998240e-03   2.2644812e-04   1.1308822e-03
   3.2985552e-02  -5.5485826e-02  -3.3428756e-02   1.0282694e-03   5.9831393e-04   8.9180820e-04
   4.0158011e-02  -2.9128916e-02  -4.3254777e-02   1.3777886e-03   3.8059097e-04   9.3318467e-04
   3.9484917e-02   6.5675444e-03  -4.8918414e-02   2.0811560e-03   2.0923480e-04   1.7116398e-03
   4.3115875e-02   5.0020841e-04  -2.6779640e-02   2.3532545e-03   7.5851840e-04   6.6936448e-04
   7.2425152e-02  -1.2189355e-02  -1.1780728e-02   3.2503805e-03   8.1403522e-04   3.7278549e-04
   6.2195868e-02  -2.8713585e-02  -3.6426028e-02   2.2946239e-03   8.3635949e-04   5.9865701e-04
   7.8878896e-02  -7.1385027e-03  -1.3468335e-02   2.9877680e-03   4.1178775e-04   6.5470550e-04
   4.4500971e-02  -1.1671074e-02  -3.9755147e-02   1.4846014e-03  -1.6118688e-04   1.7390633e-03
   4.0831285e-02  -6.7572674e-06  -2.8193823e-02   2.7600127e-03   5.1104882e-04   8.7934257e-04
   4.6105121e-02  -2.2621278e-02  -4.9062056e-02   2.3410355e-03   8.2349413e-04  -9.8898610e-05
   4.1382604e-02  -2.0887842e-02  -4.0364647e-02   2.7672244e-03   7.1813968e-04   4.0258593e-04
   4.6475619e-02  -7.0829285e-02  -6.9062041e-02   1.1373626e-03   6.3420865e-04   1.0878305e-03
   3.0674291e-02  -3.0347336e-02  -6.6834181e-02   2.1762128e-03   1.0909756e-04   1.9546672e-03
   4.1584816e-02  -6.6566225e-02  -9.2752098e-02   9.4781927e-04   2.5018876e-05   1.6291324e-03
   3.5636876e-02  -5.9025124e-02  -7.7175665e-02   1.8989207e-03  -5.2750785e-05   1.7027097e-03
   2.0416678e-02  -1.0081190e-01  -9.2213280e-02   7.7443435e-04   1.5677455e-04   1.6842675e-03
   1.5019991e-02  -8.8984985e-02  -6.4978421e-02   1.2605969e-03   2.1217046e-04   1.5068695e-03
   1.1326714e-02  -7.0688054e-02  -5.9208051e-02   1.6394670e-03   6.3469307e-04   1.0734530e-03
   2.3380598e-02  -8.4183906e-02  -5.5886677e-02   1.5435866e-03   3.2016809e-04   7.0394791e-04
   1.7346448e-02  -8.1453076e-02  -3.5773076e-02   2.6761574e-03   7.2192139e-04   7.5684589e-04
   1.9953631e-02  -8.2348321e-02  -4.3474301e-02   1.5687120e-03   4.8643657e-04   7.3935042e-04
   1.3827156e-02  -8.1717862e-02  -2.4694334e-02   2.3958005e-03   8.8840830e-04   8.4641097e-04
   1.6147987e-02  -9.3436694e-02  -4.9858144e-02   1.0802672e-03   5.3869773e-04   7.6909027e-04
   1.6322440e-02  -5.0965661e-02  -2.8790478e-02   2.0344996e-03   2.3592628e-04   1.2323671e-03
   1.9859075e-02  -9.0097545e-02  -6.3614737e-02   1.1214626e-03   2.6738835e-04   1.1059176e-03
   2.3215661e-02  -7.4614795e-02  -5.5957418e-02   1.9922054e-03   1.4743609e-04   1.4048427e-03
   2.3683239e-02  -1.1471943e-01  -8.3812054e-02   5.6930536e-04   2.7832427e-04   1.5426351e-03
   1.0193645e-02  -3.1491070e-02  -8.4784999e-02   3.2522420e-03   1.6959400e-04   1.5230443e-03
   7.6121668e-03  -2.9649230e-02  -7.2323589e-02   3.2244248e-03  -1.0871932e-04   1.7432572e-03
   5.4865519e-03  -2.8816133e-02  -2.7586698e-02   3.6037273e-03  -2.2877959e-04   2.1695397e-03
   5.2719919e-03  -4.1216614e-02  -3.7938095e-02   4.0357187e-03   2.7081362e-04   1.8886438e-03
   1.0134074e-02  -4.3336587e-02  -3.8791622e-02   3.2176343e-03  -2.2229252e-04   2.1296779e-03
   1.9961042e-02  -3.9135620e-02  -3.6459063e-02   3.9192644e-03  -1.3325594e-04   2.2274005e-03
   2.4401549e-02  -6.5334112e-02  -2.3817246e-02   3.1070066e-03  -1.0658255e-04   1.8839149e-03
   2.7454376e-02  -6.9960790e-02  -1.2213030e-03   4.6849490e-03   7.6942515e-05   1.6338095e-03
   2.9389221e-02  -7.9947387e-02  -5.4625034e-02   3.9026785e-03   2.0416664e-04   1.4725281e-03
   2.5306691e-02  -8.2455368e-02  -5.0791558e-02   4.0034473e-03   1.4541753e-04   1.5869940e-03
   3.3425892e-02  -5.9958501e-02  -5.0801427e-02   3.9903296e-03   1.8358178e-04   1.8436576e-03
   2.5020933e-02  -8.4860513e-02  -7.3300583e-02   2.7627737e-03   2.5739886e-04   1.6093485e-03
   2.8402796e-02  -7.1461731e-02  -7.6844913e-02   3.9579279e-03   2.1599974e-04   1.9003633e-03
   2.2851700e-02  -8.5378389e-02  -1.0887983e-01   2.4023338e-03   2.7645505e-04   1.7277456e-03
   2.1400560e-02  -3.4123028e-02  -8.3420226e-02   3.8969674e-03   2.8599416e-04   1.8248708e-03
   2.0911419e-02  -6.3276038e-02  -9.4209298e-02   2.8367240e-03   1.3598627e-04   1.4797542e-03
   2.1032915e-02  -6.3671332e-02  -5.3906587e-02   4.0106071e-03   2.0718590e-04   1.6417404e-03
   2.1553102e-02  -1.1271061e-01  -9.0716276e-02   2.0473317e-03   5.4525335e-05   1.6340495e-03
   2.7026279e-02  -8.0318129e-02  -7.0977549e-02   3.1737471e-03   7.1060460e-05   1.6035103e-03
   2.0766382e-02  -9.7434778e-02  -8.8264566e-02   2.3766397e-03   5.1011778e-05   1.4607619e-03
   1.2913018e-02  -5.5102945e-02  -7.9693257e-02   3.7065273e-03   1.2965313e-04   1.8859300e-03
   8.5159915e-03  -5.6019745e-02  -8.3318552e-02   2.7226805e-03   3.8423130e-05   1.6356988e-03
   6.4591120e-03  -8.1950369e-02  -7.6177305e-02   3.5769685e-03   1.7023773e-04   1.6993482e-03
   1.3615501e-02  -1.1185975e-01  -9.5643408e-02   2.2902129e-03   6.6642646e-06   1.5802606e-03
   1.4553666e-02  -1.0799562e-01  -7.5718007e-02   2.6443733e-03   3.9153780e-04   1.5886532e-03
   2.0473654e-02  -1.4774759e-01  -1.0351094e-01   8.3503416e-04   2.1286865e-04   1.4826800e-03
   1.3776385e-02  -1.3108291e-01  -8.0737908e-02   2.0711938e-03   5.5493046e-04   2.0372881e-03
   1.5609040e-02  -1.6758767e-01  -1.1365581e-01   4.3408235e-04   2.5801680e-04   1.8541849e-03
   1.5173683e-02  -1.3540747e-01  -9.4215567e-02   1.8242354e-03   4.2204280e-04   1.7558654e-03
   2.2363485e-02  -1.5992000e-01  -1.1133419e-01   7.7395115e-04   1.7024808e-04   1.6278940e-03
   1.9653848e-02  -1.5917079e-01  -9.5313942e-02   2.2296049e-03   6.4303983e-04   1.5867126e-03
   3.1322385e-02  -1.8422917e-01  -1.1009092e-01   7.0700083e-04   4.4807586e-04   1.5920459e-03
   2.2919360e-02  -1.5751822e-01  -8.1043764e-02   2.1562844e-03   7.0109584e-04   1.6915950e-03
   1.6650124e-02  -1.6620746e-01  -7.1920630e-02   1.5399340e-03   5.2446534e-04   1.6343224e-03
   1.6112382e-02  -1.6233280e-01  -5.9592843e-02   2.2610487e-03   6.5871089e-04   1.7147584e-03
   2.7676103e-02  -1.7031693e-01  -5.8397525e-02   1.6759359e-03   1.6200330e-04   1.7301535e-03
   2.1100601e-02  -1.9788490e-01  -6.1609683e-02   1.9134428e-03   4.7073405e-04   1.5162968e-03
   2.2310302e-02  -2.0710500e-01  -6.5119818e-02   1.5929963e-03   3.0228178e-04   1.7099208e-03
   2.5105997e-02  -2.0023298e-01  -7.9016858e-02   1.6521236e-03   4.8890448e-04   1.5168664e-03
   3.5679855e-02  -1.9466372e-01  -7.7263362e-02   1.6396558e-03   3.5784735e-04   1.3623818e-03
   2.9909771e-02  -1.8648268e-01  -9.3893343e-02   2.0474062e-03   6.0240034e-04   1.2617986e-03
   2.9648055e-02  -1.9402852e-01  -9.1545773e-02   1.7180394e-03   3.4910983e-04   1.1005355e-03
   2.0423484e-02  -1.8955717e-01  -1.0546794e-01   1.5617209e-03   5.9259202e-04   1.1054253e-03
   2.1720739e-02  -1.8408010e-01  -1.1088547e-01   1.7556376e-03   3.2910398e-04   1.3018205e-03
   1.4315885e-02  -1.5598012e-01  -1.1335552e-01   2.1282199e-03   4.1171807e-04   1.1696682e-03
   2.0131224e-02  -1.5789954e-01  -1.0387803e-01   2.4108022e-03   2.3285656e-04   1.2330976e-03
   1.7547105e-02  -1.8689343e-01  -1.0363466e-01   2.8341254e-03   5.6705939e-04   1.2776464e-03
   1.5286395e-02  -2.1305933e-01  -9.1516787e-02   1.5889642e-03   5.2821578e-04   1.1193447e-03
   9.9291693e-03  -2.0186229e-01  -9.2453502e-02   1.8030367e-03   5.7231045e-04   9.7779470e-04
   1.6627501e-02  -2.1207838e-01  -9.8923148e-02   1.7542784e-03   3.0839952e-04   1.1221137e-03
   4.3897428e-03  -1.8402874e-01  -8.1852899e-02   2.7833951e-03   5.8128757e-04   1.2874872e-03
   1.6826872e-02  -2.0113962e-01  -8.9045638e-02   2.4997339e-03   1.4610777e-04   1.3388903e-03
   1.3123111e-02  -2.1046400e-01  -9.7990306e-02   3.4086568e-03   4.9952954e-04   1.3879400e-03
   2.4468997e-02  -2.0172645e-01  -1.0171719e-01   2.7427801e-03   2.5751496e-04   1.2319167e-03
   1.6439577e-02  -2.1733199e-01  -1.0497117e-01   2.8815318e-03   4.5488595e-04   1.2819125e-03
   2.2930552e-02  -2.5118597e-01  -1.1134691e-01   1.6371528e-03   3.5530994e-04   1.3817698e-03
   2.5754986e-02  -2.4001038e-01  -1.3094960e-01   1.9662845e-03   6.0073638e-04   1.2743478e-03
   3.5114095e-02  -2.4889578e-01  -1.3593262e-01   1.3553262e-03   4.1635920e-04   1.0473834e-03
   1.8852425e-02  -2.1369615e-01  -1.4106357e-01   2.3244378e-03   9.5824969e-04   8.1335070e-04
   2.7450198e-02  -2.2166225e-01  -1.4348714e-01   1.6495534e-03   5.7575476e-04   7.3322701e-04
   2.6440441e-02  -1.9966709e-01  -1.3203647e-01   2.7254475e-03   8.4971681e-04   5.4274581e-04
   3.5388091e-02  -2.2154197e-01  -1.0780460e-01   2.4882396e-03   5.3715214e-04   7.0250640e-04
   3.8723722e-02  -2.3539622e-01  -1.1640001e-01   2.6419847e-03   6.1174378e-04   8.8737241e-04
   4.0010779e-02  -2.3524468e-01  -8.7875642e-02   3.0606660e-03   2.2878444e-04   1.1235506e-03
   2.9451603e-02  -2.1527936e-01  -1.0280326e-01   3.5712351e-03   2.7602847e-04   1.0791067e-03
   2.8336926e-02  -2.1780348e-01  -1.1347193e-01   4.3077066e-03   7.4389345e-05   1.3955686e-03
   2.3511961e-02  -2.0630993e-01  -1.0998623e-01   3.6692486e-03   4.8421433e-05   1.4532622e-03
   2.3325588e-02  -2.1197775e-01  -8.2417544e-02   3.4625782e-03   2.2173411e-04   1.6492215e-03
   2.4613798e-02  -2.2748635e-01  -5.3591297e-02   4.7473650e-03  -7.6998431e-04   2.8678461e-03
   2.0839243e-02  -2.0682081e-01  -5.7309888e-02   4.0058987e-03   5.7823378e-05   1.4244129e-03
   1.2726034e-02  -1.6645471e-01  -3.9835882e-02   5.9753153e-03   2.8305331e-04   1.9614768e-03
   1.9166673e-02  -1.9288824e-01  -3.8775418e-02   5.2411640e-03   2.2654118e-04   1.9450282e-03
   2.6459600e-02  -2.1328772e-01  -1.6555555e-02   6.5011146e-03   2.4091074e-04   2.2971174e-03
   2.3159552e-02  -2.0712547e-01  -4.1411752e-02   5.1580600e-03   1.3695034e-04   2.0329336e-03
   3.2485966e-02  -1.9630708e-01  -3.7653866e-02   5.8581772e-03   1.7325561e-04   2.0572853e-03
   3.3316554e-02  -2.4917655e-01  -7.4461594e-02   4.7107665e-03  -1.3502591e-05   1.9127544e-03
   3.2999184e-02  -2.3469650e-01  -6.6394798e-02   5.6200261e-03   2.0803799e-04   2.0878074e-03
   3.0763515e-02  -2.5444463e-01  -1.1627405e-01   4.2910609e-03   9.5937816e-05   1.8856739e-03
   2.6330249e-02  -2.2386757e-01  -9.6686480e-02   5.2171575e-03   2.5071051e-04   2.1088340e-03
   3.3865944e-02  -2.6817870e-01  -1.3481949e-01   3.9474726e-03   2.7818516e-04   1.8087562e-03
   2.9345310e-02  -2.2101103e-01  -1.3608958e-01   4.5157773e-03   3.1718974e-04   2.2732940e-03
