   0.0000000e+00   0.0000000e+00  -7.1054274e-15  -4.3368087e-19   6.9388939e-18   3.0092655e-36
   1.4779251e-02   1.3114729e-02  -8.4342245e-03  -1.1640955e-03   2.1161732e-04   3.2266893e-05
   9.9320806e-03   1.8404726e-04  -2.7026371e-02  -5.1128618e-04   3.3292404e-04  -2.4578951e-04
   1.0018941e-02   3.7017912e-03  -3.2657588e-02   1.0431879e-04   2.0111641e-04  -2.3858531e-04
   3.3560577e-02  -2.9763693e-02  -5.4122808e-03  -1.8597086e-04   7.0543642e-04   3.6199018e-04
   4.2920938e-02   5.9616076e-03   2.0512377e-03  -1.2674284e-04   6.9153129e-04   3.2441432e-04
   3.9950025e-02  -1.6361014e-02  -7.5760362e-03  -6.8244408e-04   5.1997563e-04  -4.8697510e-05
   1.4253326e-02  -2.5227068e-02   1.8083055e-03   4.3745882e-04   9.5594211e-04  -6.7839993e-04
   3.5688057e-02  -6.7067868e-03  -9.3475760e-04  -1.0646277e-03   4.4761505e-04   4.7050635e-05
   3.1463553e-02  -3.5945201e-02  -1.3099355e-02  -3.3959652e-04   4.5636802e-04  -3.5470950e-04
   1.8519797e-02   8.1182938e-04  -1.1968204e-02  -5.2961882e-04   7.3931202e-04   1.1785743e-04
   5.1498886e-02  -7.2444835e-03  -3.3490330e-02  -1.2330630e-03   7.7588455e-04  -5.2954239e-05
   5.9479505e-02  -1.4962760e-02  -4.5703199e-02  -2.7556340e-04   6.0865167e-04   2.4503949e-04
   6.1269909e-02  -1.7956907e-03  -1.0326773e-01  -1.5897848e-03   6.9988801e-04  -6.7960073e-05
   4.2009239e-02  -2.6496366e-02  -7.8972507e-02  -3.7214131e-05   6.0953101e-04   3.6387146e-04
   4.8146777e-02  -2.1617788e-02  -7.5869432e-02  -1.2038006e-03   4.8157312e-04   1.2419281e-04
   3.4538042e-02  -1.8541897e-02  -7.5155918e-02  -1.2680941e-03   2.6780098e-04  -6.3853074e-05
  -2.7382018e-02  -5.1382461e-02  -5.9748346e-02   1.1039261e-03   3.8702448e-04  -1.4511858e-03
  -7.0523264e-03  -1.6537355e-02  -6.7286441e-02  -2.6360741e-04   4.0003364e-04  -7.4599995e-04
   6.9922609e-03  -3.4622556e-02  -3.5198790e-02  -3.4261791e-05   6.2829388e-04  -4.5571698e-04
   1.0010214e-02  -3.3790497e-02  -1.3180114e-02   3.1535092e-04   5.6505197e-04  -3.3201366e-05
   1.0220267e-03  -6.9833874e-02  -3.2495175e-02   5.0943732e-04   1.2393272e-03  -9.0606670e-04
  -2.2280220e-02  -6.6597403e-02  -2.2290746e-02   7.0267090e-04   1.0414080e-03  -2.6630577e-04
   5.5742504e-03  -5.5044907e-02  -8.4487825e-02  -3.6413276e-04   7.9499884e-04  -8.0641498e-04
   1.2413058e-02  -5.4023667e-02  -5.5713186e-02   6.7421587e-04   8.0472583e-04  -2.9683074e-04
   1.0855741e-02  -4.8428686e-02  -4.7939234e-02   4.6042076e-04   1.2039001e-03  -2.3888869e-04
   3.3228860e-02  -5.5892754e-02  -6.8993351e-02  -9.2654888e-04   7.0362003e-04  -1.1703480e-04
   1.4015774e-02  -8.4031815e-02  -4.3899404e-02   7.0173565e-04   7.0969254e-04  -2.3609148e-04
   1.0093005e-04  -7.3182781e-02  -4.5996826e-02  -6.6661236e-04   5.7217792e-04  -5.2909712e-04
  -1.9482196e-02  -4.5756108e-02  -1.5374408e-02  -3.1604806e-04   7.1635496e-04  -4.3928564e-04
  -2.2112845e-04  -2.7589637e-02  -6.2688268e-03  -1.2781438e-04   4.4474898e-04  -2.2908479e-04
   8.3506948e-03  -5.3301689e-02  -9.5307466e-02  -4.2645148e-05   4.1781550e-04  -5.2774664e-04
  -9.9661159e-02  -7.0523200e-02  -1.0465953e-01   6.1343127e-04   3.2778863e-04  -1.3677992e-03
  -4.2170574e-02  -3.9628761e-02  -1.1154664e-01   1.3424913e-04   5.2206041e-04  -1.0691829e-03
  -2.5847079e-02  -4.9215855e-02  -1.0310555e-01   8.9832799e-05   8.4408678e-04  -8.8460064e-04
  -1.4571271e-02  -4.5212367e-02  -9.4023828e-02  -5.5025649e-06   9.6362088e-04  -5.3920744e-04
  -1.7021141e-02  -5.1750815e-02  -9.5879340e-02  -6.1438926e-04   1.2276313e-03  -9.7113916e-04
  -4.0055613e-02  -5.4192188e-02  -1.0138181e-01  -9.5295619e-04   1.1815473e-03  -9.3560933e-04
  -3.2978052e-02  -5.3164487e-02  -8.5660368e-02   8.3400816e-05   9.7107208e-04  -1.3195275e-03
  -1.8254948e-02  -7.6142992e-02  -1.2569943e-01  -7.5583735e-04   1.0402777e-03  -1.3381310e-03
  -1.3204702e-02  -7.3143546e-02  -6.7100985e-02  -4.8495679e-04   1.1928542e-03  -8.4469050e-04
  -2.4630351e-03  -5.0624727e-02  -9.6917031e-02  -9.5775191e-04   1.1919200e-03  -1.1051466e-03
   1.9387314e-02  -7.3382773e-02  -8.0760369e-02  -6.4639838e-04   1.1458967e-03  -1.1623571e-03
   2.9638072e-02  -7.4466236e-02  -7.7574951e-02  -2.1031875e-04   1.2248646e-03  -1.3414187e-03
   2.8446700e-02  -1.0327454e-01  -7.2430317e-02  -1.1342671e-03   1.2158450e-03  -1.5868748e-03
   3.8600202e-02  -1.2918736e-01  -8.1855863e-02  -2.5356529e-04   9.9588278e-04  -1.1035736e-03
   4.8638597e-02  -1.0073488e-01  -7.9123938e-02  -7.7051538e-04   9.9649180e-04  -9.0025956e-04
   3.7451129e-02  -1.2880085e-01  -1.2308523e-01  -6.7785247e-04   8.7224182e-04  -1.6075575e-03
   3.5399022e-02  -1.4132897e-01  -9.0516846e-02  -1.0730075e-03   1.0929422e-03  -1.4067863e-03
   2.1966446e-02  -1.3014097e-01  -8.5252874e-02  -9.2177963e-04   1.2242923e-03  -1.5707406e-03
   2.8472104e-02  -2.0911938e-01  -1.4686628e-01  -9.0151436e-04   1.6179022e-03  -2.3052165e-03
  -7.2757926e-03  -2.7901940e-01  -7.8940009e-02  -2.5204949e-03   1.8573528e-03  -2.2605344e-03
  -3.6801037e-02  -2.1044402e-01  -1.1597971e-01  -7.2556404e-04   1.8515873e-03  -2.7244459e-03
  -5.5445984e-02  -2.0541245e-01  -1.2933682e-01  -8.5825236e-04   1.7388240e-03  -2.9640115e-03
  -5.0425721e-02  -2.1008223e-01  -1.0576174e-01   2.0840389e-04   1.4365945e-03  -2.7052110e-03
  -2.9261983e-02  -1.6030138e-01  -1.0729891e-01  -7.3605479e-04   9.4654948e-04  -2.0019858e-03
  -2.3246532e-02  -1.4500670e-01  -1.0333763e-01  -1.7938378e-03   1.1284288e-03  -2.1776543e-03
  -2.7608872e-02  -1.4299033e-01  -9.4591609e-02  -1.3955720e-03   1.2358559e-03  -2.0833427e-03
  -3.0036079e-02  -1.2928221e-01  -9.9542754e-02  -4.9956872e-04   1.4047053e-03  -2.1988819e-03
  -3.7922922e-03  -1.6835604e-01  -1.3985410e-01  -1.2331288e-03   1.0893953e-03  -2.4097967e-03
  -7.1426913e-03  -2.1421774e-01  -9.8655361e-02  -1.0756380e-03   1.3766298e-03  -2.6678658e-03
  -4.8894285e-02  -2.2557072e-01  -1.3924110e-01  -1.8519832e-03   1.3144920e-03  -2.7342866e-03
  -5.6084062e-02  -1.7165560e-01  -1.0095611e-01   3.5276425e-04   1.2674786e-03  -2.5978928e-03
  -5.1187611e-02  -1.3745716e-01  -1.2976617e-01  -1.4901157e-03   1.5340524e-03  -2.2262057e-03
  -4.2314600e-02  -1.6515283e-01  -1.2035345e-01  -6.3325627e-04   1.4565502e-03  -2.5521915e-03
  -1.4629031e-02  -1.6347607e-01  -1.0314045e-01  -6.6946311e-06   1.3582987e-03  -1.5387147e-03
  -1.5553693e-02  -1.9467971e-01  -1.3963639e-01  -1.0888274e-03   1.0900671e-03  -1.8908548e-03
  -3.1347664e-02  -2.0575909e-01  -1.0661527e-01   5.2712723e-05   1.3466063e-03  -1.8619437e-03
  -1.8274332e-02  -1.7920139e-01  -1.2356984e-01  -7.4118249e-04   1.2302350e-03  -1.9493025e-03
  -1.8080512e-02  -1.7516687e-01  -7.1530636e-02  -1.6365364e-03   1.6751921e-03  -1.6019216e-03
  -1.6527789e-02  -2.4353114e-01  -6.6847510e-02  -1.0605773e-04   1.2392132e-03  -1.7842473e-03
  -1.0203776e-03  -3.2261358e-01  -1.5607022e-01  -7.1935470e-04   3.9353596e-04  -2.6697529e-03
  -1.6006314e-02  -2.8365593e-01  -2.0619922e-01   8.7844846e-04  -1.1812234e-05  -2.7899321e-03
  -6.0803349e-02  -2.7563896e-01  -1.7176953e-01   5.0407641e-05   8.3870693e-04  -3.4316668e-03
  -6.0969590e-02  -2.9555436e-01  -1.6843181e-01   4.3499278e-05   6.5120114e-04  -4.1246970e-03
  -4.9752021e-02  -2.4219475e-01  -1.5143873e-01   1.2360322e-03   6.6945598e-04  -2.9942080e-03
  -5.2003896e-02  -2.1865575e-01  -1.4353005e-01   4.0435971e-05   9.9418474e-04  -2.7820102e-03
  -2.5639256e-02  -2.1211847e-01  -1.1841067e-01  -2.8122902e-03   6.6719720e-04  -2.8040133e-03
  -1.6614035e-02  -3.0710457e-01  -1.4505230e-01   7.6144746e-04   5.5780830e-04  -2.9054705e-03
  -2.6044729e-02  -2.6503902e-01  -1.7732304e-01  -2.1288528e-03   8.1151997e-04  -3.2345284e-03
  -1.4574980e-02  -2.6033378e-01  -1.7179723e-01  -5.1407804e-04   1.2267821e-03  -2.7971440e-03
  -2.5927076e-02  -2.4132015e-01  -1.8078112e-01  -1.1204483e-03   9.1763554e-04  -2.4974128e-03
  -5.5943672e-03  -2.3909937e-01  -1.6050823e-01  -1.8345018e-03   1.0496596e-03  -2.6572258e-03
   3.6893267e-03  -2.1323267e-01  -1.6884743e-01  -1.8671186e-03   7.1881184e-04  -2.1058537e-03
  -4.6193664e-03  -1.9763607e-01  -1.9430026e-01  -2.3193944e-03   7.8109532e-04  -2.7091598e-03
  -8.0617353e-03  -2.0709490e-01  -1.9567020e-01  -2.0422142e-03   7.3634033e-04  -2.6557022e-03
  -1.2324093e-02  -2.3132629e-01  -2.0888968e-01  -9.3737082e-04   4.7302945e-04  -2.7777268e-03
  -1.7664498e-02  -2.1156398e-01  -2.3062830e-01  -2.1153838e-03   7.5310850e-04  -2.9040751e-03
  -1.4297744e-02  -2.2423231e-01  -1.8731577e-01  -2.3910479e-04   8.1410687e-04  -2.3775677e-03
  -4.5530446e-03  -1.9436469e-01  -1.9464645e-01  -3.7294498e-04   5.8582623e-04  -1.9689041e-03
  -4.6491570e-03  -2.0538924e-01  -1.6286035e-01  -1.1559892e-03   8.1355296e-04  -2.1671587e-03
   4.0112063e-02  -2.1694398e-01  -1.8299711e-01  -4.9137845e-04   1.4284293e-03  -1.0021662e-03
   4.4336137e-02  -2.2617499e-01  -2.0950376e-01   3.2796052e-05   1.8297358e-03  -1.1949837e-03
   5.7551158e-02  -2.3505741e-01  -1.6970738e-01  -1.8574936e-03   1.8152698e-03  -1.4505907e-03
   5.1178984e-02  -2.2555472e-01  -1.7758110e-01  -1.4489808e-03   1.5431839e-03  -1.2791015e-03
   5.2107250e-02  -2.3069255e-01  -1.6208742e-01  -1.8656170e-03   1.7395578e-03  -1.3378915e-03
   3.5898027e-02  -2.5045689e-01  -1.7064927e-01  -2.4968116e-03   1.8935384e-03  -2.0677725e-03
   3.9082654e-02  -2.4630767e-01  -1.6534570e-01  -2.1921282e-03   1.6099640e-03  -1.2226740e-03
   3.6961822e-02  -2.5715221e-01  -2.2069287e-01  -1.4299704e-03   1.4770079e-03  -1.5389631e-03
   2.6250183e-02  -2.6984066e-01  -2.2880558e-01  -1.0680759e-03   1.7967429e-03  -2.1492426e-03
   4.0859010e-02  -2.5765306e-01  -2.4713196e-01  -9.5906793e-04   1.4894134e-03  -2.0961060e-03
   4.6062756e-02  -2.5292480e-01  -2.2248158e-01  -1.8467462e-03   1.5651144e-03  -1.6163051e-03
   6.0276504e-02  -2.4979486e-01  -2.8519369e-01  -3.6220068e-03   1.4361721e-03  -1.4448554e-03
  -7.9812296e-03  -2.9693786e-01  -2.8932647e-01  -9.8513101e-04   1.5460808e-03  -1.5366950e-03
  -2.8829934e-02  -3.0064868e-01  -2.8871543e-01  -6.3158582e-04   1.9251389e-03  -1.8756600e-03
   1.4913056e-02  -3.0956946e-01  -2.9516615e-01  -8.4831566e-04   2.3852248e-03  -2.1622000e-03
   5.3230965e-03  -2.8829859e-01  -2.6824049e-01  -1.4686380e-03   2.1194890e-03  -1.3224482e-03
   1.6090724e-02  -2.8473673e-01  -2.3727382e-01  -2.4486729e-03   2.3278994e-03  -2.1484307e-03
   1.7756339e-02  -2.6271505e-01  -2.4303509e-01  -2.1911966e-03   2.0785605e-03  -2.0951665e-03
   1.1808031e-02  -3.0479803e-01  -2.5878468e-01  -1.0817382e-03   1.9626662e-03  -2.0910697e-03
   3.8006191e-02  -3.3133521e-01  -3.5220025e-01  -8.2541064e-04   2.1946669e-03  -2.5538741e-03
  -6.6275280e-02  -3.5368408e-01  -3.4641896e-01  -3.8347759e-04   1.2915403e-03  -2.8878359e-03
  -3.1003909e-02  -3.3598708e-01  -3.3700637e-01  -1.4490982e-03   1.8423299e-03  -3.2443872e-03
  -5.5129018e-02  -2.9690244e-01  -3.0178783e-01  -7.8160623e-04   1.6709339e-03  -1.9326147e-03
  -5.8103960e-02  -3.0923648e-01  -2.8632976e-01  -1.9350709e-03   1.7558905e-03  -2.7858307e-03
  -5.3031910e-02  -3.2561721e-01  -2.8463268e-01  -1.2008377e-03   1.6675434e-03  -2.9502462e-03
  -4.4182364e-02  -3.2661218e-01  -2.8436487e-01  -7.3342953e-04   1.7247645e-03  -2.7054560e-03
  -9.3920389e-03  -3.1858629e-01  -2.9400137e-01  -2.0805024e-03   1.6630394e-03  -2.3060081e-03
  -2.1251173e-02  -3.3516807e-01  -3.0838193e-01  -1.2662135e-03   1.7672063e-03  -2.6580419e-03
  -4.2876025e-02  -3.3330092e-01  -3.0550980e-01  -1.2763201e-03   1.4663241e-03  -2.2740799e-03
  -4.3076540e-02  -3.2897142e-01  -2.8047054e-01  -2.0164066e-03   1.5822504e-03  -3.2477470e-03
  -6.5305936e-02  -3.3634628e-01  -2.8596110e-01  -1.0077468e-03   1.6038604e-03  -3.1559055e-03
  -6.9561460e-02  -3.2172004e-01  -3.2074949e-01  -9.8353132e-04   1.8231928e-03  -3.1531750e-03
  -4.0078335e-02  -3.1864007e-01  -3.3176700e-01  -1.5391152e-03   1.4531789e-03  -2.9166208e-03
  -6.1945966e-02  -3.2643518e-01  -2.9855143e-01  -3.2709663e-04   1.5457735e-03  -2.9615142e-03
  -6.1587419e-02  -2.8901108e-01  -3.0883820e-01  -3.2507893e-04   1.1361180e-03  -2.7135133e-03
  -4.1539745e-02  -3.1020527e-01  -3.0251151e-01  -7.3674256e-04   1.5403401e-03  -2.8007681e-03
  -7.8663779e-02  -3.0637590e-01  -2.8441369e-01  -3.9151097e-05   2.0935840e-03  -3.9458244e-03
  -5.4019898e-02  -3.3022389e-01  -3.0041153e-01  -1.1049023e-03   1.8814017e-03  -3.3747515e-03
  -2.7116699e-02  -3.2020060e-01  -3.1780878e-01  -2.6994610e-03   1.7916331e-03  -3.0308252e-03
  -4.5344770e-02  -3.3763069e-01  -2.8519385e-01  -1.8635244e-03   1.9304457e-03  -3.2907261e-03
  -3.8063497e-02  -3.4692208e-01  -3.2341894e-01  -1.6702242e-03   1.9668316e-03  -3.2983509e-03
  -5.9293496e-02  -3.8339157e-01  -3.1662497e-01  -9.7959547e-04   1.9820554e-03  -3.6184617e-03
  -7.1166151e-02  -3.8683516e-01  -3.2910376e-01  -5.4055402e-04   1.7399591e-03  -3.7691668e-03
  -8.5749493e-02  -3.9547134e-01  -3.1034920e-01  -2.0669918e-03   1.8798912e-03  -4.2225954e-03
  -9.0169436e-02  -3.9268252e-01  -3.2976156e-01  -1.6614721e-03   1.7890424e-03  -4.1900835e-03
  -8.5470356e-02  -3.7979089e-01  -3.3573536e-01  -6.2515716e-04   1.5931323e-03  -3.9769811e-03
  -5.8821173e-02  -3.7280991e-01  -3.6771687e-01   2.3146552e-05   1.3438190e-03  -3.3912037e-03
  -7.1901839e-02  -3.8587936e-01  -3.4477580e-01  -1.1641016e-03   1.7268074e-03  -3.8648353e-03
  -7.2122301e-02  -3.9376787e-01  -3.1568662e-01  -1.2524172e-03   1.8923202e-03  -3.9202956e-03
  -4.1847120e-02  -3.8000025e-01  -3.0479301e-01  -1.2154704e-03   1.8540798e-03  -3.6266139e-03
  -3.0615752e-02  -3.9344448e-01  -3.2146063e-01  -2.3653450e-03   1.7336610e-03  -3.7846764e-03
  -2.9551407e-02  -4.1176862e-01  -3.1595835e-01  -1.4464528e-03   2.0383582e-03  -3.7122249e-03
  -3.0871288e-02  -4.1429301e-01  -3.0065252e-01  -1.5064742e-03   1.9614186e-03  -3.1410443e-03
  -2.0208651e-02  -4.1919877e-01  -3.4226697e-01  -1.9925982e-03   1.7558301e-03  -3.9368028e-03
  -4.3320349e-02  -4.4675980e-01  -3.5360853e-01  -1.0250224e-03   2.1527723e-03  -4.2813206e-03
  -2.8772712e-02  -4.3672425e-01  -3.4581048e-01  -1.5761172e-04   1.7450737e-03  -3.8446037e-03
  -3.2254580e-02  -3.9779538e-01  -3.3093662e-01  -3.7191280e-04   1.9703429e-03  -4.2711707e-03
  -4.3850367e-02  -3.9433846e-01  -2.7599863e-01  -1.5310267e-04   1.8757062e-03  -4.2463965e-03
  -4.0400206e-02  -3.9561264e-01  -2.9642427e-01  -6.5613478e-04   1.7568199e-03  -3.7827082e-03
  -4.1265253e-02  -4.0458584e-01  -3.1410748e-01  -3.8424196e-04   1.8613503e-03  -4.2481097e-03
  -2.9928330e-02  -3.9906223e-01  -3.0675351e-01   1.2630179e-03   1.2858516e-03  -3.0159576e-03
   2.0721422e-02  -3.8607904e-01  -2.7228636e-01  -4.4249258e-04   2.0596656e-03  -3.2083582e-03
   4.5535678e-02  -3.9726192e-01  -2.9274137e-01  -2.3571552e-04   1.5278442e-03  -3.0741606e-03
   3.7076954e-02  -4.3189693e-01  -2.8283542e-01  -1.9273061e-04   1.5320900e-03  -3.0239506e-03
   3.7810132e-02  -4.0414591e-01  -3.5007733e-01  -1.6038002e-05   1.2928726e-03  -2.2617194e-03
   2.0199848e-02  -4.2709695e-01  -3.0354515e-01  -2.2336560e-03   1.7064757e-03  -3.3130366e-03
  -2.3850130e-02  -4.2245460e-01  -3.1704541e-01  -2.1189484e-03   1.8688183e-03  -3.5916267e-03
  -2.4170263e-02  -4.5159402e-01  -3.5777078e-01  -9.6041586e-04   2.0155901e-03  -3.3143854e-03
   6.2308506e-03  -4.3187626e-01  -3.4020507e-01  -1.5742446e-03   2.0777569e-03  -3.8370488e-03
   2.0536637e-02  -4.8628091e-01  -2.9782984e-01  -2.4506319e-03   1.8694493e-03  -4.3825490e-03
  -4.4949303e-02  -5.7332921e-01  -3.7381394e-01  -1.0899622e-03   3.1109286e-03  -5.7135987e-03
  -3.3338052e-02  -5.3420538e-01  -4.0611787e-01  -1.3645871e-03   3.6239579e-03  -4.9701551e-03
  -4.7312570e-02  -5.0067582e-01  -4.7755192e-01   3.8234711e-04   3.4445518e-03  -5.7981097e-03
  -5.2465848e-02  -4.8584808e-01  -4.4993537e-01   4.5446305e-04   2.9306589e-03  -5.3303117e-03
  -9.7218199e-02  -4.8114537e-01  -4.6615642e-01   3.9426644e-04   2.7311050e-03  -5.7680378e-03
  -1.0971342e-01  -4.9929560e-01  -4.1310622e-01   9.1001361e-05   2.5793481e-03  -6.0553951e-03
  -9.1673284e-02  -5.0712040e-01  -4.5357896e-01  -1.0534553e-03   2.5353926e-03  -5.7290722e-03
  -9.6673848e-02  -5.0043630e-01  -3.8469115e-01  -6.6848946e-04   2.4246130e-03  -5.8143802e-03
  -9.6607436e-02  -4.8277662e-01  -3.7307409e-01  -9.4778676e-04   2.5463196e-03  -5.9098466e-03
  -9.8456483e-02  -5.0603505e-01  -3.4622967e-01  -8.8158384e-04   2.8788923e-03  -6.1298597e-03
  -9.1348419e-02  -5.0815206e-01  -3.4527588e-01  -2.0290112e-04   2.4987964e-03  -5.4802641e-03
  -8.7553430e-02  -5.1876086e-01  -3.7123464e-01  -1.1667766e-03   2.6929395e-03  -5.9394725e-03
  -7.9007221e-02  -5.2553330e-01  -3.2007458e-01  -7.3925886e-04   2.5643229e-03  -5.2201468e-03
  -8.4345741e-02  -5.2515702e-01  -3.3881053e-01  -1.2613185e-03   2.6201687e-03  -5.2557389e-03
  -7.3934635e-02  -5.4262508e-01  -3.3126512e-01  -1.8723095e-03   2.6436115e-03  -5.4425974e-03
  -8.4554494e-02  -5.3420383e-01  -3.4109922e-01  -8.6586399e-04   2.5898495e-03  -5.2554190e-03
  -8.2880750e-02  -5.1911179e-01  -3.5900757e-01  -1.4606587e-03   2.5605536e-03  -5.2644545e-03
  -9.8431454e-02  -5.4140844e-01  -3.6775472e-01  -1.3925934e-03   2.7494379e-03  -6.1137031e-03
  -9.5243407e-02  -5.4470912e-01  -3.7444209e-01  -2.7168037e-04   2.7184852e-03  -5.3234367e-03
  -1.0233765e-01  -5.2892880e-01  -3.8698172e-01  -4.3253172e-04   2.3947108e-03  -5.6555170e-03
  -9.4520350e-02  -5.1661386e-01  -3.9973325e-01  -1.0388503e-03   2.4429679e-03  -5.6175416e-03
  -1.1621397e-01  -4.9943924e-01  -3.8703173e-01  -1.1812689e-03   2.5743888e-03  -5.8609850e-03
  -1.2271681e-01  -5.0372895e-01  -3.8977574e-01  -3.3161288e-04   2.2242045e-03  -5.0391474e-03
  -8.9426881e-02  -5.1062174e-01  -3.9551901e-01  -8.2398867e-04   2.1368328e-03  -5.1257503e-03
  -9.6494698e-02  -5.1001740e-01  -4.1689247e-01  -1.0537956e-03   2.4045738e-03  -5.5985843e-03
  -8.5231456e-02  -5.1370225e-01  -3.9539096e-01  -1.9143458e-04   2.5382735e-03  -5.4546161e-03
  -9.4064803e-02  -5.1599880e-01  -4.1709300e-01  -1.3244617e-03   2.3170135e-03  -5.6696714e-03
  -1.0460456e-01  -5.3297390e-01  -4.2005555e-01  -9.1508136e-04   2.4855163e-03  -5.6050623e-03
  -9.2848713e-02  -5.3942078e-01  -4.0331725e-01  -1.6208274e-04   2.4736228e-03  -5.7071918e-03
  -9.1711564e-02  -5.2672696e-01  -4.1491990e-01  -5.6944467e-04   2.5734187e-03  -5.6610608e-03
  -9.3456521e-02  -5.6026413e-01  -4.0179341e-01  -8.0563221e-04   2.6095233e-03  -6.0664762e-03
  -3.8612878e-02  -5.8444341e-01  -4.1801762e-01   2.4694144e-05   2.2813717e-03  -5.7792233e-03
  -3.5342898e-02  -5.6646348e-01  -4.0042403e-01  -8.1973741e-04   2.5632900e-03  -5.6446660e-03
  -5.1436132e-02  -5.5177034e-01  -4.4931836e-01  -5.4545614e-04   2.4438809e-03  -5.8454254e-03
  -4.6926532e-02  -5.7250415e-01  -4.4213534e-01   3.5249741e-04   2.2044485e-03  -5.5175011e-03
  -6.4098403e-02  -5.6563626e-01  -4.5270894e-01   1.1035575e-03   2.3511636e-03  -5.6027326e-03
  -5.7674695e-02  -5.6661006e-01  -4.4977844e-01  -3.2582293e-04   2.6059019e-03  -6.0637560e-03
  -5.2744762e-02  -5.7452374e-01  -4.3923638e-01  -1.8862174e-03   2.4643079e-03  -6.2489081e-03
  -7.4657185e-02  -5.8780006e-01  -4.3190403e-01  -1.1028074e-03   2.6042718e-03  -6.5933547e-03
  -7.8131489e-02  -5.9376759e-01  -4.3149820e-01  -7.0970424e-04   2.5818252e-03  -6.5465563e-03
  -8.4360080e-02  -6.4480269e-01  -4.6097574e-01  -1.2660587e-03   2.6588773e-03  -6.8073085e-03
  -1.2803179e-01  -6.4768356e-01  -4.4971017e-01  -2.1006780e-03   1.9849977e-03  -7.6592708e-03
  -1.7245688e-01  -6.6216898e-01  -4.8394086e-01  -1.5585419e-03   2.5158473e-03  -9.0141697e-03
  -1.8161472e-01  -6.0881267e-01  -4.8754056e-01   1.8465314e-04   2.0588617e-03  -8.3828464e-03
  -1.7890716e-01  -6.2067837e-01  -4.5589703e-01  -1.1877163e-03   2.0636450e-03  -8.8499978e-03
  -1.7705912e-01  -6.2190358e-01  -4.1098718e-01  -3.4423544e-04   2.1852788e-03  -7.6992735e-03
  -1.6686544e-01  -6.2894966e-01  -4.3991668e-01  -1.3669570e-03   2.4537641e-03  -8.1739711e-03
  -1.4062446e-01  -6.3687665e-01  -4.4017884e-01  -4.8119344e-04   2.3395674e-03  -7.1236540e-03
  -1.2401276e-01  -5.9770534e-01  -3.9420494e-01  -6.4426398e-04   2.5263154e-03  -7.3240880e-03
