   0.0000000e+00   0.0000000e+00   1.4210855e-14   0.0000000e+00   0.0000000e+00   0.0000000e+00
  -1.7111871e-03   9.0640279e-02   4.3889140e-02   2.7039237e-04   1.3315996e-04   3.6260894e-04
   7.0070782e-03   7.8002137e-02   9.8753793e-03   6.7992687e-04  -2.9793865e-04   1.0526703e-03
  -6.7377592e-03   7.6878378e-02   4.2530881e-02   6.0788910e-05   3.7898327e-04   7.4810197e-04
  -8.3851901e-04   8.2665637e-02   1.9890428e-02   1.2192548e-03   3.1785540e-04   9.0089475e-04
   4.5154745e-03   5.2445243e-02   2.4917502e-02   2.6970420e-04   4.6126085e-04   1.0528025e-03
  -1.0153422e-02   1.3406016e-01   2.7610405e-02   1.3617963e-03   7.4522336e-04   1.2495589e-03
   3.7838948e-03   3.9211481e-02   1.7572119e-02   6.0187063e-04   8.5269992e-04   1.2503273e-03
  -1.5321813e-02   7.8593401e-02   7.3366523e-02   1.8298755e-03   6.2056911e-04   2.8401038e-04
  -1.8041937e-02  -1.2199904e-02   6.6365634e-02   1.1673995e-03  -4.5168657e-04   1.5703723e-04
   2.7799809e-02   6.6816096e-02   8.9903524e-02  -3.5993820e-04  -1.1484139e-03  -7.4147110e-04
  -1.1257246e-01  -3.3538898e-02  -3.8790667e-02   3.6234326e-03  -1.5510213e-04   3.3051936e-03
  -7.8827579e-03  -3.8825914e-01  -5.4057871e-02  -5.6650395e-03  -2.8756760e-04   1.2050382e-03
  -2.9832945e-02  -1.4645543e-01   2.3791958e-01  -1.4831493e-03  -5.7785256e-04   1.1192258e-03
  -2.4894162e-03  -1.8962676e-01   3.7033604e-01  -7.1008215e-04   1.2973141e-03   1.2233685e-03
   5.5571355e-03  -4.0343294e-01   4.5707933e-01  -1.0871739e-03   3.5525944e-04   9.4064832e-04
  -2.5156736e-02  -3.3674720e-01   2.6765538e-01  -2.3652715e-03  -1.1274680e-03   1.6294204e-03
  -4.3882819e-02  -4.1183087e-01   2.6028737e-01  -6.2543328e-03  -1.1351096e-03   1.1119663e-03
  -6.4287518e-02  -2.7412849e-01   3.7687655e-01  -4.5964948e-03  -4.0559989e-04   1.1949009e-03
  -7.0388998e-02  -2.8412989e-01   4.5162271e-01  -2.9119827e-03  -9.5265696e-06   1.3481030e-03
  -8.6645291e-02  -2.3243433e-01   4.5692377e-01  -4.0871885e-03   2.8496534e-04   1.5186834e-03
  -9.2760725e-02  -2.3477119e-01   4.5747526e-01  -3.1725863e-03   5.6629818e-04   1.6580909e-03
  -9.4930659e-02  -2.6543918e-01   4.5974180e-01  -4.4648470e-03   4.2025081e-04   1.6739930e-03
  -9.8467189e-02  -2.2777140e-01   4.7729968e-01  -3.4170894e-03   9.7711021e-04   1.4112555e-03
  -9.5140179e-02  -2.7725582e-01   4.3992001e-01  -4.2416236e-03   6.2279451e-04   1.6428125e-03
  -1.0408073e-01  -2.1451038e-01   4.6229311e-01  -3.0557223e-03   4.4327246e-04   1.5127805e-03
  -1.0041672e-01  -2.6226447e-01   4.1587388e-01  -4.2883904e-03  -1.0781115e-03   1.5304474e-03
  -9.6324483e-02  -1.9326681e-01   4.8986888e-01  -4.0709290e-03  -2.3743683e-04   1.2597540e-03
  -4.7641113e-02  -3.5771455e-01   6.3475026e-01  -4.9293527e-03  -1.8091518e-04   5.6969637e-04
   2.5301660e-03  -4.0349717e-01   5.6989885e-01  -4.2899419e-03   1.0755904e-03  -7.4711984e-04
  -2.6484379e-02  -3.9877824e-01   4.7267047e-01  -4.6769382e-03  -2.2411951e-04  -1.0590386e-04
  -4.2488049e-02  -3.3361682e-01   3.9043466e-01  -4.7233512e-03  -3.6235969e-04   3.8043219e-04
  -4.7188183e-02  -2.6434888e-01   4.6487059e-01  -3.7103892e-03  -5.4065745e-04   5.8647899e-04
  -4.5260201e-02  -3.1249724e-01   5.0816662e-01  -2.9901566e-03   5.3071480e-04   6.6387268e-04
  -7.0314778e-02  -2.7039506e-01   5.7154132e-01  -3.2634369e-03   7.8963790e-04   3.5861583e-04
  -5.7361198e-02  -3.3953275e-01   5.6360336e-01  -3.2035300e-03  -1.1850222e-04   5.3351843e-04
  -5.9312532e-02  -2.8035644e-01   5.7601899e-01  -3.7714221e-03  -9.6587628e-04   6.8586726e-04
  -3.4656472e-02  -3.5534171e-01   5.1469006e-01  -4.5228122e-03   1.0670898e-04   1.2040217e-04
  -2.2913589e-02  -1.9516332e-01   5.3827108e-01  -4.2549456e-03  -1.8816141e-04  -1.2798404e-04
  -1.9016308e-02  -2.9205791e-01   5.0648503e-01  -4.5536872e-03   7.8355904e-05   3.2708878e-04
  -2.6638349e-02  -1.9306454e-01   5.4052275e-01  -3.9108516e-03  -3.1766411e-04   2.1201439e-04
  -3.1493200e-02  -2.1936010e-01   5.2257245e-01  -3.6524731e-03  -5.8400440e-04  -3.9343866e-04
  -5.1622210e-02  -2.8743230e-01   5.4332009e-01  -4.6488704e-03  -6.5018595e-04   3.9313380e-04
  -5.5915545e-02  -2.9427705e-01   5.4527709e-01  -3.6782604e-03  -8.2924784e-04  -1.4016368e-04
  -5.2607865e-02  -3.1410779e-01   5.3502966e-01  -3.8068382e-03  -8.6810185e-04   6.6311045e-04
  -4.7469000e-02  -2.4123629e-01   5.6127925e-01  -3.3330689e-03  -4.5392384e-04   2.5489383e-04
  -4.8737522e-02  -3.2547239e-01   5.5904260e-01  -3.3336296e-03  -1.4984568e-04   9.4850221e-06
  -3.3416231e-02  -2.1617241e-01   4.4396048e-01  -2.5270402e-03   1.3087179e-04  -2.4058764e-04
  -3.8721322e-02  -3.4423686e-01   5.1255677e-01  -3.4337925e-03  -6.8668721e-04  -1.3614259e-04
  -6.1174721e-02  -2.5476029e-01   3.1915365e-01  -3.6548674e-03   1.0949089e-04  -8.6866524e-04
  -4.8032538e-02  -3.2221876e-01   2.9543894e-01  -4.5266291e-03   8.0995322e-04   1.2818683e-04
  -1.7302521e-03  -1.4529391e-01   1.7182158e-01  -2.7460545e-03   8.1816312e-05  -2.5339216e-04
  -2.4813432e-02  -2.9030533e-01   3.4236342e-01  -4.1735676e-03  -6.2150384e-04   8.3013808e-04
  -5.3340156e-02  -1.7750983e-01   4.4165990e-01  -2.5526623e-03  -4.1286626e-04   1.4947927e-03
  -7.2210034e-02  -2.1569669e-01   1.8764493e-01  -1.8885057e-03  -2.5781767e-04  -3.5839249e-05
  -6.7555942e-02  -1.8070572e-01   3.2042548e-01  -3.5565012e-03   3.0569235e-04   1.1718198e-04
  -3.0146259e-02  -1.7705657e-01   2.4398130e-01  -1.6077592e-03   7.5409309e-04   4.3174224e-04
  -2.6267930e-02  -2.1607263e-01   3.4939262e-01  -2.7060384e-03   7.1567952e-04   1.0902604e-03
  -3.7905281e-02  -1.8796547e-01   3.6780477e-01  -1.9509701e-03   4.0740623e-04   3.9216141e-04
  -4.7294091e-02  -2.6682887e-01   3.6617477e-01  -2.8846726e-03   2.0892436e-04   5.5749496e-04
  -2.3808333e-02  -1.3179776e-01   2.7667124e-01  -1.6674409e-03   3.4727673e-04  -1.9978851e-04
  -2.3027819e-02  -2.4304939e-01   3.2964453e-01  -1.8981713e-03   9.9351779e-04   1.2411667e-04
  -3.2429805e-02  -1.5874705e-01   3.2596597e-01  -1.2155845e-03   1.0283390e-03  -1.5434286e-04
  -1.8778599e-02  -1.9948913e-01   2.2635035e-01  -1.2923464e-03   8.1694271e-04   5.3858490e-04
  -3.9069692e-02  -1.1016806e-01   3.0622946e-01  -1.6241743e-03   1.3324930e-03   9.8491113e-04
  -3.5107291e-02  -1.9412631e-01   2.9564915e-01  -7.4621729e-04   1.5748620e-03   1.0472016e-03
  -1.3868771e-03  -1.3517072e-01   2.7428783e-01  -9.0740795e-04   8.1630826e-04   5.2949814e-04
   6.5389359e-03  -1.3122212e-01   2.2029803e-01   9.1458127e-05   8.9084609e-04   2.8308237e-04
  -1.4277993e-02  -1.8704887e-01   3.3632983e-01  -1.7741502e-03   1.0801003e-03   6.9544250e-04
  -2.5481135e-02  -1.9744322e-01   2.6173403e-01  -3.7214344e-04   1.1522492e-03   6.8181596e-04
  -1.9088732e-02  -1.9072001e-01   2.7067732e-01  -1.6699713e-03   6.1600083e-04   8.8392936e-04
   1.0254702e-02  -1.2848208e-01   1.1696940e-01   3.5302370e-04   8.6461128e-04   2.7298594e-04
   1.1528989e-02  -1.6491017e-01   1.1788313e-01  -1.1815718e-03   6.9260434e-04   4.6163372e-04
   1.7310358e-02  -5.9355992e-02   1.0167012e-01  -5.5125008e-04   9.5437635e-04   3.6668331e-04
   3.0699936e-02  -9.9144687e-02   7.3290085e-02  -6.5556388e-04   6.2326459e-04   5.3126830e-04
   2.0475313e-02  -1.0902347e-01   1.0945445e-01  -1.4021297e-03   4.2558691e-04   7.0392382e-04
   2.0025362e-02  -1.0199398e-01   1.4227518e-01  -6.5294851e-04   6.2658503e-04   6.3407855e-04
   6.5258297e-03  -2.0162847e-01   1.2537602e-01  -4.9706132e-04   6.5470977e-04   5.5477883e-04
  -8.6847958e-03  -7.8693178e-02   2.5900738e-01  -1.5333117e-03   2.0831625e-04   8.3927211e-04
  -1.4228515e-02  -1.2493617e-01   3.2435872e-01  -1.0893647e-04   1.0351141e-03   8.1516933e-04
  -2.3164817e-02  -1.1828593e-01   2.9120718e-01  -8.7636881e-04   1.3751635e-03   1.1588180e-03
  -3.5611651e-02  -5.0700517e-02   3.1598081e-01  -3.0289897e-04   1.6764807e-03   8.1742760e-04
  -1.8046997e-02  -1.3587870e-01   2.8600422e-01   3.2017440e-04   8.1934147e-04   3.6085632e-04
  -2.6327429e-02  -1.1573819e-01   3.3798227e-01  -9.7399538e-04   7.0605080e-04   4.6297786e-04
  -3.9142920e-03  -1.1372219e-01   3.7633412e-01   7.1012987e-04   1.5277873e-03   3.1524154e-04
  -3.4619667e-02  -1.8354942e-01   3.6083248e-01  -7.1360602e-04   9.0703449e-04   1.2388062e-03
  -4.7825747e-02  -1.4967659e-01   4.1398741e-01  -4.5668973e-04   8.4293583e-04   1.3483965e-03
  -3.5635511e-02  -1.5519791e-01   4.0305982e-01   1.1450502e-04   4.4644938e-04   8.6425014e-04
  -5.1720539e-02  -1.8965151e-01   4.4097891e-01  -3.1964280e-04   7.3186806e-04   1.3224363e-03
  -6.0092948e-02  -1.1841435e-01   4.5108557e-01   5.3670563e-04   1.0212277e-03   1.3398889e-03
  -4.6752385e-02  -2.1100882e-01   3.6823351e-01  -4.8761088e-04   1.1073315e-03   1.0781958e-03
  -1.9658902e-02  -1.2019293e-01   2.8917900e-01   1.0141699e-05   1.1953511e-03   7.8520801e-04
  -3.2333518e-02  -2.2909443e-01   3.9150263e-01  -8.2038101e-04   8.6684110e-04   1.4061473e-03
  -6.6975167e-03  -1.5095836e-01   3.3937080e-01   1.3938472e-04   4.4801881e-04   7.7301104e-04
  -1.3751688e-02  -2.2636810e-01   3.5489243e-01  -6.2228462e-04   2.5948684e-04   8.2459615e-04
  -2.1526498e-02  -1.7554366e-01   3.6384534e-01  -3.9731973e-04   3.3735110e-04   7.9728023e-04
  -3.4393527e-02  -2.0320313e-01   3.5036122e-01  -4.3195136e-04   9.5210434e-04   9.6691393e-04
  -4.5640570e-02  -2.6719649e-01   3.8536329e-01  -6.7909848e-04   1.7643910e-03   1.1026527e-03
  -3.6393657e-02  -2.1319728e-01   3.9207788e-01   7.2008092e-04   1.4459558e-03   6.5309249e-04
  -3.0687782e-02  -2.4692899e-01   3.7684105e-01   6.1711668e-04   1.4828330e-03   8.9914733e-04
  -3.3529540e-02  -1.9758382e-01   4.3040812e-01   8.4195261e-04   1.9038945e-03   7.4710377e-04
  -3.9439146e-02  -1.8496412e-01   3.9522332e-01   1.4035650e-03   2.1086625e-03   6.9356040e-04
  -3.9927863e-02  -2.0618527e-01   4.1063136e-01   5.0687804e-04   2.0541347e-03   8.5063194e-04
   2.7717923e-02  -1.2901298e-01   4.5608610e-02   1.8999316e-03   1.5438095e-03   3.1607593e-05
  -1.1051355e-02  -2.0492553e-01   2.9629752e-01  -2.4665631e-04   1.4730248e-03   8.9624773e-04
   5.2113034e-03  -2.1571549e-01   2.4712094e-01   8.9161091e-05   2.0357037e-03   7.1759420e-04
   2.5989812e-02  -2.6658492e-01   2.9127174e-01  -4.6198021e-04   9.5453396e-04   1.7695897e-03
  -2.7046058e-03  -2.3042919e-01   2.7859746e-01   1.1650801e-03   1.7053539e-03   1.2288266e-03
  -2.2299318e-03  -2.4068964e-01   2.7439844e-01   7.9104578e-04   1.8555805e-03   7.5697363e-04
   1.3241841e-02  -1.3210361e-01   2.3696469e-01   1.5123903e-03   1.6383681e-03   6.3102830e-04
   9.5253253e-03  -1.8537929e-01   1.4069949e-01   1.1898159e-03   1.8769510e-03   9.5358982e-04
   3.3758947e-02  -1.1545580e-01   1.4077666e-01   7.4715967e-04   9.3639795e-04   9.9329948e-04
  -1.4846184e-03  -2.1274390e-01   2.7454759e-01   1.4056982e-03   5.1042838e-04   2.0784887e-03
  -1.2014469e-02  -1.6236276e-01   3.1105297e-01   1.1504759e-03   1.0379519e-03   1.9122068e-03
  -6.4559326e-03  -2.2308515e-01   2.4275039e-01   1.1690397e-03   1.1646565e-03   1.7587769e-03
   2.1941552e-02  -1.1186562e-01   2.0137619e-01   1.7612662e-03   1.1729538e-03   1.0716465e-03
   1.5801344e-02  -2.2669617e-01   1.5108983e-01   4.3750801e-04   1.2244941e-03   8.9789873e-04
   2.2915112e-02  -1.5812155e-01   1.9536483e-01   8.1373760e-04   1.1307903e-03   7.0409498e-04
  -4.1964155e-03  -2.8799660e-01   2.1022200e-01  -2.3795325e-05   1.3595181e-03   1.0813232e-03
  -3.5186302e-02  -2.2214669e-01   3.1680812e-01   9.4872408e-04   1.6983178e-03   1.4468232e-03
  -1.6699918e-02  -3.2751499e-01   2.8044727e-01   3.4978057e-04   1.3616212e-03   1.6770430e-03
  -1.1095795e-02  -2.2644767e-01   2.4578876e-01   1.6476662e-03   1.4672900e-03   1.6141832e-03
  -2.1426264e-02  -3.3321911e-01   2.3025817e-01  -1.6599404e-04   1.3837765e-03   2.1191749e-03
   2.1367510e-02  -1.9032230e-01   1.4742240e-01   1.6009004e-03   1.0366181e-03   1.2824966e-03
   5.6504087e-03  -2.9639882e-01   2.2796922e-01   1.0079212e-04   7.9316434e-04   1.7143285e-03
   2.0994255e-02  -2.2587319e-01   1.7596901e-01   1.0931373e-03   1.3059888e-03   1.3247003e-03
   1.9884235e-02  -3.3783893e-01   1.6660059e-01  -4.1667464e-04   1.2823391e-03   1.4680842e-03
   4.9587796e-02  -1.8554348e-01   1.0931735e-01   1.5389105e-03   9.6725205e-04   1.0535233e-03
   5.6221746e-02  -1.9103779e-01   4.1570920e-02   1.2257956e-03   9.4576251e-04   9.1403962e-04
   3.0135322e-02  -2.2804575e-01   1.9270568e-01  -1.9206604e-04   8.3293572e-04   1.5213965e-03
   4.8172377e-02  -1.3582184e-01   2.1175957e-02   1.7706353e-03   1.1176031e-03   1.2317863e-03
   3.7157767e-02  -2.6321418e-01   1.4762335e-01  -9.1663230e-05   2.5626809e-04   1.8028234e-03
   4.2755033e-02  -1.9695648e-01   7.9925554e-02   2.1241237e-03   6.5297262e-04   1.3001998e-03
   2.6906672e-02  -3.0633244e-01   1.7121698e-01   6.7293950e-05   7.2262779e-04   1.6081917e-03
   2.8998238e-02  -1.8920447e-01   3.9245625e-02   2.0159006e-03   1.4000908e-03   1.1346163e-03
   2.6815841e-02  -3.2392036e-01   1.2040379e-01  -1.5239219e-04   9.7752972e-04   1.3240600e-03
   2.9060049e-02  -2.5249931e-01   4.2583542e-02   1.0785527e-03   1.3420760e-03   9.9355470e-04
   3.0404812e-02  -3.2046864e-01   1.1942534e-01  -9.7007764e-04   1.0018626e-03   1.1193663e-03
   6.2803846e-02  -2.2147336e-01   4.2607733e-02   1.8029803e-03   1.0780773e-03   7.1716202e-04
   4.9817706e-02  -2.9842401e-01   7.7549270e-02  -3.8248348e-04   9.4420610e-04   1.1496693e-03
   4.8642954e-02  -2.3455031e-01   1.1357499e-01   1.0928297e-03   7.8141684e-04   1.3139315e-03
   2.8843875e-02  -3.0058980e-01   1.8470303e-01   1.0173191e-03   9.2090510e-04   1.3414018e-03
   1.8827728e-02  -3.2051666e-01   1.8734998e-01   1.8940869e-04   1.0516498e-03   1.3527499e-03
   1.9765605e-02  -2.8120304e-01   1.7112762e-01   1.7378223e-03   1.0735762e-03   1.4907420e-03
   2.4727028e-02  -2.9309022e-01   1.4131017e-01   8.1181251e-04   1.2999914e-03   1.5272064e-03
   2.2476935e-02  -2.8759569e-01   1.8132831e-01   4.1180319e-04   1.1128988e-03   1.5438952e-03
   4.6692734e-02  -2.3438202e-01  -1.3917868e-02   2.0600347e-03   9.5539301e-04   1.2349234e-03
   4.7709368e-02  -2.3253428e-01   7.5142048e-02   3.7654462e-04   4.1949585e-04   1.4827291e-03
   2.7385865e-02  -2.8576794e-01   6.3366583e-02   7.7278462e-04   1.0994797e-03   1.4131584e-03
   3.0856900e-02  -2.8121176e-01   1.0351800e-01   8.7457798e-05   1.1710654e-03   1.3263803e-03
   3.0182631e-02  -3.4132082e-01   5.1142136e-02   7.5539622e-04   1.3004617e-03   1.3426905e-03
   3.7887053e-02  -2.4928962e-01   7.0308252e-02   9.4934563e-04   9.7941426e-04   1.2352219e-03
   3.0827322e-02  -3.4571543e-01   8.7119318e-02   3.7636710e-04   1.1773968e-03   1.2522396e-03
   5.1757888e-03  -2.5720062e-01   1.4919873e-01   3.4877007e-04   1.6128316e-03   1.3039191e-03
   1.0323347e-02  -3.3247445e-01   1.0998824e-01   3.7969792e-04   1.3903571e-03   1.2230778e-03
  -4.9739652e-03  -2.6590093e-01   1.7107293e-01   4.8377810e-04   1.5698579e-03   1.2411225e-03
   1.3720896e-02  -2.8156762e-01   7.3254023e-02   8.8476105e-04   1.2660472e-03   1.0146546e-03
   1.1857449e-02  -3.1374964e-01   1.5300317e-01  -3.9901902e-04   1.2020810e-03   1.2382754e-03
   2.9617526e-02  -2.6837783e-01   6.8553894e-02   1.7193106e-03   1.4427812e-03   1.0657440e-03
   6.3711222e-03  -3.6539137e-01   1.7534934e-01  -2.9950128e-04   1.3320257e-03   1.5228056e-03
   2.1238266e-02  -2.5568025e-01   7.8645702e-02   1.4609044e-03   1.2145410e-03   1.2794276e-03
   8.9133586e-03  -3.6332278e-01   1.2512926e-01  -6.0884743e-04   9.9683874e-04   1.4101631e-03
   1.9271614e-02  -2.6353642e-01   4.7302855e-02   1.6871884e-03   1.1179902e-03   9.8628528e-04
   2.5719680e-02  -2.9446610e-01   3.1234845e-02   3.0375288e-04   1.2080094e-03   1.0823030e-03
   2.4874655e-02  -2.8099180e-01   8.1750000e-02   5.6038148e-04   1.2523980e-03   1.0740856e-03
   5.3900418e-02  -3.3345269e-01  -4.7754612e-02   1.2834349e-03   1.4214462e-03   9.2976701e-04
   5.8955356e-02  -3.2856692e-01   4.2308486e-02  -4.5062735e-04   4.6760325e-04   1.2647359e-03
   6.4309440e-02  -2.9238885e-01  -8.2707687e-02   2.0378384e-03   8.4314546e-04   1.0600348e-03
   5.6788024e-02  -3.7806658e-01   6.7997089e-02  -4.9422705e-04   6.8426677e-04   1.5374280e-03
   5.2552804e-02  -3.3092587e-01  -3.8609466e-02   1.3090287e-03   1.0613630e-03   1.3201305e-03
   4.7175982e-02  -4.7320767e-01   3.4570891e-02  -1.2572039e-03   8.3362746e-04   1.6181064e-03
   6.1618468e-02  -3.1784826e-01  -4.8418434e-02   2.3389165e-03   1.0028754e-03   1.2871521e-03
   5.5041177e-02  -3.7385040e-01  -3.1971248e-02   1.0059528e-04   1.0524341e-03   1.6106306e-03
   4.7063609e-02  -3.8530320e-01   4.2243145e-02  -4.6634149e-04   9.2172478e-04   1.6230076e-03
   5.8553291e-02  -3.4962071e-01  -6.5604964e-02   1.9473577e-03   9.9625052e-04   1.3833100e-03
   4.7520573e-02  -4.3915100e-01   6.2952087e-02  -4.4567147e-04   1.0023318e-03   1.5908294e-03
   3.1398015e-02  -3.4446257e-01   5.0800572e-04   2.0368294e-03   1.2739097e-03   1.6049958e-03
   3.6489355e-02  -4.9995086e-01   6.3221236e-02  -1.1439583e-03   1.0827296e-03   1.5992485e-03
   4.6235970e-02  -3.7667747e-01  -8.1315239e-02   1.5550715e-03   9.0607049e-04   1.1745107e-03
   3.7285247e-02  -4.7041694e-01   3.0341517e-02  -1.4354246e-03   7.7941388e-04   1.6221540e-03
   4.6875202e-02  -3.3021687e-01  -4.8015055e-02   1.8442379e-03   1.0382464e-03   1.2128626e-03
   3.4790580e-02  -4.4122456e-01   6.4008684e-02  -1.2440741e-03   9.5367686e-04   1.6724979e-03
   4.3758860e-02  -3.2035298e-01  -4.2892434e-02   1.9823645e-03   1.1097776e-03   1.3321229e-03
   2.5833651e-02  -4.2670789e-01   7.4865815e-02  -8.2763377e-04   1.1172251e-03   1.5830550e-03
   3.3192844e-02  -3.3397970e-01   3.6664312e-02   2.0729043e-03   1.2242721e-03   1.5092930e-03
   3.2693340e-02  -4.2989698e-01   4.7092714e-02   4.3726798e-04   9.8876336e-04   1.4911968e-03
   1.4449660e-02  -3.3498379e-01   8.3909815e-02   1.9496053e-03   9.9369804e-04   1.2840587e-03
   2.7334694e-02  -3.8583900e-01   5.3983127e-02   1.8848837e-03   9.5845700e-04   1.0994460e-03
   1.3070269e-02  -3.5277643e-01   1.3417978e-01   8.5317877e-04   1.4155939e-03   1.4937601e-03
   2.2522054e-02  -3.4728128e-01   1.6585093e-03   2.7044439e-03   1.2811856e-03   1.2986818e-03
   2.0094401e-02  -3.1450191e-01   1.4338466e-01   1.7065371e-03   1.3345419e-03   1.4645714e-03
   1.7082885e-02  -3.4723316e-01   1.9294358e-01   2.1780217e-03   1.0135893e-03   1.6734972e-03
  -6.8561925e-03  -3.6326134e-01   2.5480355e-01   9.6043665e-04   1.3000250e-03   1.7326644e-03
   8.1241848e-03  -4.4960310e-01   7.0502367e-02   1.0002119e-03   9.2955705e-04   1.4993247e-03
   2.7594195e-02  -3.3327915e-01   2.5295852e-02   1.0575463e-03   7.0192251e-04   1.4413244e-03
   2.6786655e-02  -4.7099620e-01  -6.2186572e-02  -9.4736205e-05   8.9905060e-04   1.4778237e-03
   4.9800243e-02  -2.8428800e-01  -7.3427298e-02   1.0994518e-03   8.3025391e-04   1.4484415e-03
   2.9476306e-02  -4.6293185e-01   4.0746302e-02  -8.5521143e-04   1.2713119e-03   1.4914593e-03
   1.8242027e-02  -3.4101541e-01   5.6499692e-02   1.3619400e-03   1.0604499e-03   1.2391926e-03
   2.4694289e-02  -4.4654365e-01   2.1434214e-02   7.4245700e-04   7.8756434e-04   1.4032921e-03
   2.5705099e-02  -3.5572346e-01   8.2487995e-02   1.4390332e-03   1.0204830e-03   1.1597987e-03
   3.9272004e-02  -3.7191086e-01  -2.9871993e-02   1.0885625e-03   1.0005329e-03   1.1215822e-03
   4.3530296e-02  -2.9753304e-01   5.6027712e-02   1.4703574e-03   9.8920547e-04   1.1937878e-03
   3.2640646e-02  -4.2218248e-01   4.8300485e-02   7.4681304e-04   1.1551711e-03   1.4593393e-03
   4.1462509e-02  -3.4073149e-01   3.7785939e-02   1.9563628e-03   1.2379879e-03   1.5797360e-03
   4.0806050e-02  -5.0162074e-01   7.1729678e-02   2.8682301e-04   1.1069387e-03   1.5610020e-03
   5.4359395e-02  -3.8530584e-01  -4.3236074e-02   2.2304202e-03   1.0845370e-03   1.4275322e-03
   4.8244209e-02  -4.8308997e-01   4.9223224e-02  -3.1590679e-04   9.9389961e-04   1.5306557e-03
   2.6892470e-02  -3.7350822e-01   1.8259847e-02   2.8717463e-03   2.0638296e-03   1.1541409e-03
   3.7386229e-02  -4.2386473e-01   2.8416604e-02   2.8031599e-04   1.4061131e-03   1.4395776e-03
