   0.0000000e+00  -1.4210855e-14   0.0000000e+00   0.0000000e+00   0.0000000e+00  -3.4694470e-18
  -1.1571271e-02   6.6285413e-03   2.9029694e-02  -7.8397011e-04   3.7290442e-04   4.4373905e-05
  -6.9817663e-05  -1.3989073e-02  -3.5531508e-03  -3.3567954e-04   7.5106532e-06   7.0613457e-04
   9.9765323e-03  -1.8710835e-02  -8.2815957e-03  -4.2795824e-04  -1.3271900e-04   7.1879989e-04
   1.8945523e-02  -1.6186750e-02  -9.4161363e-03  -1.8705502e-04  -3.7855505e-04   8.3897528e-04
   2.0880889e-02  -6.2289714e-03  -1.8302692e-02  -1.0947874e-03  -6.8478270e-04   5.8823939e-04
   1.8144993e-02  -2.0458399e-02   1.9171577e-02  -1.5154512e-04   3.8207544e-04   5.0079043e-04
   5.3993485e-04  -3.9461541e-02   7.5761139e-03   5.2888806e-04   6.8884322e-04   5.0492422e-04
   8.1878032e-03  -4.6827236e-02  -2.1359510e-02  -4.7428544e-04   4.0269179e-04   3.3916189e-04
   6.3472620e-03  -4.5889507e-02   1.7177721e-02   6.6438823e-05   3.4214527e-04   4.0347528e-04
   1.1367928e-02  -2.6943152e-02  -3.0840118e-02  -2.6973581e-04  -1.2876208e-04   4.0665343e-04
   1.5588072e-02  -2.7457322e-02  -2.3181617e-02  -5.4340106e-04  -2.8903672e-04   6.1386159e-04
   8.2370106e-03  -3.0432517e-02  -1.2649343e-02  -3.2090237e-04   7.9184270e-05   5.3801903e-04
   1.5223762e-02  -4.9256990e-02  -2.8284027e-02  -1.8175592e-04  -2.0708765e-04   3.9765099e-04
   1.1030928e-02  -5.7755042e-02  -2.4565677e-02  -3.7999789e-04  -3.0023363e-04   1.6125568e-04
   2.7229585e-02  -7.1290581e-02  -1.1654160e-02   4.8041901e-04   2.4778972e-04   1.4322807e-03
   7.2999220e-02  -5.6095445e-02  -1.1524433e-02  -4.4274058e-04   8.4776415e-05   2.4797326e-03
   5.6283339e-02  -5.4565728e-02  -2.7984933e-02  -5.6426408e-04   2.2384175e-04   1.7414047e-03
   4.9778765e-02  -7.1837248e-02   1.2701506e-02  -6.2632220e-05   4.8063000e-04   1.9292017e-03
   5.7671544e-02  -6.7791965e-02  -9.1453179e-03  -2.2669175e-04   2.3526919e-04   1.9417876e-03
   5.8667873e-02  -6.7584704e-02  -2.4336919e-02  -6.1583107e-04  -2.5053669e-05   1.8011807e-03
   4.6126210e-02  -7.0480135e-02  -9.7022758e-03  -5.5646142e-05   1.6543861e-04   1.7148620e-03
   5.0062535e-02  -8.3855939e-02  -9.9166762e-03  -1.8345238e-04   6.4031843e-06   1.8097800e-03
   5.0472146e-02  -8.9073081e-02  -2.8877926e-02  -4.8970844e-04  -1.6328154e-04   1.8008359e-03
   4.8849847e-02  -8.7180062e-02  -2.2351138e-02  -2.5602353e-04   4.5912431e-05   1.8735980e-03
   4.7163305e-02  -8.9050245e-02  -1.3364158e-02  -2.6683472e-04   9.7445958e-05   1.7899142e-03
   4.3668154e-02  -9.9261548e-02  -1.9707941e-02  -3.7403514e-04  -1.5965888e-04   1.6461814e-03
   4.7404973e-02  -1.1171602e-01  -3.2470894e-02  -5.9026033e-04  -2.5673777e-04   1.6962695e-03
   4.7738668e-02  -1.2698132e-01  -9.3072279e-03  -1.9246361e-06  -1.1946678e-05   1.7484237e-03
   4.8897757e-02  -1.4862317e-01  -1.5179260e-02  -4.5691176e-05   6.0967670e-05   1.8549208e-03
   5.0748643e-02  -1.3127343e-01  -1.6422196e-02  -8.2600521e-04  -3.4261463e-05   1.7297604e-03
   4.7698251e-02  -1.3443273e-01  -1.9776808e-02  -4.8354928e-04  -5.9975860e-05   1.9949854e-03
   4.9425953e-02  -1.3574525e-01  -1.3034132e-02   4.0281229e-05  -1.2073095e-05   1.9884266e-03
   4.9740957e-02  -1.4791898e-01  -5.4676211e-02   7.1654229e-05   1.2712161e-04   1.9926510e-03
  -5.1455128e-02  -5.8789829e-01  -6.9734359e-01   1.4550080e-02   2.2730120e-03   5.7739508e-03
   4.1885002e-03  -4.5319082e-01  -6.1408400e-01   1.1491153e-02   5.1553642e-04   6.4631118e-03
  -2.4544838e-02  -2.7250252e-01  -1.6162468e-01   2.0306076e-03   1.4739651e-03   2.6113972e-03
   1.1260155e-02  -1.6004866e-01  -2.9877730e-01   2.9903117e-03   5.4736717e-04   2.5904671e-03
   1.5767512e-02  -1.7170818e-01  -3.1889050e-01   2.5507423e-03   5.5772446e-04   2.6907410e-03
   2.1035138e-02  -1.9543010e-01  -2.9611642e-01   2.6306549e-03   7.4119465e-04   2.8407844e-03
   2.8150953e-02  -2.2842271e-01  -2.5683012e-01   3.3567355e-03   8.4064536e-04   3.1978759e-03
   3.4192590e-02  -2.1757991e-01  -2.9523697e-01   2.5903109e-03   7.0228192e-04   3.2776175e-03
   3.8786457e-02  -2.0584472e-01  -3.1540603e-01   2.3392785e-03   9.7680284e-04   3.5045484e-03
   6.4511378e-02  -2.1185265e-01  -3.1797152e-01   2.8453362e-03   4.5911748e-04   3.9839732e-03
   6.4379222e-02  -2.1706933e-01  -3.2710793e-01   2.2054860e-03   1.5447584e-04   2.9328524e-03
   6.4842101e-02  -2.1639782e-01  -3.2154095e-01   1.6216719e-03   4.1623690e-04   3.7044714e-03
   6.8294087e-02  -2.3123169e-01  -3.1254005e-01   2.7349512e-03   4.9405397e-04   4.0900543e-03
   6.3350096e-02  -2.2583053e-01  -3.1447904e-01   2.2291049e-03   4.9316452e-04   4.0411523e-03
   6.7367223e-02  -2.3230516e-01  -3.2894466e-01   2.1292563e-03   5.2937792e-04   3.5538835e-03
   7.1969553e-02  -2.3038223e-01  -3.1284114e-01   2.4384447e-03   6.0387628e-04   4.5426030e-03
   8.2980030e-02  -2.4001442e-01  -3.4294519e-01   2.2403952e-03   2.5497040e-04   4.3976031e-03
   9.2750875e-02  -2.1639993e-01  -3.4918428e-01   2.3024604e-03  -1.3843728e-04   4.5384087e-03
   9.3518498e-02  -2.2110174e-01  -3.3711325e-01   2.7869709e-03  -1.8341417e-04   4.8093922e-03
   7.8438546e-02  -2.2815600e-01  -3.5590890e-01   1.9619924e-03  -2.8550769e-05   4.2511613e-03
   7.5223225e-02  -2.4842619e-01  -3.0625822e-01   2.4494555e-03   1.7021638e-04   3.6431205e-03
   7.5196358e-02  -2.2411021e-01  -3.3693097e-01   1.8409141e-03   2.1273834e-04   4.2100965e-03
   8.0385103e-02  -2.0347078e-01  -3.7151152e-01   1.6500781e-03   1.6746714e-04   4.1801962e-03
   7.6389790e-02  -2.0730574e-01  -3.5896900e-01   1.8006319e-03   3.8831607e-04   4.2593908e-03
   6.6529989e-02  -2.4504355e-01  -3.7339117e-01   1.9205023e-03   4.1661787e-04   4.1504048e-03
   7.2611133e-02  -2.9113279e-01  -3.2287972e-01   2.0552632e-03   1.0942933e-05   4.3808210e-03
   7.3376778e-02  -2.8756460e-01  -3.0142355e-01   2.1537586e-03   6.6740353e-05   4.1222860e-03
   7.4333961e-02  -3.1979972e-01  -2.5392212e-01   3.1704270e-03   1.4247951e-04   4.2900474e-03
   8.1428826e-02  -3.3603751e-01  -2.5425569e-01   2.6103987e-03  -3.7444535e-05   4.2687395e-03
   8.0028937e-02  -3.3123037e-01  -2.3628991e-01   1.7097343e-03  -9.6166027e-05   4.6628692e-03
   7.9039400e-02  -3.1538964e-01  -2.8685330e-01   2.4121511e-03  -2.3344476e-05   4.1253337e-03
   9.5650194e-02  -3.3709256e-01  -2.8760524e-01   3.0399401e-03  -2.8340089e-04   4.2619890e-03
   1.0144295e-01  -3.3482007e-01  -3.1704712e-01   2.9122731e-03  -1.7618244e-04   4.5787163e-03
   1.1422244e-01  -3.1450595e-01  -3.2996530e-01   2.4216428e-03  -6.3338058e-04   5.2353216e-03
   1.1793646e-01  -3.3390927e-01  -3.1385301e-01   2.8408118e-03  -8.2451500e-04   5.0624865e-03
   1.1364776e-01  -3.3745600e-01  -3.1781308e-01   2.9326655e-03  -8.6926039e-04   5.1784688e-03
   1.1195297e-01  -3.3277074e-01  -3.2758314e-01   2.6212549e-03  -1.0718703e-03   5.3496828e-03
   1.0813282e-01  -3.4557591e-01  -2.9184027e-01   2.7943873e-03  -1.0688819e-03   5.1238096e-03
   1.0790544e-01  -3.6338325e-01  -3.1575460e-01   2.5502580e-03  -1.0521909e-03   5.1994207e-03
   1.0690177e-01  -3.5703583e-01  -3.2264685e-01   1.8771573e-03  -1.1139287e-03   5.1647160e-03
   1.0736874e-01  -3.6833606e-01  -2.9574725e-01   2.4260591e-03  -1.0685028e-03   5.0403847e-03
   1.1102655e-01  -3.6578460e-01  -3.3286799e-01   2.2739964e-03  -1.1771978e-03   5.1345804e-03
   1.2243610e-01  -3.6008552e-01  -3.5070237e-01   1.9415177e-03  -1.2595362e-03   5.2320171e-03
   1.1977510e-01  -3.8193594e-01  -3.4665952e-01   2.6610305e-03  -1.0660315e-03   5.4000931e-03
   1.1905492e-01  -3.8648658e-01  -3.5163476e-01   2.6846573e-03  -1.0619122e-03   5.3338209e-03
   1.2074348e-01  -3.8775844e-01  -3.7355031e-01   2.1455863e-03  -1.1996922e-03   5.3419609e-03
   1.2380407e-01  -4.0975966e-01  -3.4362461e-01   2.7244251e-03  -1.1717522e-03   5.5006228e-03
   1.2872047e-01  -4.2275532e-01  -3.5490813e-01   2.9821647e-03  -1.2849604e-03   5.4905623e-03
   1.3072872e-01  -4.4678746e-01  -6.1419474e-01   3.9733498e-03  -9.4009537e-04   5.4415647e-03
   1.5603993e-01  -4.8255703e-01  -5.7652788e-01   5.6416622e-03  -2.1005634e-03   5.8137442e-03
   1.5412661e-01  -4.5767748e-01  -4.6547625e-01   5.0082380e-03  -2.1991822e-03   5.6053444e-03
   1.3957314e-01  -4.3084592e-01  -5.0118302e-01   4.4119192e-03  -2.0018337e-03   5.3948998e-03
   1.3884523e-01  -4.2367698e-01  -5.0888322e-01   3.5432854e-03  -1.7774962e-03   5.4775303e-03
   1.3984561e-01  -4.5760862e-01  -4.4818282e-01   4.4891217e-03  -1.4703937e-03   6.1226620e-03
   1.3360434e-01  -4.3801833e-01  -4.9788873e-01   3.5451005e-03  -1.6921956e-03   5.6280541e-03
   1.4449638e-01  -4.6285286e-01  -4.4972476e-01   4.3513077e-03  -1.7421126e-03   6.0137944e-03
   1.4493481e-01  -4.6169830e-01  -4.8153037e-01   4.0440668e-03  -1.9405995e-03   5.8313016e-03
   1.4999091e-01  -4.6245943e-01  -4.6405365e-01   3.5959149e-03  -2.0309441e-03   5.8305611e-03
   1.5339368e-01  -4.6745776e-01  -4.7006143e-01   3.7151964e-03  -2.0359910e-03   5.9419809e-03
   1.5370406e-01  -4.6785077e-01  -4.9993254e-01   3.4418818e-03  -2.1296276e-03   5.9866041e-03
   1.6492425e-01  -4.6059104e-01  -5.0634017e-01   3.6040743e-03  -2.4505860e-03   6.1561600e-03
   1.6170000e-01  -4.6446112e-01  -5.0817712e-01   3.8745497e-03  -2.3170293e-03   6.0900757e-03
   1.6814600e-01  -4.5383134e-01  -5.2750041e-01   3.3232039e-03  -2.5745349e-03   6.2092864e-03
   1.6426594e-01  -4.5034108e-01  -5.2101570e-01   3.4259395e-03  -2.4165455e-03   6.2270284e-03
   1.6518324e-01  -4.7307455e-01  -5.1016340e-01   3.9204669e-03  -2.3175107e-03   6.3669049e-03
   1.6924808e-01  -4.6811846e-01  -5.3548737e-01   3.6303582e-03  -2.4191006e-03   6.4736646e-03
   1.8290753e-01  -4.7487611e-01  -5.5043975e-01   2.8560837e-03  -2.5483254e-03   6.7394529e-03
   1.7970084e-01  -5.0064017e-01  -5.2763330e-01   3.5953614e-03  -2.3733614e-03   6.4815548e-03
   1.8884746e-01  -4.9311810e-01  -5.3428136e-01   3.7229714e-03  -2.6135190e-03   6.4989480e-03
   1.9080923e-01  -5.0249224e-01  -5.0382805e-01   3.8094749e-03  -2.5245295e-03   6.4884911e-03
   2.0202436e-01  -5.1704093e-01  -4.6543098e-01   7.5897215e-03  -1.0467111e-03   7.2047831e-03
   2.8884248e-01  -5.8694248e-01  -2.2483112e+00   1.5608572e-02  -1.3461956e-02   3.7879966e-03
   3.0218450e-01  -6.8882371e-01  -3.2942115e+00   2.6488929e-02  -1.9412134e-02   4.8953415e-03
   1.5270824e-01  -8.8014947e-01  -2.7852408e+00   2.4662097e-02  -1.3561070e-02   5.3482476e-03
   1.1155120e-01  -9.5488627e-01  -1.4815344e+00   1.1014838e-02  -1.4948602e-02   4.1070204e-03
   2.0176684e-01  -6.1449381e-01  -8.6228278e-01   8.1253382e-03  -1.3345672e-02   1.1292730e-03
   1.9279629e-01  -6.5288804e-01  -7.3641867e-01   8.5688848e-03  -1.2981089e-02  -3.1898544e-05
   2.0504668e-01  -7.2297162e-01  -7.2635907e-01   8.2438535e-03  -1.3169372e-02   2.8664066e-04
   1.9374370e-01  -7.8356118e-01  -6.4533349e-01   9.0685442e-03  -1.2996374e-02  -6.6501933e-04
   1.9241043e-01  -7.6435673e-01  -6.5724018e-01   7.7797437e-03  -1.2316687e-02   2.5500428e-05
   2.1490777e-01  -7.6696020e-01  -6.4080394e-01   8.2997100e-03  -1.1886994e-02   9.2574884e-04
   2.3284024e-01  -7.8692888e-01  -6.6253861e-01   7.4233540e-03  -1.1860255e-02   9.9511032e-04
   2.5857815e-01  -7.8320429e-01  -6.7642541e-01   7.9846632e-03  -1.1907080e-02   1.3998985e-03
   2.7201223e-01  -7.5943497e-01  -7.1729445e-01   7.1161912e-03  -1.2102190e-02   1.5812086e-03
   2.8631440e-01  -7.4177451e-01  -7.1628883e-01   7.5924710e-03  -1.2104511e-02   1.5337802e-03
   2.9085470e-01  -6.9249277e-01  -7.3535991e-01   6.7041990e-03  -1.1983439e-02   1.8018514e-03
   3.0186294e-01  -7.2558239e-01  -7.4047085e-01   7.2715115e-03  -1.2058254e-02   2.0660306e-03
   3.0490744e-01  -7.2513925e-01  -7.3336335e-01   7.2125830e-03  -1.2101395e-02   1.8137193e-03
   2.6537934e-01  -7.4899915e-01  -7.5510065e-01   7.3750110e-03  -1.2947531e-02   5.1952496e-04
   2.0314820e-01  -8.0990435e-01  -7.3634806e-01   9.8096075e-03  -1.1088629e-02  -1.0987433e-03
   2.4702125e-01  -7.8131253e-01  -7.6065650e-01   9.3207887e-03  -1.1743970e-02  -9.1229832e-05
   2.7999587e-01  -8.0430980e-01  -6.3420143e-01   8.3281943e-03  -1.2177994e-02   1.2593406e-03
   3.2183940e-01  -7.6665610e-01  -6.9768830e-01   8.1756005e-03  -1.2614209e-02   1.2276889e-03
   2.8425506e-01  -7.2477557e-01  -5.9135901e-01   4.4299373e-03  -1.1167003e-02   3.9185744e-04
   3.0729507e-01  -6.9898124e-01  -7.8630468e-01   7.0833045e-03  -1.1843432e-02   2.0415995e-04
   3.1615481e-01  -6.9420697e-01  -7.6842860e-01   6.9428224e-03  -1.1966467e-02   3.1964399e-04
   3.2348989e-01  -7.2634176e-01  -7.9206815e-01   6.7760527e-03  -1.1962383e-02   4.7225713e-04
   3.3265335e-01  -7.6756996e-01  -7.2449943e-01   7.0658695e-03  -1.1941027e-02   6.5869268e-04
   3.3628558e-01  -7.7846488e-01  -7.3551620e-01   6.7063086e-03  -1.1986601e-02   9.6052071e-04
   3.4709227e-01  -7.7256921e-01  -7.6836468e-01   6.6480401e-03  -1.2563620e-02   1.0938302e-03
   3.5775659e-01  -7.7813721e-01  -7.3217695e-01   6.8731973e-03  -1.2697190e-02   1.3084323e-03
   3.6617125e-01  -7.8073562e-01  -7.5037683e-01   6.7283557e-03  -1.3099612e-02   1.1496780e-03
   3.7659785e-01  -7.8299543e-01  -7.5018004e-01   6.9172621e-03  -1.3533793e-02   1.3506472e-03
   3.7720195e-01  -7.9308297e-01  -7.3592148e-01   7.1003893e-03  -1.3483224e-02   1.4506687e-03
   2.9319075e-01  -7.7527250e-01  -8.4728523e-01   4.6038033e-03  -1.0814756e-02   4.3109367e-04
   2.0317732e-01  -9.4642561e-01  -5.8118245e-01   8.6001916e-03  -7.9034060e-03  -2.9194322e-04
   3.7215156e-01  -1.0048892e+00   3.6508605e-01  -1.6265537e-03  -7.1567421e-03  -1.2525399e-03
   2.9571871e-01  -8.4459651e-01   8.0369796e-01  -4.8201019e-03  -6.3365777e-03  -8.4725200e-04
   2.9358756e-01  -8.1915708e-01   7.9273923e-01  -5.4076673e-03  -6.6752296e-03  -3.7993924e-04
   2.8553968e-01  -8.5705348e-01   8.4861918e-01  -5.3637754e-03  -6.6754332e-03  -5.8392393e-04
   2.5796236e-01  -5.8795649e-01  -8.8773150e-01   4.1735851e-04  -6.9756016e-03  -2.0404393e-03
   3.1310549e-01  -9.7776856e-01  -6.1707398e-01   7.7052083e-03  -7.5739346e-03  -1.6933847e-03
   2.9550769e-01  -9.2296330e-01  -4.4944831e-01   7.1897448e-03  -7.1153716e-03  -1.1931178e-03
   3.0759165e-01  -9.1566513e-01  -4.4330745e-01   6.2594299e-03  -7.4810678e-03  -1.3043587e-03
   3.1015899e-01  -9.4149966e-01  -4.3218770e-01   6.4366076e-03  -7.4667563e-03  -9.5082475e-04
   3.1493571e-01  -9.2407785e-01  -4.7600940e-01   5.9848179e-03  -7.8093009e-03  -8.9547012e-04
   3.2630107e-01  -9.2442373e-01  -4.9250886e-01   6.2154679e-03  -8.3529822e-03  -8.2880620e-04
   3.2596778e-01  -9.1217094e-01  -5.4955316e-01   6.5641951e-03  -8.7236744e-03  -8.1062169e-04
   3.3457978e-01  -8.9723536e-01  -5.1380957e-01   6.0652883e-03  -8.2481490e-03  -5.9940657e-04
   3.3453068e-01  -9.1474767e-01  -5.4792853e-01   5.6348875e-03  -8.3847615e-03  -1.0916505e-03
   3.4155234e-01  -9.1272893e-01  -5.3872296e-01   5.2043238e-03  -8.3358925e-03  -8.4603432e-04
   3.5159755e-01  -8.7699359e-01  -5.7382284e-01   6.2967968e-03  -8.6377546e-03  -5.7707590e-04
   3.6411800e-01  -8.8109010e-01  -6.0316773e-01   4.9977255e-03  -8.7779420e-03  -6.0734271e-04
   3.6949703e-01  -8.9330886e-01  -5.7627554e-01   5.6905429e-03  -9.0502718e-03  -5.2371490e-04
   3.8243705e-01  -8.9754827e-01  -5.7361393e-01   5.4593160e-03  -9.7339207e-03  -7.3407092e-04
   3.7730722e-01  -9.0027400e-01  -5.6328172e-01   5.6968172e-03  -9.5653819e-03  -4.2987757e-04
   3.5508315e-01  -9.0813014e-01  -5.8619853e-01   5.9483309e-03  -8.9255862e-03  -8.5910734e-04
   3.5541268e-01  -8.8990116e-01  -6.1932062e-01   5.5406531e-03  -8.9568923e-03  -5.9802802e-04
   3.6377802e-01  -8.9775292e-01  -6.2673392e-01   5.2443580e-03  -9.1701819e-03  -6.4877239e-04
   3.7960550e-01  -9.0898802e-01  -6.1194438e-01   5.7518619e-03  -9.6872949e-03  -3.1447226e-04
   3.7506259e-01  -8.9351735e-01  -6.4337749e-01   5.6857454e-03  -9.7302107e-03  -4.4614390e-04
   3.6408207e-01  -8.9938289e-01  -6.4516261e-01   5.1765989e-03  -9.5765815e-03  -5.8461464e-04
   3.7778627e-01  -9.2094334e-01  -6.4872291e-01   5.9647177e-03  -9.7340709e-03  -2.8522177e-05
   3.7708592e-01  -9.2896148e-01  -6.1365302e-01   6.3044409e-03  -9.6867937e-03   3.4276378e-05
   3.6894832e-01  -9.4896130e-01  -6.2505998e-01   6.0337498e-03  -9.7049890e-03  -2.3247046e-04
   3.8234478e-01  -9.7755838e-01  -6.2063059e-01   5.7774551e-03  -9.8527392e-03  -1.8780394e-04
   3.8385158e-01  -1.0098592e+00  -5.5134627e-01   6.1637946e-03  -9.6918833e-03  -4.4331926e-05
   3.7736231e-01  -9.9037102e-01  -5.9065583e-01   5.8935158e-03  -9.4035590e-03  -1.8123584e-04
   3.7387029e-01  -1.0035125e+00  -5.7746083e-01   5.0191749e-03  -9.1417531e-03  -3.9633867e-04
   3.6751729e-01  -9.9568817e-01  -5.6166994e-01   5.3623807e-03  -9.2503394e-03  -5.0813282e-04
   3.7760390e-01  -9.9304805e-01  -5.6138435e-01   5.9261080e-03  -9.3247395e-03   1.1581246e-04
   3.6936737e-01  -9.8577641e-01  -5.8172103e-01   4.9138507e-03  -9.0737591e-03  -6.1596349e-04
   3.6718246e-01  -1.0065661e+00  -5.2509299e-01   5.6381157e-03  -8.5579034e-03  -1.1576982e-03
   3.4733839e-01  -9.8724026e-01  -1.6391509e-01   8.7752466e-03  -8.5939545e-03   7.6171082e-04
   3.4665532e-01  -9.9610856e-01  -2.1266491e-01   1.0738991e-02  -1.1878072e-02   2.7711969e-03
   4.1402674e-01  -1.0382485e+00  -1.9434080e-01   5.8386018e-03  -1.3623747e-02   3.6762904e-03
   2.9468757e-01  -8.6752258e-01  -1.0682463e+00   3.3688724e-03  -1.0355620e-02   2.8502109e-04
   3.8168443e-01  -5.9209947e-01  -3.2385032e+00   9.3897845e-04  -1.4220146e-02   1.9451878e-03
   3.4434497e-01  -6.7587879e-01  -1.6695642e+00   2.5602865e-05  -1.2841240e-02   1.9142382e-04
   3.1633879e-01  -7.2992407e-01  -1.5122317e+00   1.5149820e-03  -1.2413316e-02  -3.7720550e-05
   3.1553951e-01  -7.9138442e-01  -1.3800845e+00   2.4355255e-03  -1.1508874e-02   3.0416105e-04
   3.1323255e-01  -8.2682179e-01  -1.3670457e+00   2.5134308e-03  -1.1339182e-02   2.4644396e-04
   3.1294692e-01  -8.4053600e-01  -1.3212220e+00   2.2257644e-03  -1.1331091e-02   1.7501688e-04
   3.0037213e-01  -8.6890570e-01  -1.2536395e+00   2.8239979e-03  -1.0879529e-02   1.4928989e-04
   3.0287832e-01  -8.8068785e-01  -1.2581572e+00   2.3117694e-03  -1.1166906e-02  -1.8620479e-04
   3.0631690e-01  -9.0030957e-01  -1.1797664e+00   3.1774015e-03  -1.1267604e-02  -7.8368966e-05
   3.0240857e-01  -9.2716008e-01  -1.1598665e+00   3.2761079e-03  -1.1348145e-02  -3.1358076e-04
   2.8875434e-01  -9.3491266e-01  -1.1308736e+00   2.8667427e-03  -1.0783621e-02  -3.9279299e-04
   2.9619562e-01  -9.5122605e-01  -1.0966411e+00   3.3698712e-03  -1.0775912e-02  -2.0721723e-04
   2.9830595e-01  -9.5581650e-01  -1.1291590e+00   3.0711923e-03  -1.1003720e-02  -3.4336530e-04
   3.0880662e-01  -9.6840470e-01  -1.1124847e+00   3.0136768e-03  -1.1275200e-02  -1.1985758e-04
   3.1821024e-01  -9.8367347e-01  -1.0509227e+00   3.7461521e-03  -1.1366968e-02   1.5377226e-04
   2.9855305e-01  -9.6661420e-01  -1.1154326e+00   2.9540180e-03  -1.0973956e-02  -3.4220154e-04
   2.9816241e-01  -9.6202608e-01  -1.1176706e+00   2.9838276e-03  -1.1141608e-02  -8.6951210e-04
   2.9897575e-01  -9.6244428e-01  -1.0670918e+00   3.0141582e-03  -1.0915890e-02  -1.3612770e-04
   3.1391145e-01  -9.8093670e-01  -1.0480644e+00   3.5812122e-03  -1.1257484e-02   2.5530663e-04
   2.9782580e-01  -9.8782615e-01  -1.0693014e+00   2.9075338e-03  -1.0621253e-02  -2.8241343e-04
   3.0498711e-01  -1.0002361e+00  -1.0371195e+00   3.8666296e-03  -1.0687627e-02   4.1438581e-04
   3.0499191e-01  -1.0061628e+00  -1.0469086e+00   3.8557550e-03  -1.0792967e-02  -1.5928584e-05
   3.1819257e-01  -1.0172109e+00  -1.0742751e+00   3.6453891e-03  -1.1011822e-02  -2.1510349e-05
   3.1617057e-01  -1.0272809e+00  -1.0272559e+00   3.7461938e-03  -1.0904143e-02   2.7095836e-05
   3.0791521e-01  -1.0281504e+00  -1.0351805e+00   3.3755710e-03  -1.0946920e-02  -2.5441952e-04
   2.8809784e-01  -1.0959296e+00  -1.0286621e+00   5.7092653e-03  -1.0545531e-02   4.7332145e-05
   2.1656410e-01  -1.2913335e+00  -6.9279965e-01   8.7019362e-03  -7.6877284e-03   2.9597997e-03
   2.0843376e-01  -1.2904089e+00  -6.3025241e-01   6.5509906e-03  -9.1986781e-03   2.7128820e-04
   2.3482797e-01  -1.3035657e+00  -2.6356881e-01   3.2866405e-03  -8.9383095e-03   9.1056164e-04
