   0.0000000e+00  -1.4210855e-14   7.1054274e-15   3.4694470e-18   8.6736174e-19  -6.9388939e-18
   2.7167925e-02  -3.6745715e-02   1.5329077e-02  -5.1394570e-04  -3.8644461e-04  -1.4309903e-04
  -7.4429207e-02   2.5698721e-02  -1.0351697e-01  -1.8735539e-04   1.2405999e-03  -8.3845338e-04
  -3.7240391e-03  -4.6266428e-02  -6.9625850e-02   7.4342578e-04   1.2183674e-04  -3.7661241e-05
  -2.0796786e-02   9.5755492e-03  -5.1484448e-02   9.3415133e-04   4.5092022e-04   8.1498170e-04
   6.2645115e-03  -2.6368614e-02  -1.0029307e-01   1.3889986e-03  -2.0817937e-04   1.9495787e-04
  -4.6886540e-02   1.7503990e-02  -5.8240826e-02  -4.8619616e-04   1.1960606e-03   1.2967622e-04
  -8.2641227e-03  -1.7216828e-02  -8.7086519e-02   8.1666908e-04   1.2913969e-04   2.9534767e-04
   1.4213683e-02  -3.4246539e-02   2.0237375e-02  -1.6474858e-04   3.8595667e-05   4.1807753e-04
  -2.7942042e-02   4.4107798e-03  -1.1012437e-01   9.9947360e-04   3.1193169e-04   4.3961326e-04
   1.7680856e-02  -9.1996462e-02   4.4861650e-02   1.4173577e-03  -3.1741307e-06   2.5571991e-04
  -1.5148963e-02  -2.4512515e-02  -4.6119186e-02   2.2077908e-03   3.5805346e-04   1.0522560e-04
   2.1858657e-02  -4.2360969e-02   2.8262210e-02   1.6977151e-03  -3.0185829e-04   4.3943159e-05
  -3.8526303e-02   4.4602779e-02  -1.1769288e-02   7.8099068e-04   8.2392212e-04   1.9828248e-05
   2.9579738e-02  -3.7156550e-02   6.0547310e-02   1.4775653e-03  -4.7225785e-04   2.1742128e-04
   3.3995934e-02   1.2886864e-02   1.3383733e-02   6.3919650e-04  -4.1626265e-04   3.0016173e-04
   3.7234684e-02  -2.3176993e-02  -7.0464146e-02   1.5996913e-03  -4.9167307e-04   4.2827472e-04
   4.5985042e-02  -5.7676485e-02  -1.0735994e-02   1.5419322e-03  -5.6364408e-04   4.7027670e-04
   4.0570661e-02  -2.4229780e-02  -1.2742307e-02   1.9892946e-03  -7.5168363e-04   5.8584187e-04
   3.4905382e-02  -8.6888296e-02  -2.7406993e-02   3.3097172e-03  -9.1817136e-04   6.9172547e-04
   3.5681257e-02  -6.9072816e-02   4.7144872e-02   2.2425524e-03  -6.8227378e-04   6.9367309e-04
  -5.0319740e-02  -5.9623224e-02  -1.7630770e-01   2.3907588e-03  -8.0873211e-05   3.1274647e-05
  -1.8510658e-01   1.8683730e-02  -2.6797715e-01   9.7803901e-04   2.7470313e-03  -5.7307769e-04
  -3.4266465e-02  -5.7406218e-02   1.0306378e-02   6.2058941e-04   5.6769450e-04   7.6095365e-04
   7.1835681e-02   1.3335427e-02  -1.0682356e-01   4.8635276e-04  -7.8360174e-04   1.6644747e-03
   1.3770376e-01   5.7678632e-03  -6.1979073e-02  -1.3056867e-03  -2.5787968e-03   1.9395067e-03
   1.0476049e-02   1.6297182e-02  -1.4423871e-01   5.1844841e-04  -1.1849782e-03   7.0365915e-04
   1.4334906e-03  -1.8361393e-02  -1.1971489e-01  -3.4513839e-04  -6.3203494e-04   2.3469996e-04
   8.5571181e-03   6.1298159e-03  -4.8430375e-02  -1.5692352e-03  -3.3418428e-04   8.3426507e-04
  -4.3941635e-02   3.0694606e-02  -2.2101667e-01  -9.4337069e-04   3.1039743e-04   3.0493569e-04
  -5.3780980e-02  -4.1314603e-02   6.0691839e-03  -1.1020961e-03   5.6398798e-04  -5.7979306e-04
   2.6098654e-02   1.4523750e-02  -1.4386953e-02  -2.6987478e-03  -1.0108437e-03   2.4723428e-04
   3.3703226e-02   5.5751583e-02  -1.0892323e-01  -1.6370367e-03  -1.3620476e-03   1.6095732e-04
   3.8688646e-02   4.6636074e-03  -1.1383062e-01  -1.0202529e-03  -1.4527139e-03   1.8209357e-04
   4.2597796e-02   5.7384351e-03  -5.5697235e-02  -1.8059987e-03  -1.5558792e-03   2.8884110e-04
   4.9708429e-02  -1.3606402e-03  -7.1988424e-02  -5.3531346e-04  -1.9254401e-03   6.8456135e-04
   6.8183850e-02  -8.1755608e-02  -3.0886226e-03  -2.4148698e-04  -2.0007676e-03   3.7206594e-04
   6.8099804e-02  -4.1855559e-02   7.1800388e-03  -8.7796723e-04  -1.9494392e-03   4.0195271e-04
   6.1239769e-02  -8.6111407e-02  -2.0170508e-02   6.0700912e-04  -1.8254948e-03   2.0957267e-04
   7.1064635e-02  -6.5779926e-02   4.7015384e-02  -9.4485585e-04  -1.9306912e-03   4.0835290e-04
   7.4305666e-02  -1.0829254e-02  -1.3535617e-02  -5.7312415e-04  -2.1256141e-03   4.7568055e-04
   8.7322706e-02  -4.4833905e-02   1.2046399e-02  -9.7544500e-04  -2.1936551e-03   7.9691490e-04
   7.4865537e-02   1.5974624e-02  -2.7164313e-03  -1.1023965e-03  -2.1046037e-03   8.3962008e-04
   5.0661954e-02  -6.6039684e-02  -7.7480018e-02   1.9772294e-04  -2.0278812e-03   2.4608517e-04
   3.2365822e-02  -5.3630373e-02   6.2675755e-02  -1.3133091e-03  -1.4610654e-03   1.4608946e-05
  -1.6498507e-02  -1.7414193e-02  -1.1044594e-01  -4.6548701e-04  -8.1250414e-04   1.7020442e-04
   3.9329465e-02  -9.4190358e-03   3.4622258e-02  -1.8980205e-03  -1.4179998e-03   8.9134617e-04
   1.5885563e-02  -9.5760613e-04  -2.1643518e-02  -8.2823686e-04  -1.4756665e-03   6.3095455e-04
   5.0767513e-02  -4.1002614e-02   4.1679962e-02  -1.7365366e-03  -1.7554019e-03   5.9829163e-04
   1.9333640e-02   4.7377392e-03  -8.4954660e-02  -4.9998164e-04  -1.2677006e-03   2.2747672e-04
   4.7340161e-02   6.0126052e-03   3.5626382e-03  -1.2237506e-03  -1.5478716e-03   3.5068823e-04
   4.5843078e-02   3.4246346e-02  -1.4500896e-01  -6.7179374e-04  -1.7004675e-03   1.9087137e-04
   9.2069488e-02  -9.5006559e-03   3.8152262e-02  -2.1210887e-03  -2.4230017e-03   3.5253441e-04
  -3.6951859e-03   3.7922013e-02  -1.0443223e-01  -1.5123069e-03  -1.0621436e-03  -3.5922234e-04
   8.6232299e-02  -5.7720640e-02   7.5145034e-02  -2.3893213e-03  -2.1674066e-03   1.9876299e-04
   8.5357265e-02   1.8884801e-02  -3.1480210e-02  -1.8611113e-03  -2.3909977e-03  -2.0181801e-05
   1.0843365e-01  -6.2384071e-02  -8.2690794e-03  -1.2002466e-03  -2.6302422e-03   2.0079923e-05
   8.6545303e-02  -1.1155561e-03   1.5035024e-02  -1.9642964e-03  -2.4351239e-03  -2.1135537e-06
   6.8035759e-02  -3.1116413e-02  -6.7929391e-02  -1.4223853e-03  -2.3438481e-03  -3.0575908e-04
   5.6895836e-02  -5.7776568e-02   2.5769128e-02  -1.9443225e-03  -2.0500190e-03  -2.3190087e-04
   4.1724142e-02  -4.2039301e-02  -1.1999593e-01  -1.5882669e-03  -1.7723777e-03   1.2992376e-05
   3.1536654e-02  -2.5789765e-02   1.0218089e-02  -4.2499095e-03  -1.2495228e-03  -1.3418297e-04
   9.3514235e-02  -1.7274753e-02  -3.3022165e-02  -3.6782782e-03  -2.2011048e-03  -3.8754621e-04
   8.8581557e-02  -1.0307365e-01   5.2419865e-02  -3.5526263e-03  -2.1345976e-03  -5.6307477e-04
   8.7774432e-02  -4.9632451e-02   1.5262662e-02  -3.1321343e-03  -2.3098565e-03  -6.0359497e-04
   8.5076244e-02  -8.5109338e-02   2.4400832e-03  -2.7108698e-03  -2.2184707e-03  -5.9428169e-04
   6.7502060e-02  -4.1291295e-02   2.6354744e-02  -3.2337069e-03  -1.9543487e-03   4.0581621e-04
   8.6273369e-02  -4.5738763e-02  -3.6018239e-02  -2.3889118e-03  -2.3955090e-03  -1.2837825e-06
   9.3779900e-02  -8.9777424e-02   6.5200508e-02  -3.5216457e-03  -2.3750458e-03   9.3167483e-05
   1.1487317e-01  -8.6388419e-02  -5.5910512e-02  -1.2799123e-03  -2.9984039e-03   1.6730620e-04
   1.2225831e-01  -1.2140329e-01   4.0270822e-02  -7.5246528e-04  -2.9841978e-03   4.7040418e-04
   1.1865952e-01  -6.4675974e-02  -1.2060841e-01  -1.1955916e-05  -3.2737635e-03   2.5103014e-04
   1.0844937e-01  -1.2006355e-01   2.7749203e-02  -8.0238287e-04  -2.9598069e-03   2.5261866e-04
   9.4987825e-02  -6.9607328e-02  -4.1735741e-02  -3.0948395e-04  -2.8762023e-03   1.5667211e-04
   1.2596889e-01  -1.3919742e-01   7.2053365e-02  -3.7976684e-04  -3.1730135e-03   2.3875149e-04
   1.2254842e-01  -1.1233696e-01  -3.6136344e-02   5.4395500e-04  -3.0702815e-03   5.0844973e-04
   1.2712302e-01  -1.4738779e-01  -2.9669286e-02   1.1192144e-03  -3.3265482e-03   6.0239005e-04
   1.1863698e-01  -1.7299437e-01   3.8678553e-02   8.8987789e-04  -2.9208219e-03   6.3588452e-05
   7.0656647e-02  -1.3269651e-01  -1.6622769e-01   4.2808097e-04  -2.0844834e-03   5.6566763e-05
   9.7208804e-02  -1.5150881e-01   1.1787131e-01  -1.9759999e-04  -3.1559481e-03   7.5739009e-04
   8.5817565e-02  -1.0867946e-01   7.5083028e-02  -7.5459873e-04  -3.0823489e-03   7.5522697e-04
   1.1771387e-01  -1.6803947e-01   1.2310921e-01  -1.0299002e-03  -3.4217137e-03   6.9777371e-04
   9.0118142e-02  -9.3089240e-02   4.0047834e-02  -1.3707855e-03  -3.2162106e-03   2.7227978e-04
   1.1387014e-01  -2.0213591e-01   1.5376381e-01  -7.4288353e-04  -3.5171986e-03   6.7111268e-04
   7.6856860e-02  -1.4428174e-01   6.9418848e-02   2.4030378e-04  -2.8049319e-03   4.1891970e-04
   9.7825716e-02  -1.9357610e-01   9.9889739e-02  -1.6969869e-04  -2.9746532e-03   3.7148688e-04
   9.1444527e-02  -1.4704828e-01   1.0778795e-01  -3.5194639e-04  -3.0656190e-03   7.0722416e-04
   1.0129418e-01  -2.3762259e-01   1.5409892e-01   1.0706534e-03  -3.1557133e-03   8.2847850e-04
   6.2951330e-02  -1.3239402e-01   1.0652526e-01  -4.7476765e-04  -2.3577086e-03   9.1572309e-04
   5.8780380e-02  -1.9903034e-01   2.5902026e-02   7.4584811e-04  -2.2210241e-03   4.5529239e-04
   4.9313523e-02  -2.0837038e-01   1.6174589e-01  -2.9933242e-04  -1.6961233e-03   6.0659566e-04
  -4.9262057e-02  -1.6726688e-01  -6.2276683e-02   7.7237353e-04  -1.9245124e-04   2.2342496e-04
   2.7212608e-02  -1.8742326e-01   1.8668513e-01  -7.1985068e-04  -1.4662120e-03   5.5759696e-04
   6.8950190e-02  -1.9275963e-01   1.6754739e-01   7.6963491e-04  -2.6536202e-03   6.3772462e-04
   8.6501311e-02  -2.1880876e-01   1.7680666e-01   3.4336164e-04  -2.8884254e-03   5.6296559e-04
   9.2165150e-02  -1.7576356e-01   2.0311162e-01  -1.2658713e-04  -3.0010487e-03   6.4969135e-04
   4.5533542e-02  -2.3582311e-01   7.4961242e-02   1.3003217e-03  -2.2611292e-03  -5.9345370e-05
   2.9918272e-02  -2.1319032e-01   1.7411816e-01   5.6442051e-04  -1.4944039e-03   3.5223679e-04
   3.1873882e-02  -1.6750421e-01  -2.1911173e-01   5.7274577e-04  -8.5028679e-04   2.5101233e-04
  -1.6854800e-01   6.7521335e-02  -1.5846288e-01  -6.0536764e-03   4.2852333e-03  -6.9654209e-04
  -3.3201319e-02  -1.2014395e-01   5.5929608e-03  -2.7298396e-03   1.9036010e-03   6.5401271e-04
  -1.7947947e-02  -1.1560773e-01   7.4389953e-02  -2.3120010e-03   1.4882277e-03   3.5315818e-04
   1.7285271e-03  -1.7265114e-01   3.5662963e-02   7.7501684e-05   1.0037244e-03   5.8182385e-04
  -8.1792257e-03  -2.2421506e-01   1.3910073e-01  -3.7187034e-04   1.4165766e-03   6.4077294e-04
   3.7566372e-03  -1.8131175e-01   9.0737866e-02  -3.2529608e-05   1.1191934e-03   8.1942263e-04
   1.4779146e-03  -2.5053007e-01   1.7728970e-01   9.3196973e-04   1.3129097e-03   5.5665615e-04
  -3.0599819e-02  -1.6859227e-01   1.2972946e-01   1.8651465e-04   1.5140952e-03   6.5377370e-04
  -3.6709887e-02  -1.9729717e-01   5.6323234e-02  -1.8385841e-04   1.5909576e-03   8.4081101e-04
  -3.2547637e-03  -2.0183210e-01   2.1731892e-01  -7.0391319e-04   1.2285554e-03   9.4543885e-04
  -1.2331688e-02  -1.8912547e-01   1.0703838e-01   4.7714690e-04   1.3960554e-03   7.2094909e-04
  -4.1386573e-03  -1.9133896e-01   1.8544292e-01  -2.9894142e-04   1.2295728e-03   9.1321391e-04
  -4.3906609e-02  -1.7943888e-01   1.2183926e-01  -3.1331436e-04   1.9564639e-03   2.3102883e-04
  -1.4705565e-02  -1.9850492e-01   2.4607919e-01  -1.7756638e-03   1.6150540e-03   6.6135556e-04
  -3.1051840e-02  -1.6668962e-01   1.4512629e-01  -5.6813883e-05   1.3109416e-03   9.6356805e-04
  -1.5135555e-03  -1.8524897e-01   2.1556389e-01  -1.1352038e-03   9.4328570e-04   1.2750764e-03
   2.8313723e-02  -1.3406177e-01   1.7112712e-01  -1.1314284e-03   3.7897686e-04   8.0178351e-04
   2.8201538e-02  -2.1385924e-01   2.4562287e-01  -7.1464701e-04   5.5024006e-04   1.2550176e-03
   1.1701760e-02  -1.5988815e-01   2.0445854e-01  -2.4203029e-04   7.5327160e-04   1.0345421e-03
  -4.3085454e-03  -2.1700824e-01   1.6740589e-01   1.1447743e-04   9.6115496e-04   9.0612860e-04
  -4.0973139e-03  -1.8816461e-01   2.2557375e-01  -1.5465725e-03   1.1387927e-03   1.1712678e-03
  -6.6609332e-02  -1.8231324e-01   5.5572926e-02  -7.8926223e-04   1.6361825e-03   7.6155704e-04
  -4.9681330e-02  -2.5927541e-01   2.2135644e-01  -2.3236972e-03   2.2794438e-03   7.5123373e-04
  -1.6023147e-01  -1.8727169e-01  -6.3863114e-02  -2.4766061e-03   3.9441271e-03  -5.9403714e-05
  -1.2638562e-01  -2.2565583e-01   1.1672167e-01  -4.0479546e-03   3.9404456e-03   4.0140836e-04
  -1.9399942e-01  -1.6287647e-01  -2.7056908e-02  -3.4220723e-03   4.5756898e-03  -1.7828008e-04
  -1.3929149e-01  -2.2447064e-01   1.6285243e-01  -3.4952145e-03   4.3398475e-03   2.5648939e-04
  -1.2164975e-01  -1.5502025e-01   4.6508227e-02  -2.4241797e-03   3.2254561e-03   1.6198417e-06
  -1.0830785e-01  -2.2410621e-01   1.7008376e-01  -2.8588991e-03   3.6029220e-03  -1.2426353e-04
  -9.1430720e-02  -1.7132727e-01   1.5644893e-01  -2.8335158e-03   3.2034291e-03   1.3343198e-04
  -9.4485348e-02  -2.2353988e-01   1.6684707e-01  -2.1341273e-03   3.4239250e-03  -5.8008243e-05
  -9.6523116e-02  -1.8056107e-01   1.5365902e-01  -2.5477991e-03   3.3846736e-03   1.8351653e-04
  -5.9053317e-02  -1.8524287e-01   1.6694606e-01  -2.5532579e-03   2.7634186e-03   2.5844002e-05
  -6.7081495e-02  -2.0030949e-01   1.5868132e-01  -2.2880559e-03   2.8072740e-03   3.1461291e-04
  -6.3242732e-02  -2.6578868e-01   7.4016324e-02  -1.2224119e-03   2.8818394e-03  -6.2611577e-06
  -5.5573686e-02  -2.3940458e-01   1.3263135e-01  -2.8123642e-03   2.7363786e-03   4.8640972e-04
  -3.8983136e-02  -2.3605342e-01   7.4623443e-02  -6.1581816e-04   2.1859155e-03   2.6258769e-04
  -4.2150081e-02  -2.7800125e-01   1.5274196e-01  -7.1484577e-04   2.3606602e-03   4.1519144e-04
  -3.7006450e-02  -2.4668322e-01   1.3449788e-01  -4.7354376e-04   2.1507498e-03   4.9901291e-04
  -4.1023549e-02  -3.0596409e-01   1.5007097e-01   4.0980621e-04   2.3091491e-03   4.1130277e-04
  -2.1400918e-02  -2.7096435e-01   1.8040934e-01  -8.2003214e-04   1.8528006e-03   7.3379895e-04
  -3.9413273e-02  -2.8382388e-01   8.9203619e-02  -2.0838913e-04   2.2244140e-03   2.0251995e-04
  -3.0736372e-02  -2.5338282e-01   1.8213969e-01  -1.3136524e-03   2.0665006e-03   5.2585038e-04
  -2.7533246e-02  -2.8073744e-01   3.0473929e-02  -5.4528382e-04   2.0774434e-03   5.4150664e-04
  -1.3667659e-01  -2.2293216e-01  -3.0617272e-02  -1.6918183e-03   3.7470696e-03   1.3054073e-04
  -1.0046240e-01  -3.0467382e-01  -2.6124393e-04  -1.6185103e-04   3.6120533e-03   1.2170721e-04
  -1.0797546e-01  -2.5049416e-01   4.6147829e-03  -1.6411804e-03   3.7521852e-03   6.8352385e-05
  -1.0064872e-01  -2.7319231e-01  -1.3527862e-01  -1.6731156e-03   3.6265432e-03  -3.4597144e-04
  -2.0739850e-01  -2.0569971e-01  -4.2146397e-02  -3.7882439e-03   5.5917762e-03  -5.9865214e-04
  -1.6859698e-01  -3.7267111e-01  -7.7636435e-02   4.9335102e-04   4.2462541e-03   2.0121572e-04
  -1.2074038e-01  -3.4700213e-01  -4.9851187e-02  -1.4657781e-03   3.6770845e-03  -9.7573807e-06
  -2.3700934e-01  -2.9856561e-01  -3.5432242e-01  -1.3695620e-03   5.2837350e-03  -1.1297165e-03
  -1.6677543e-01  -3.3164313e-01  -1.9167812e-02  -1.8810429e-03   4.4944270e-03   4.8961598e-05
  -1.7286458e-01  -2.8121559e-01  -9.3202586e-02  -1.9296541e-03   4.3013540e-03   2.2429948e-04
  -1.6200611e-01  -3.4941796e-01  -4.9741706e-02  -2.1085776e-03   4.1555518e-03  -5.9875257e-04
  -1.3259764e-01  -3.1900574e-01   5.8328536e-02  -2.6095565e-03   3.4773369e-03   2.4338628e-04
  -1.3668420e-01  -3.3961902e-01  -7.6239108e-03  -3.1581895e-04   3.3830522e-03   4.5920487e-05
  -1.2760856e-01  -3.6429816e-01   1.0696992e-01  -9.0312095e-04   3.3485626e-03   1.3735919e-04
  -1.4526394e-01  -4.1609227e-01   1.4947822e-02   1.0439082e-03   3.5520586e-03  -5.5771997e-06
  -1.1247294e-01  -4.0292873e-01   9.9773256e-02   4.6061068e-04   3.0661172e-03   1.1448922e-04
  -1.2528021e-01  -3.5729608e-01   5.9910405e-02   6.5316391e-04   3.2750825e-03   1.6856045e-04
  -1.1503377e-01  -3.9558268e-01   8.8583064e-02   1.3609174e-04   3.2856616e-03  -2.9158442e-05
  -1.0842394e-01  -3.9934144e-01   9.6417550e-02  -9.3552006e-04   3.3043096e-03  -2.2330061e-04
  -1.2077302e-01  -3.8871166e-01  -7.6615714e-02  -3.4874031e-04   3.5183608e-03  -7.4683030e-04
  -1.1359848e-01  -4.0570882e-01  -8.0173275e-02  -6.2097476e-04   3.4831759e-03  -8.0607879e-04
  -7.4207760e-02  -5.3333036e-01  -7.0671496e-02   1.2978319e-03   2.9615382e-03   2.7201327e-04
  -6.3210883e-02  -4.6607124e-01  -2.0923126e-02   1.7583555e-04   2.6902736e-03   4.3808910e-04
  -6.8368957e-02  -5.1185676e-01  -1.1701977e-01   2.1944541e-03   2.8286808e-03  -2.3706500e-04
  -9.4584881e-02  -4.5446106e-01  -1.5191495e-01   1.0900641e-03   3.0700834e-03  -9.4270322e-06
  -7.1603341e-02  -4.9640921e-01  -3.0977100e-01   1.6942772e-03   2.9257428e-03   1.4165548e-04
  -2.0820536e-02  -4.8967407e-01  -2.0505126e-01  -5.4028665e-04   2.3764769e-03   5.7498528e-04
  -3.5263513e-02  -3.8842317e-01  -2.2401401e-01  -1.6230965e-03   2.7687906e-03   6.9218288e-04
  -3.8812821e-02  -4.5486739e-01  -2.3179777e-01   1.8124492e-04   2.6644550e-03   5.0133743e-04
  -2.1262740e-02  -4.8604546e-01  -1.3089970e-01  -1.1280072e-03   2.5219368e-03   4.2603384e-04
  -3.0071661e-02  -4.5135294e-01  -1.5737064e-01  -4.2326207e-04   2.5310002e-03   5.3508215e-04
  -3.5663688e-02  -4.9869200e-01  -1.8660099e-01   6.3488846e-04   2.7092469e-03   2.6454410e-05
  -2.3485316e-02  -4.9057772e-01  -8.7012759e-02  -8.4160213e-04   2.4878202e-03   5.9546932e-04
  -4.3628275e-02  -4.6218209e-01  -1.9271603e-01   1.5110809e-04   2.6565611e-03   2.8611185e-04
  -6.5887917e-02  -4.8754356e-01  -1.0623645e-01  -4.4460403e-04   3.0477112e-03   3.4704683e-04
  -8.0197536e-02  -4.3726647e-01  -2.4994563e-01  -4.1019304e-04   3.2278944e-03   4.4792802e-04
  -9.2975569e-02  -4.5099283e-01  -2.1927299e-01  -1.4645622e-03   3.3615807e-03   4.0051686e-04
  -7.6401983e-02  -4.9077371e-01  -1.3795799e-01  -1.6802156e-03   3.3388553e-03   3.5085830e-04
  -1.0221015e-01  -4.4611911e-01  -2.5394256e-01  -1.7306391e-03   3.8642611e-03   2.9218046e-04
  -6.9302990e-02  -4.7847939e-01  -9.2173328e-02  -3.0738599e-03   3.8266490e-03   2.6430214e-04
  -6.5032376e-02  -4.2824166e-01  -1.8281535e-01  -1.0108606e-03   3.4241501e-03   4.5294674e-04
  -4.4464674e-02  -4.6616714e-01  -1.5923308e-01  -1.0141376e-03   3.2327629e-03   1.2707364e-04
  -1.2294510e-01  -3.8340803e-01  -2.2464911e-01  -2.2416838e-03   4.2081248e-03   1.7010889e-04
  -1.5963864e-01  -4.3643362e-01  -2.8042191e-01  -2.0006131e-03   4.5516223e-03  -1.9220504e-04
  -1.5056228e-01  -4.8130947e-01  -2.2205503e-01  -3.4835674e-03   5.0520334e-03  -2.6146768e-05
  -2.5798970e-01  -4.3096951e-01  -4.8617277e-01  -2.3202782e-03   6.2622888e-03  -1.1206928e-03
  -1.6059582e-01  -4.5354040e-01  -1.4048062e-01  -4.1719365e-03   5.5770139e-03  -3.9139878e-04
  -1.3616780e-01  -4.4045926e-01  -3.6814152e-01  -2.1824396e-03   4.6058582e-03  -5.8520190e-06
  -1.5304704e-01  -4.6921916e-01  -1.5771929e-01  -4.2770616e-03   4.9893337e-03  -8.6825697e-04
  -1.8481880e-01  -4.2816030e-01  -2.9348202e-01  -2.3923364e-03   5.2197417e-03  -8.9229231e-04
  -1.7853945e-01  -4.7198298e-01  -1.2398211e-01  -3.1991354e-03   5.6298365e-03  -7.8402560e-04
  -1.2571311e-01  -4.4359032e-01  -1.7663709e-01  -2.1590300e-03   4.4921791e-03  -3.8217714e-05
  -1.1126799e-01  -4.9103212e-01  -1.6291977e-01  -1.0123958e-03   4.2717420e-03  -8.1089028e-05
  -1.0965836e-01  -4.4989869e-01  -1.7252443e-01  -1.4240382e-03   4.0986880e-03   5.0192855e-05
  -7.1631933e-02  -5.3615749e-01  -1.8670593e-01  -4.5787695e-04   2.9588923e-03  -3.4393495e-04
  -1.8096773e-02  -4.6280219e-01  -2.5753133e-01  -1.7068266e-03   2.4929721e-03   3.6272717e-04
   1.5484318e-04  -5.7213714e-01  -9.1590108e-02  -1.2057750e-03   2.8814677e-03   2.3437789e-04
  -6.1714955e-03  -5.3008512e-01  -1.8335814e-01  -5.5451209e-04   2.3819458e-03   1.5743640e-05
   3.4472470e-02  -5.9439073e-01  -1.4460294e-01   3.4282392e-04   1.5404205e-03  -1.7635376e-04
  -2.1555365e-02  -5.1043250e-01  -1.9636784e-01  -5.8949408e-04   2.6625845e-03   3.4953217e-04
  -5.5985256e-02  -6.0945247e-01  -1.5017145e-01   1.4034544e-03   3.4095308e-03   1.9095905e-04
  -6.1148434e-02  -5.8217702e-01  -1.2480720e-01  -1.6188595e-05   3.5731165e-03   2.1050838e-04
  -4.3838674e-02  -5.8020457e-01  -1.8550985e-01   5.1371708e-04   2.9035661e-03   3.4154218e-04
  -3.2185440e-02  -6.2930532e-01  -1.0382761e-01   2.5117694e-04   2.5364600e-03   2.3188890e-04
  -5.7918322e-02  -5.5160583e-01  -2.1730133e-01   1.0260125e-03   2.7016981e-03   2.8993188e-04
  -5.7757939e-02  -5.5810844e-01  -1.1852205e-01   7.1868918e-04   2.8074639e-03   1.3216726e-04
  -8.1033641e-02  -5.2419040e-01  -1.8027696e-01   6.5688981e-04   3.0895640e-03  -1.7661508e-04
