   1.4210855e-14   0.0000000e+00   0.0000000e+00   0.0000000e+00  -7.7037198e-34   0.0000000e+00
   2.0424759e-02   2.2525373e-02  -6.9358156e-02   6.9308572e-04  -2.8152137e-04  -1.0827697e-04
   1.6774220e-02   4.5737333e-04  -4.2515602e-02  -4.9009887e-04  -5.1941427e-05  -3.5362001e-04
   2.0581677e-02   4.1624491e-02  -3.9942424e-02  -2.3418703e-04   4.9156111e-06  -5.4062282e-04
   1.7193692e-02  -4.9039265e-03   7.2941326e-03  -6.8915652e-04  -5.5843763e-05  -2.8236664e-04
   1.3973402e-02   2.1985698e-02  -6.2607285e-02   4.2858640e-04   1.2374554e-05  -4.5489628e-04
   2.1286678e-03   1.1247159e-02  -5.0689166e-02  -6.2077431e-04   1.6970866e-04  -1.3406925e-04
   2.5787018e-04   4.2414072e-02  -9.6740687e-02   3.2572096e-04   2.1657137e-04  -4.1785074e-04
  -6.1631494e-03   1.2604134e-03  -5.9795422e-02  -2.1106321e-04   3.7592581e-04  -1.7540024e-04
   3.1409660e-03   1.6724705e-02  -5.6931213e-02   4.9687992e-04   2.2200010e-04  -4.5476503e-04
  -2.7532478e-03  -3.7938545e-02  -2.1029734e-02  -2.1614974e-04   4.8550138e-04  -6.8647629e-04
   3.7715671e-03   1.2894839e-02  -5.3475611e-02  -2.7555305e-04   4.4283511e-04  -8.5175591e-04
   2.4562056e-03  -4.9619313e-02  -4.0925873e-02  -4.4783754e-04   3.9940395e-04  -6.3487580e-04
   9.4654537e-03   5.0481115e-03  -8.6581909e-02   2.4911447e-04   2.6492877e-04  -7.0681705e-04
   8.7440620e-04  -2.1146072e-02  -5.3887713e-02  -6.3667525e-04   4.8499012e-04  -5.7045374e-04
   3.7603858e-03   1.7735995e-02  -8.5046998e-02   1.0787370e-04   4.5823261e-04  -7.7309888e-04
   8.1176430e-03  -2.3662316e-02  -6.5489198e-02  -8.0950987e-04   5.0133006e-04  -7.5629719e-04
   6.9626457e-03   1.5402930e-02  -7.0765412e-02  -5.0850411e-04   5.5249924e-04  -8.1083447e-04
   5.2131610e-03  -3.6401879e-02  -6.8631360e-02  -4.1181628e-04   5.0330258e-04  -6.7830346e-04
   1.7561839e-03  -5.0936400e-04  -6.8264119e-02  -4.5287158e-04   6.2261597e-04  -7.1534261e-04
   4.4166549e-03  -6.0594906e-02  -5.6886635e-02  -4.4266053e-04   6.5922245e-04  -7.2789878e-04
   5.0345200e-03   7.1903631e-03  -6.8072160e-02  -5.4870315e-04   5.9708330e-04  -7.2682708e-04
   4.0107466e-03  -5.7926481e-02  -6.5402956e-02  -2.0712664e-04   6.2353955e-04  -6.7590102e-04
   2.5853817e-03  -6.2214510e-04  -6.4673548e-02  -1.3078756e-04   6.6664478e-04  -7.4956048e-04
   6.4187251e-03  -7.3547996e-02  -4.6526237e-02  -2.6289797e-04   5.5086972e-04  -7.2595848e-04
   1.0622505e-02  -5.9157745e-03  -7.6474250e-02   2.6422687e-05   5.9069701e-04  -5.6236129e-04
   1.0006864e-02  -3.8057620e-02  -6.3016035e-02   2.8141694e-04   4.9720012e-04  -5.0591983e-04
   6.9452102e-03  -6.3567204e-03  -5.9107925e-02   4.4211269e-04   3.9742141e-04  -4.9861963e-04
  -4.1109500e-03  -7.1584008e-02  -4.5451431e-02   8.9691099e-04   4.1642089e-04  -4.0852551e-04
   2.3078959e-03  -2.3246577e-02  -4.2277952e-02   4.0613708e-04   2.8838544e-04  -5.1196366e-04
   6.3151532e-03  -7.1804515e-02  -2.6609459e-02   2.7546797e-04   3.7939312e-04  -5.1654871e-04
   1.2058971e-02  -2.0536697e-02  -3.6637872e-02  -2.9622033e-04   1.3122888e-04  -5.6712091e-04
   2.2219953e-02  -7.6648886e-02  -9.4195012e-02   1.2188921e-03  -3.8770410e-04  -1.1873977e-04
   1.5809260e-02  -6.1196905e-02  -4.5839350e-02  -3.7081577e-04  -8.8724762e-05  -5.4805727e-04
   5.8297408e-03  -2.0560477e-02  -6.8791210e-02  -9.9267384e-04   1.1716479e-04  -4.3070633e-04
   1.0757401e-02  -4.5132925e-02  -1.0087784e-01   4.2875565e-04   3.2052575e-05  -7.6992735e-04
   4.5510962e-03  -4.8312659e-02  -4.9494776e-02  -7.6808103e-04   3.0240076e-04  -5.0558394e-04
   1.5889652e-02  -3.2744581e-02  -8.5639126e-02  -3.9793052e-05   8.6878889e-05  -7.6471735e-04
   1.2902634e-02  -7.3831274e-02  -7.5461533e-02  -2.5922035e-04   2.6516453e-04  -6.3309680e-04
   7.6097726e-03  -3.3569040e-02  -9.8781222e-02  -5.9719800e-04   3.8229753e-04  -6.7349092e-04
   1.7999915e-02  -9.7670184e-02  -4.7552316e-02  -4.5958241e-04   4.1807405e-04  -6.2343768e-04
   1.1629647e-02  -4.6723374e-02  -1.1339412e-01  -4.6845941e-04   3.0636082e-04  -5.7135318e-04
   9.7255233e-03  -6.2939257e-02  -7.1547515e-02  -4.3049380e-04   3.4912769e-04  -4.8442861e-04
   8.7464124e-03  -7.9044147e-02  -1.0088053e-01  -4.0836285e-04   3.9970825e-04  -5.6807903e-04
   7.3319050e-03  -2.5722786e-02  -9.1772256e-02  -7.4443516e-04   3.4573940e-04  -5.1209341e-04
   7.4444723e-03  -8.3443412e-02  -1.0024062e-01  -2.9296748e-04   3.0856370e-04  -5.0233551e-04
   7.1256325e-03  -3.9092681e-02  -8.0530991e-02  -5.4839470e-04   3.9051200e-04  -5.9784379e-04
   8.5451874e-03  -1.0334449e-01  -9.3398759e-02  -2.8076133e-04   3.8356382e-04  -6.6625616e-04
   1.0323169e-02  -5.8247804e-02  -8.2576935e-02  -5.7202345e-04   3.6639635e-04  -8.0094148e-04
   1.0770847e-02  -1.3343346e-01  -9.5749172e-02  -9.2711652e-04   5.2622112e-04  -7.0258390e-04
   1.3750905e-02  -9.4376657e-02  -7.8908415e-02  -7.7646411e-04   5.1720579e-04  -7.8201369e-04
   8.6863468e-03  -1.4225514e-01  -1.1220296e-01  -9.0647845e-04   6.2514260e-04  -7.4766097e-04
   5.1318135e-03  -9.7980347e-02  -9.3950158e-02  -7.9712774e-04   6.7215588e-04  -8.4405732e-04
   9.1046748e-03  -1.3807064e-01  -1.0417517e-01  -3.9830064e-04   7.1513295e-04  -1.0238665e-03
   7.0676710e-03  -9.0478516e-02  -9.9074759e-02  -7.1540170e-04   7.7981819e-04  -8.3944396e-04
   5.2102004e-03  -1.2552503e-01  -1.0195302e-01   3.8014147e-04   6.6173003e-04  -9.0224571e-04
   9.4314199e-03  -8.6516336e-02  -9.9135056e-02  -4.3926761e-04   4.5547984e-04  -7.0519632e-04
   1.3180516e-03  -8.8682662e-02  -1.0220641e-01   1.1944931e-03   4.5479409e-04  -1.5423140e-04
   3.9530162e-03  -8.7182035e-02  -1.0700514e-01  -4.0296964e-04   5.7740618e-04  -4.3875688e-04
   1.3021965e-02  -1.3702991e-01  -1.3194328e-01   7.9549715e-04   3.4837860e-04  -7.0784137e-04
   8.9294584e-03  -1.1713646e-01  -9.8321875e-02  -8.8292627e-04   4.4449637e-04  -3.8019179e-04
   1.6380157e-02  -1.3699608e-01  -1.0957738e-01   3.2576685e-04   3.8173171e-04  -7.5144002e-04
   8.1233986e-03  -1.0446006e-01  -8.8020758e-02  -1.4891438e-03   5.9641563e-04  -5.6682362e-04
   1.3356483e-02  -1.5342830e-01  -9.2701129e-02  -1.8459898e-04   4.6721642e-04  -8.7809448e-04
   9.0862453e-03  -9.9336081e-02  -9.5876944e-02  -1.9457719e-03   4.6713283e-04  -5.6859591e-04
   9.9484332e-03  -1.4193408e-01  -6.0498032e-02  -1.8401821e-04   5.5464485e-04  -8.1972593e-04
  -1.4189723e-02  -1.1477523e-01  -6.9986510e-02  -1.8294524e-03   1.1680303e-03  -7.4588482e-04
  -4.9164225e-03  -1.2201109e-01  -1.2226581e-01  -1.0004170e-04   8.9080866e-04  -9.2278714e-04
   3.9038757e-03  -1.1466037e-01  -8.2691863e-02  -1.2419775e-03   8.4680953e-04  -7.3570109e-04
   1.4494885e-03  -1.3923329e-01  -1.2111366e-01   2.6359343e-04   9.8407027e-04  -9.1192722e-04
   8.4054151e-03  -1.3700986e-01  -5.6583546e-02  -8.7487931e-04   7.8178849e-04  -7.8876839e-04
   6.0914778e-03  -1.2821390e-01  -1.2750138e-01   4.1475518e-04   7.1496096e-04  -7.6356375e-04
   1.5232533e-02  -1.2615274e-01  -6.8227000e-02  -9.1710771e-04   4.9336980e-04  -7.4133947e-04
   5.2920459e-03  -1.3436051e-01  -1.1657694e-01   1.3016366e-04   6.3962162e-04  -8.2336919e-04
   1.5562630e-02  -1.3703189e-01  -5.6697059e-02  -1.1136038e-03   5.2218947e-04  -7.6206623e-04
   6.4080229e-03  -1.3700010e-01  -1.2090442e-01   4.8049816e-07   6.8145474e-04  -7.5679148e-04
   1.8511640e-02  -1.4895179e-01  -5.6256153e-02  -1.2703650e-03   5.0372007e-04  -7.6079210e-04
   1.0949157e-02  -1.5240149e-01  -1.1475511e-01   1.3529978e-04   6.7079839e-04  -8.1536148e-04
   1.6609511e-02  -1.6012502e-01  -6.3444175e-02  -1.3087550e-03   5.8934841e-04  -7.3031877e-04
   1.7660530e-02  -1.8443626e-01  -8.9125778e-02   2.5629655e-04   5.5093103e-04  -8.3696773e-04
   1.9233111e-02  -1.7829904e-01  -5.8695120e-02  -1.0176923e-03   5.3663076e-04  -7.9221783e-04
   9.6951567e-03  -1.6089741e-01  -1.2398575e-01  -6.2063594e-05   5.1877384e-04  -8.7529331e-04
   9.8345388e-03  -1.7340682e-01  -6.8428918e-02  -1.4665248e-03   6.0329639e-04  -6.8608157e-04
   4.3045960e-03  -1.7304774e-01  -1.2287456e-01   2.1975431e-04   7.2763259e-04  -6.8533813e-04
   1.2575149e-02  -1.6971695e-01  -1.0178970e-01  -1.2883744e-03   6.5401583e-04  -5.5779241e-04
   8.3132605e-03  -1.7573603e-01  -1.4214358e-01   4.1121336e-05   6.9739002e-04  -6.5622471e-04
   6.0427894e-03  -1.9282439e-01  -6.9743096e-02  -1.0019777e-03   6.8509595e-04  -4.6341910e-04
   1.3532446e-02  -1.9102918e-01  -1.1209978e-01   2.2540081e-04   5.3519337e-04  -7.7851851e-04
   1.0743887e-02  -1.7876603e-01  -6.8325830e-02  -9.4887639e-04   5.6862083e-04  -5.3608072e-04
   7.8457686e-03  -1.9493055e-01  -9.2548312e-02  -1.6452290e-04   4.0038993e-04  -7.6161367e-04
   1.1575147e-02  -1.9327364e-01  -6.6222748e-02  -9.4109438e-04   3.1506253e-04  -7.0666920e-04
   1.0382050e-02  -1.9897652e-01  -1.0437431e-01  -1.1050502e-04   3.3915221e-04  -8.7294513e-04
   1.1615813e-02  -1.8726865e-01  -6.2437418e-02  -1.0918533e-03   5.3152352e-04  -6.5071896e-04
   1.9515950e-02  -1.9429059e-01  -1.0288026e-01   9.6227673e-05   5.3434223e-04  -8.9868933e-04
   1.5145551e-02  -1.8379472e-01  -7.7121371e-02  -1.2615094e-03   6.0961694e-04  -5.7238448e-04
   1.7961681e-02  -2.0440424e-01  -1.0517144e-01  -9.0615817e-05   6.4172530e-04  -8.2227614e-04
   1.5878421e-02  -2.0360512e-01  -7.6601247e-02  -1.1532773e-03   7.2416588e-04  -6.4751608e-04
   2.0167508e-02  -2.0813967e-01  -8.8944369e-02  -2.3708627e-05   6.2310503e-04  -9.8013451e-04
   1.6235522e-02  -2.2530528e-01  -6.6305863e-02  -1.2975143e-03   7.8110345e-04  -8.0606239e-04
   1.7920745e-02  -2.0544121e-01  -1.1656681e-01  -1.5121670e-04   6.1797423e-04  -1.0275423e-03
   1.2611704e-02  -2.2954940e-01  -7.2769172e-02  -1.5748809e-03   1.0674423e-03  -1.1342143e-03
   1.4383018e-02  -2.1818095e-01  -1.2601414e-01  -2.6194776e-04   8.8389553e-04  -1.3047192e-03
   1.5205683e-02  -2.1495032e-01  -9.6739037e-02  -1.4773945e-03   8.7032394e-04  -8.8564715e-04
   1.4273490e-02  -2.2071903e-01  -1.6056445e-01   2.2864426e-04   7.8554880e-04  -9.2122668e-04
   1.3851660e-02  -2.1881216e-01  -1.2935535e-01  -1.6653536e-03   9.2030755e-04  -8.4203821e-04
   9.1391787e-03  -2.2795535e-01  -1.7483864e-01   8.1708352e-05   8.1546457e-04  -9.7529809e-04
   1.1483436e-02  -2.1515065e-01  -1.1220578e-01  -1.2827803e-03   6.2406795e-04  -8.8634380e-04
   2.5361042e-04  -2.1586437e-01  -1.7529205e-01   2.6329498e-04   7.0614437e-04  -8.3507592e-04
   1.5298070e-02  -2.4172971e-01  -1.0086252e-01  -4.4724016e-04   5.2270085e-04  -8.4558799e-04
   1.8157776e-03  -2.2344906e-01  -1.6925177e-01   6.8919237e-04   6.0774279e-04  -7.4493712e-04
   1.5148569e-02  -2.5617603e-01  -8.6835293e-02  -3.8665787e-04   4.7867176e-04  -7.7252377e-04
   7.9610038e-03  -2.4636299e-01  -1.4814402e-01   5.4534603e-04   6.3449363e-04  -8.0200743e-04
   1.5001588e-02  -2.5398928e-01  -8.2400558e-02  -8.8276579e-04   5.4421469e-04  -6.9994996e-04
   1.0034185e-02  -2.4870724e-01  -1.4067560e-01   2.3097973e-04   7.8384782e-04  -6.5438903e-04
   1.5153368e-02  -2.4637191e-01  -9.8234575e-02  -1.2519342e-03   6.3691127e-04  -7.2235727e-04
   4.4142803e-03  -2.4263761e-01  -1.6934747e-01   5.2789593e-05   8.6137426e-04  -6.7406186e-04
   1.8874300e-02  -2.5221515e-01  -9.9732733e-02  -1.2632997e-03   7.7935783e-04  -7.4355810e-04
   6.6929103e-03  -2.4179049e-01  -1.6797134e-01   1.0181014e-05   9.3532312e-04  -8.0888853e-04
   2.2372935e-02  -2.6074907e-01  -9.0630487e-02  -1.1111135e-03   7.2393100e-04  -8.3750068e-04
   1.1282617e-02  -2.4642850e-01  -1.5304952e-01   6.9476557e-05   8.7693656e-04  -8.8981015e-04
   2.0441417e-02  -2.6496991e-01  -8.8478377e-02  -1.1923858e-03   7.4468577e-04  -9.7326725e-04
   1.9008993e-02  -2.8581946e-01  -1.0451792e-01  -2.1159920e-04   9.6020783e-04  -1.0719502e-03
   2.2642214e-02  -3.3902006e-01  -1.0775898e-01  -4.6429673e-04   9.1058703e-04  -1.0606619e-03
   2.3121297e-02  -2.8964518e-01  -9.3584046e-02  -1.1254840e-03   8.8738029e-04  -9.8033147e-04
   1.8334942e-02  -3.3492386e-01  -1.4659560e-01  -4.4361080e-04   8.1043320e-04  -1.0832036e-03
   1.8436622e-02  -3.0509554e-01  -1.2259385e-01  -9.5356596e-04   8.0325057e-04  -9.6467396e-04
   2.1879494e-02  -3.3902461e-01  -1.3910298e-01  -2.9886361e-04   7.4596353e-04  -9.4103242e-04
   2.1309530e-02  -3.1079240e-01  -1.0083867e-01  -6.1951857e-04   7.0993390e-04  -9.9258637e-04
   7.2472590e-03  -3.3935246e-01  -1.2211674e-01   9.4772364e-05   7.5856718e-04  -7.2484354e-04
   1.3079340e-02  -2.9338967e-01  -9.9722917e-02  -3.3896666e-04   6.5478235e-04  -9.1964001e-04
   8.2374769e-03  -3.2898354e-01  -1.1307750e-01  -4.4392458e-04   7.1907528e-04  -9.1767714e-04
   1.3900667e-02  -2.6767525e-01  -1.1801189e-01  -5.4781303e-04   6.4376876e-04  -1.1195191e-03
   1.5851808e-02  -3.2501382e-01  -1.3514426e-01  -6.7553886e-04   7.3501571e-04  -9.3655361e-04
   2.5051134e-02  -2.8181199e-01  -1.2541835e-01  -8.2186203e-04   6.5375753e-04  -1.1351657e-03
   2.1416141e-02  -3.2742445e-01  -1.3794352e-01  -2.4148556e-04   6.9505522e-04  -9.3252153e-04
   2.5373744e-02  -2.6726895e-01  -1.3072000e-01  -5.8611417e-04   6.9841764e-04  -1.0297428e-03
   2.4221913e-02  -3.3205760e-01  -1.1415491e-01  -4.8327267e-04   6.4209373e-04  -8.9871247e-04
   2.6440137e-02  -2.9930199e-01  -1.1136295e-01  -7.9853963e-04   5.4491418e-04  -1.0047908e-03
   2.4024452e-02  -3.2979161e-01  -1.3735539e-01  -3.0538509e-04   5.2789403e-04  -1.0027912e-03
   2.5230777e-02  -3.0307604e-01  -1.2357834e-01  -8.7371714e-04   5.1383988e-04  -1.0665348e-03
   2.0872896e-02  -3.5971978e-01  -1.1574543e-01  -5.0045744e-04   6.3873701e-04  -9.5019520e-04
   2.2877965e-02  -3.1983310e-01  -1.4472874e-01  -9.4187866e-04   7.1229258e-04  -1.1181692e-03
   1.6647015e-02  -3.7835638e-01  -1.1695966e-01  -6.2740746e-04   8.3049149e-04  -1.0166843e-03
   1.6609546e-02  -3.1896914e-01  -1.4916634e-01  -7.0412608e-04   7.8365548e-04  -1.1244773e-03
   1.4636665e-02  -3.7454038e-01  -1.2160214e-01  -5.5267337e-04   7.4312520e-04  -9.0234907e-04
   1.5095108e-02  -3.2709241e-01  -1.4152355e-01  -5.9642701e-04   7.7867767e-04  -1.1302420e-03
   1.5547898e-02  -3.9408001e-01  -1.2556214e-01  -6.3680230e-04   8.0178160e-04  -1.1013190e-03
   2.0610357e-02  -3.3492415e-01  -1.2898694e-01  -4.7065953e-04   8.6898727e-04  -1.3699212e-03
   2.2670540e-02  -3.9909715e-01  -1.2183094e-01  -3.1448334e-04   9.5831242e-04  -1.1724797e-03
   2.8594093e-02  -3.5737325e-01  -1.1109636e-01  -4.8418897e-04   9.5733943e-04  -1.0804699e-03
   2.6718762e-02  -4.3523176e-01  -1.0776258e-01  -9.6714496e-05   9.4220807e-04  -9.6753390e-04
   2.8314874e-02  -3.8059741e-01  -1.1624572e-01  -4.4893465e-04   1.0052426e-03  -1.2890486e-03
   2.4578334e-02  -4.3748515e-01  -1.0790778e-01  -1.9576403e-04   9.8209709e-04  -1.1331830e-03
   2.8593264e-02  -3.9661870e-01  -1.1237353e-01  -5.4119045e-04   1.0489663e-03  -1.3615648e-03
   2.8452485e-02  -4.4520063e-01  -9.9491664e-02  -6.8502845e-04   9.4350216e-04  -1.2245785e-03
   2.9173567e-02  -3.8661687e-01  -1.0925616e-01  -4.5047852e-04   8.4154415e-04  -1.4204136e-03
   1.9722247e-02  -4.0734081e-01  -1.2519326e-01  -7.8489656e-04   9.9529621e-04  -1.0967135e-03
   2.5393666e-02  -3.8172305e-01  -1.3183933e-01  -5.3403024e-04   7.0917988e-04  -1.1954234e-03
   1.8184940e-02  -4.2962579e-01  -1.2069798e-01  -8.6450757e-04   9.5801620e-04  -1.0208943e-03
   2.4924043e-02  -3.8770365e-01  -1.3245525e-01  -5.8176562e-04   7.3739874e-04  -1.1255706e-03
   2.1095494e-02  -4.1778369e-01  -1.4736773e-01  -3.8006844e-04   7.1100259e-04  -1.0372465e-03
   1.6790191e-02  -3.8904974e-01  -1.1924756e-01  -9.0640125e-04   7.9753997e-04  -1.1582540e-03
   1.4027922e-02  -4.4236702e-01  -1.2542980e-01   1.9353509e-04   8.5576163e-04  -8.9834889e-04
   2.3455293e-02  -3.8612455e-01  -1.3568929e-01  -6.8158413e-04   7.9152814e-04  -1.0604636e-03
   2.4608018e-02  -4.4613786e-01  -1.0680056e-01  -7.8110001e-05   9.2956426e-04  -9.3672500e-04
   2.5528089e-02  -3.8558895e-01  -1.2346630e-01  -2.8373686e-04   8.9723049e-04  -9.6106089e-04
   3.2433460e-02  -4.3753803e-01  -7.5363474e-02  -2.3329945e-04   8.0045517e-04  -9.9115573e-04
   2.1930696e-02  -4.0537743e-01  -1.2284282e-01  -4.3923745e-04   8.8127415e-04  -7.8336953e-04
   3.8132593e-02  -4.5978856e-01  -4.7579290e-02  -7.0209049e-04   6.3280769e-04  -7.7315079e-04
   2.3349647e-02  -4.1174243e-01  -1.3947113e-01  -7.0923288e-04   8.5122330e-04  -7.8616808e-04
   3.6257232e-02  -4.5960281e-01  -5.0820793e-02  -8.2644584e-04   6.3283175e-04  -9.5583990e-04
   2.3518111e-02  -4.0959649e-01  -1.5985516e-01  -7.5515052e-04   7.2965365e-04  -8.7512074e-04
   3.3818864e-02  -4.5407900e-01  -6.5113892e-02  -1.1240266e-03   7.1439183e-04  -9.9154289e-04
   2.0289116e-02  -4.3604391e-01  -1.5581154e-01  -4.6448893e-04   8.1335995e-04  -1.0456533e-03
   3.1846963e-02  -4.7693039e-01  -9.0220533e-02  -7.9953099e-04   6.8986325e-04  -1.1855775e-03
   1.1493582e-02  -4.3352843e-01  -1.9111739e-01  -9.5205545e-04   9.7533932e-04  -1.1411293e-03
   1.7454234e-02  -4.7552551e-01  -9.3799924e-02  -8.0077807e-04   8.4685110e-04  -1.1991826e-03
   9.3370988e-03  -4.2492105e-01  -1.7501683e-01  -7.3472366e-04   1.1395778e-03  -1.1018614e-03
   2.5245407e-02  -4.9133497e-01  -1.1464850e-01  -5.9709161e-04   8.9670585e-04  -1.0774725e-03
   1.5097781e-02  -4.6526393e-01  -1.3305116e-01  -1.1477123e-03   1.1669879e-03  -9.0761509e-04
   2.8092733e-02  -5.1617844e-01  -1.1476525e-01   2.7560302e-04   9.1378688e-04  -1.1636232e-03
   2.0901446e-02  -4.8437008e-01  -1.0542963e-01  -1.1858283e-03   9.5784992e-04  -1.0743900e-03
   1.7030800e-02  -5.0985708e-01  -1.3032380e-01   1.8310013e-04   8.8305526e-04  -1.3772793e-03
   1.8177834e-02  -4.7688970e-01  -8.5828694e-02   4.2860911e-05   8.1580973e-04  -1.1175638e-03
   2.0154225e-02  -4.8309071e-01  -1.2233601e-01   2.7037598e-04   7.6138546e-04  -1.2797242e-03
   1.9535641e-02  -4.4702644e-01  -9.3042089e-02  -2.7915491e-04   7.7833921e-04  -1.0928063e-03
   2.6341659e-02  -4.9487345e-01  -1.0973745e-01  -3.5667205e-05   5.9377120e-04  -1.2124853e-03
   2.8013130e-02  -4.7043410e-01  -8.5493488e-02  -4.5934958e-04   6.5145162e-04  -1.2619657e-03
   2.9692777e-02  -5.2971401e-01  -9.9853819e-02  -8.3983391e-04   7.4474614e-04  -1.2285388e-03
   3.2495729e-02  -4.7232869e-01  -1.0847849e-01  -6.0804766e-04   6.9079994e-04  -1.3100910e-03
   3.1923763e-02  -5.2804649e-01  -1.1060099e-01  -8.8040228e-04   8.4668717e-04  -1.2557947e-03
   3.2003427e-02  -4.8408911e-01  -1.0245382e-01  -7.4235912e-04   9.4024645e-04  -1.3304920e-03
   2.6150299e-02  -5.3818587e-01  -1.1669808e-01  -6.5740239e-04   1.1234415e-03  -1.2109735e-03
   3.0163392e-02  -4.8467265e-01  -1.2276668e-01  -7.3061968e-04   9.6211166e-04  -1.3769334e-03
   1.9465335e-02  -5.2919985e-01  -1.4202578e-01  -5.0948271e-04   1.2091498e-03  -1.1787692e-03
   3.2440797e-02  -4.8526323e-01  -1.3600365e-01  -6.5929499e-04   1.0668666e-03  -1.3946322e-03
   3.1365501e-02  -5.3617591e-01  -1.0607408e-01  -1.0286848e-03   1.1221496e-03  -1.4253129e-03
   2.3235123e-02  -5.2187150e-01  -1.2427667e-01  -1.6228425e-03   1.0236479e-03  -1.3871076e-03
   1.0046349e-02  -5.1180278e-01  -2.0930850e-01  -1.5191990e-04   1.0267396e-03  -1.4549167e-03
   1.1836875e-02  -5.3475867e-01  -1.4415125e-01  -9.1851776e-04   1.1469169e-03  -1.4155236e-03
   1.9686683e-02  -5.6139272e-01  -1.7880698e-01   7.1524632e-04   1.1890136e-03  -1.6148930e-03
   2.3449979e-02  -5.7039265e-01  -1.0612767e-01  -3.7323661e-04   1.0321745e-03  -1.2328998e-03
   2.8343478e-02  -5.8250001e-01  -1.5177269e-01   4.9773195e-04   9.1038517e-04  -1.4738549e-03
   2.8783648e-02  -5.6642437e-01  -1.1673390e-01  -5.1055092e-04   9.2693761e-04  -1.2803631e-03
   3.6457679e-02  -5.9767358e-01  -1.3232905e-01   1.0151207e-05   8.7639710e-04  -1.3595713e-03
   3.3733932e-02  -5.5750535e-01  -9.4825352e-02  -7.1523980e-04   8.5177690e-04  -1.2517662e-03
   3.0873734e-02  -5.7394858e-01  -1.4647053e-01  -4.5967616e-04   8.0823064e-04  -1.2131440e-03
   3.0520934e-02  -5.4364889e-01  -1.0501750e-01  -6.6941600e-04   7.4249945e-04  -1.2689988e-03
   2.8660782e-02  -5.6468695e-01  -1.4414423e-01  -5.7590333e-04   8.4702312e-04  -1.2380350e-03
   3.0844525e-02  -5.4430654e-01  -1.0703844e-01  -7.3142865e-04   8.4076113e-04  -1.2985011e-03
