   0.0000000e+00   0.0000000e+00  -7.1054274e-15   6.9388939e-18  -6.9388939e-18   4.8148249e-35
  -1.2555988e-02   4.3474780e-02  -6.1179856e-03  -2.8220767e-05   3.3266844e-04  -9.4798818e-04
  -2.4967560e-02   3.3791595e-03  -4.6824709e-02  -3.3904825e-04  -3.7680155e-05  -1.5227116e-03
   1.3850773e-03  -5.4643389e-02  -2.0230949e-02  -1.0419260e-03  -8.6756539e-04  -1.5511594e-03
  -1.0452116e-02  -2.1394746e-02  -2.1584298e-02  -7.3355203e-04  -6.2774718e-04  -1.9393738e-03
  -3.8807155e-02  -2.0282533e-02  -6.9746378e-02   3.1499473e-04  -1.0256628e-03  -1.3747053e-03
  -7.1797055e-02  -3.9559985e-02  -8.8516692e-02  -2.2989736e-04  -2.0081353e-03  -1.3327778e-03
  -1.0353957e-01  -3.2266863e-02  -8.7318659e-02   7.9889757e-05  -7.7904577e-04  -2.9389563e-03
  -1.1473793e-01  -1.8457090e-02  -1.6136547e-01   7.2274126e-04  -1.1470040e-03  -2.9440562e-03
  -9.7572316e-02  -3.2836967e-02  -1.2125714e-01   2.1634167e-04  -1.3527228e-03  -2.5868038e-03
  -8.1617692e-02  -3.5712849e-02  -1.1707956e-01  -1.5215110e-04  -1.3840081e-03  -1.8955329e-03
  -1.0983475e-01   2.1967249e-02  -1.8568743e-01  -6.9284394e-04  -1.2518879e-03  -1.5349338e-03
  -9.3436188e-02   3.4528977e-02  -2.2256438e-01  -5.5973191e-04  -1.3948203e-03  -7.5375263e-04
  -7.0741361e-02  -5.6095078e-02  -1.8101057e-01  -6.1795564e-04  -1.2057899e-03  -2.1972955e-03
  -1.0056445e-01  -3.4697266e-04  -1.8837416e-01  -2.7443808e-04  -1.3912314e-03  -2.0030762e-03
  -1.0455599e-01   1.3456546e-03  -2.3313424e-01  -2.4642881e-04  -1.7106369e-03  -2.1354253e-03
  -9.9264750e-02  -3.3524364e-02  -1.9470171e-01  -1.2027066e-03  -1.5513735e-03  -1.6309895e-03
  -1.1976458e-01  -7.1511886e-03  -2.3489516e-01  -3.9898074e-04  -1.4931567e-03  -1.8339062e-03
  -8.8060505e-02  -3.7521560e-02  -2.1113866e-01  -1.2339052e-03  -1.4677067e-03  -1.7528608e-03
  -1.0782606e-01   3.9425112e-03  -2.2498720e-01  -6.1162382e-04  -1.6369425e-03  -1.7560544e-03
  -9.8019402e-02  -7.5482201e-03  -2.3751245e-01  -6.1270233e-04  -1.9998488e-03  -1.0966639e-03
  -1.0986217e-01   1.2871555e-02  -2.2262021e-01  -1.0709480e-03  -1.4633156e-03  -2.0293584e-03
  -1.0756562e-01   9.5253532e-03  -2.5752811e-01  -2.5264506e-04  -1.8793208e-03  -1.9546736e-03
  -6.8018889e-02  -2.0972659e-02  -1.1113724e-01  -1.4971324e-03  -1.7211897e-03  -2.2902524e-03
  -6.0715135e-02   5.5239536e-03  -1.9471165e-01  -2.5140530e-04  -2.0852045e-03  -1.8161293e-03
  -3.7893458e-02  -4.8237470e-03  -1.5480251e-01  -1.1573115e-03  -2.2508560e-03  -2.1752611e-03
  -1.0089644e-01   2.0001239e-02  -2.3601907e-01  -2.9174773e-04  -1.9501781e-03  -1.8948676e-03
  -7.0885457e-02  -7.7303481e-03  -2.4651110e-01   2.7149297e-04  -2.4839808e-03  -1.6905888e-03
  -8.5826448e-02  -7.1960170e-03  -2.1814799e-01  -8.8301891e-04  -2.1380770e-03  -1.6784310e-03
  -7.4033335e-02  -1.2662645e-02  -2.5401133e-01  -2.9431185e-04  -2.6906771e-03  -1.3249183e-03
  -8.2322244e-02  -1.2104521e-02  -2.2809075e-01  -7.5946725e-04  -2.1400649e-03  -1.7899836e-03
  -8.1407339e-02  -1.4804954e-02  -2.7150980e-01  -8.9987096e-05  -2.4131688e-03  -1.5664533e-03
  -7.3554302e-02  -9.4245011e-03  -2.7703653e-01  -8.6742046e-04  -2.4121720e-03  -1.3991975e-03
  -8.5953618e-02  -5.0186685e-04  -2.7034032e-01  -8.7288065e-04  -2.1626140e-03  -1.4368774e-03
  -9.7883049e-02   9.7343856e-04  -3.2210063e-01  -8.4213909e-05  -2.4418111e-03  -1.2570111e-03
  -7.8368438e-02  -2.9447276e-02  -2.7289468e-01  -1.3074846e-03  -2.2435393e-03  -1.2941695e-03
  -1.0624655e-01   1.5090524e-02  -3.1460822e-01  -2.8432615e-04  -2.2935771e-03  -1.1277195e-03
  -9.8680092e-02   2.8175994e-03  -3.1113214e-01  -4.8399486e-04  -2.3263094e-03  -1.1677833e-03
  -9.8491472e-02  -1.0722842e-02  -2.7861634e-01  -5.1986641e-04  -2.1167369e-03  -1.4404564e-03
  -1.0725979e-01  -1.0485441e-02  -3.1082956e-01   2.8510241e-04  -2.2818819e-03  -1.3682989e-03
  -9.5783788e-02  -3.6520217e-02  -2.8304960e-01  -9.4193176e-04  -2.2963017e-03  -1.4239157e-03
  -1.0241717e-01  -4.4782500e-02  -2.8206519e-01   6.3234467e-05  -2.1455729e-03  -1.9327252e-03
  -1.0308365e-01  -5.4057440e-02  -2.9973197e-01   1.6372599e-04  -2.3141689e-03  -2.2237987e-03
  -8.5448605e-02  -7.0148696e-02  -2.5521179e-01  -1.6677506e-03  -2.2237091e-03  -2.5628364e-03
  -1.0918224e-01  -4.8562993e-02  -2.8210558e-01  -4.6732173e-04  -2.1065481e-03  -2.3990364e-03
  -9.5818017e-02  -9.6506986e-02  -2.9049249e-01  -1.9507704e-04  -2.2411872e-03  -2.0638911e-03
  -9.4541032e-02  -9.2423996e-02  -2.4946147e-01  -9.0512278e-04  -2.0424062e-03  -1.9962648e-03
  -9.3782917e-02  -7.5188897e-02  -2.7771361e-01  -5.5483722e-05  -2.4660517e-03  -1.8712057e-03
  -9.1524396e-02  -8.9670290e-02  -2.7704339e-01   1.0097340e-04  -2.3591077e-03  -1.8105874e-03
  -9.2665492e-02  -4.8341782e-02  -2.3533172e-01  -6.5131415e-04  -2.4209478e-03  -2.0164406e-03
  -9.1577830e-02  -4.8921315e-02  -2.8055924e-01  -1.8890730e-04  -2.6296410e-03  -1.6279263e-03
  -8.5251831e-02  -8.1407023e-02  -2.4170291e-01  -8.2500065e-04  -2.3136611e-03  -2.1337868e-03
  -1.0193323e-01  -6.5467542e-02  -3.0148326e-01   2.6011322e-04  -2.5415949e-03  -1.9531035e-03
  -8.4557204e-02  -1.0579036e-01  -2.7259304e-01  -5.1233363e-04  -2.4545923e-03  -2.1480734e-03
  -1.0803646e-01  -7.9825884e-02  -2.9349055e-01   8.0671349e-05  -2.3780063e-03  -2.1297921e-03
  -9.3377658e-02  -1.1109061e-01  -2.9312860e-01  -5.0622192e-04  -2.4666185e-03  -2.2020993e-03
  -1.0262580e-01  -9.1257116e-02  -2.8982078e-01  -1.6506912e-04  -2.2413794e-03  -2.3853597e-03
  -1.0524289e-01  -1.0306730e-01  -3.2805540e-01   4.4531948e-04  -2.4068470e-03  -2.4311054e-03
  -9.2407909e-02  -1.0328650e-01  -2.8421533e-01  -9.6114120e-04  -2.2676765e-03  -2.7163107e-03
  -1.0886040e-01  -7.3583214e-02  -3.1418523e-01   2.9450334e-05  -2.3076079e-03  -2.6426821e-03
  -1.0223740e-01  -1.1387251e-01  -3.2479670e-01   1.7983543e-05  -2.3839121e-03  -2.6895129e-03
  -1.0479887e-01  -9.2189707e-02  -3.0267832e-01  -2.6336691e-04  -2.1834392e-03  -2.4056259e-03
  -1.0407387e-01  -1.1060682e-01  -3.4968526e-01   1.6995028e-04  -2.4553783e-03  -2.2060910e-03
  -9.7415066e-02  -1.1738683e-01  -3.1459940e-01  -9.5156785e-04  -2.2425058e-03  -2.1040912e-03
  -1.1444072e-01  -9.2525583e-02  -3.2349949e-01   4.5128097e-04  -2.3756834e-03  -1.9131640e-03
  -9.7859600e-02  -1.0810401e-01  -3.0941322e-01  -3.9101198e-04  -2.6909058e-03  -1.8973121e-03
  -9.7565728e-02  -1.1106580e-01  -2.8147332e-01  -7.6065637e-04  -2.2956805e-03  -2.2474748e-03
  -1.1224597e-01  -1.1259310e-01  -3.4046044e-01   4.8214536e-04  -2.4381458e-03  -1.7207464e-03
  -9.5257022e-02  -1.2024867e-01  -2.7850938e-01  -9.6784310e-04  -2.3135132e-03  -1.9451308e-03
  -1.1385900e-01  -8.9275759e-02  -3.1235506e-01  -8.1022574e-05  -2.3398611e-03  -2.2466355e-03
  -1.0262260e-01  -1.3578771e-01  -3.2143266e-01  -2.6703514e-04  -2.4165711e-03  -2.1386504e-03
  -1.1398252e-01  -1.3580662e-01  -2.9462822e-01  -6.4523189e-04  -2.3018708e-03  -2.0184192e-03
  -1.1209661e-01  -1.5427635e-01  -3.5450625e-01   1.3929269e-04  -2.3729856e-03  -2.0259719e-03
  -9.5479584e-02  -1.6888651e-01  -3.0917303e-01  -2.1594718e-03   1.8518982e-03   4.0353188e-04
  -5.4349170e-02  -1.1830395e-01  -3.2450668e-01  -1.3146024e-03   1.5977922e-04   3.4640957e-04
  -6.1838086e-02  -1.2351582e-01  -3.5399309e-01   1.8242882e-04   2.0947473e-05  -5.8498930e-05
  -3.5623000e-02  -1.4758336e-01  -3.0750314e-01  -1.1351535e-03  -2.0236007e-04  -3.1772081e-05
  -4.4490750e-02  -1.0097216e-01  -3.0154308e-01  -3.0180507e-04  -5.1628497e-04   4.1042857e-04
  -2.7984705e-02  -1.8892199e-01  -2.6318254e-01  -2.7980944e-04  -2.1561461e-04   7.8592931e-06
  -3.5401017e-02  -1.3537946e-01  -2.4509136e-01  -4.2947727e-04  -5.0091207e-05  -2.6100253e-04
  -2.1199518e-02  -1.8961586e-01  -2.4146213e-01   6.1686124e-04   1.4171250e-04  -1.2176310e-04
  -7.5977350e-03  -1.9309233e-01  -2.2951738e-01  -2.3400731e-04   1.5286079e-04  -2.6552535e-04
  -3.7464764e-02  -1.2678520e-01  -2.8623843e-01  -6.6606685e-04  -1.0006525e-04  -2.8629476e-04
  -2.8619410e-02  -1.4934478e-01  -2.7562307e-01   1.3255738e-04  -8.7462889e-04  -6.3912765e-04
  -9.4445382e-03  -2.1531740e-01  -2.2681670e-01   1.4481165e-04  -7.0825400e-04  -4.6380796e-04
  -1.9184656e-02  -1.8609766e-01  -2.0365789e-01  -9.0650287e-04  -7.1663569e-04  -9.8851869e-04
  -3.8150339e-02  -1.7375246e-01  -2.4196422e-01   4.9402725e-04  -6.9845460e-04  -1.3467540e-03
  -1.6038164e-02  -1.9001838e-01  -2.3357311e-01  -5.3763748e-04  -8.5043057e-04  -7.4544141e-04
  -3.7676884e-02  -1.4334253e-01  -2.2528699e-01  -1.4866153e-04  -5.6645021e-04  -8.6060557e-04
  -1.1518868e-02  -2.1550191e-01  -2.2169285e-01  -4.3811097e-04  -8.0159921e-04  -7.7381224e-04
  -2.2094847e-02  -1.5534399e-01  -2.0676158e-01  -8.1792212e-04  -6.7080150e-04  -5.2906728e-04
  -3.8424891e-02  -1.6290121e-01  -2.4585420e-01   2.8145681e-04  -6.5125614e-04  -4.9342781e-04
  -1.0804421e-02  -1.8340359e-01  -2.1823803e-01  -1.0537470e-03  -7.7018851e-04  -1.8199259e-04
  -4.3695258e-02  -1.3834563e-01  -2.2666735e-01  -3.1099106e-04  -5.1268824e-04  -1.3877505e-04
  -1.9781772e-02  -2.1001444e-01  -2.2482737e-01  -7.3557608e-04  -7.2493171e-04  -3.8917873e-05
  -3.3547594e-02  -1.5619609e-01  -2.1928138e-01  -8.5285826e-04  -5.5840199e-04  -2.7047739e-04
  -4.1408368e-02  -1.6695561e-01  -2.6742522e-01   2.8347065e-04  -5.4840957e-04   1.0848193e-04
  -2.9833551e-02  -1.7941143e-01  -2.4313673e-01  -8.1890888e-04  -6.7976197e-04   1.9104453e-04
  -4.3849927e-02  -1.2771338e-01  -2.6237646e-01  -6.3832560e-04  -5.2953630e-04   3.4855429e-04
  -3.3807287e-02  -1.4961070e-01  -2.7320090e-01  -5.9739320e-04  -8.3173831e-04   7.1487914e-04
  -8.7059810e-03  -1.8031982e-01  -2.4558010e-01  -1.6506870e-03  -9.5315702e-04   7.0174584e-04
  -1.5072849e-02  -1.2710191e-01  -2.5141865e-01  -1.1532510e-03  -8.8241270e-04   6.9775925e-04
  -8.8279796e-03  -1.7308170e-01  -2.6903001e-01  -1.0097587e-03  -1.0451169e-03   5.5629755e-04
   4.1731293e-03  -2.1157420e-01  -2.4135107e-01  -1.7241055e-03  -8.3087904e-04   7.0134626e-05
  -1.4378303e-02  -1.7157335e-01  -2.3887343e-01  -8.9367297e-04  -7.5225381e-04   2.3878689e-04
   6.8116504e-03  -2.3956543e-01  -2.2805067e-01  -1.5517716e-03  -8.9281507e-04   6.6606446e-05
   3.4481376e-03  -2.1967705e-01  -2.0729252e-01  -1.7367465e-03  -8.8383777e-04  -2.4757005e-05
  -1.1900027e-03  -2.4079792e-01  -2.2178072e-01  -9.9997567e-04  -1.1137936e-03  -6.2934757e-05
   1.5737086e-02  -2.7842825e-01  -2.0161892e-01  -1.9171909e-03  -1.0165184e-03  -3.1123336e-04
  -6.2386617e-03  -3.2153735e-01  -1.8420224e-01  -1.3369287e-03  -5.8355024e-04  -1.6664462e-03
   1.3571533e-02  -2.8394414e-01  -2.2933914e-01  -1.7283761e-03  -1.0512779e-03  -6.8274294e-04
  -2.6524874e-04  -2.3234656e-01  -2.1453687e-01  -1.4588266e-03  -9.3967269e-04  -5.4935521e-04
   1.8478304e-02  -2.8746842e-01  -2.3741790e-01  -1.2519607e-03  -1.2949930e-03  -3.3032492e-04
   2.5242764e-04  -2.1155345e-01  -2.0848081e-01  -1.7701939e-03  -1.0452823e-03  -4.8678701e-04
   5.2628116e-03  -2.5869926e-01  -2.4574938e-01  -8.6570007e-04  -1.2159493e-03  -1.3530182e-04
   4.8630770e-03  -2.2105637e-01  -2.3459495e-01  -1.7709376e-03  -1.3698459e-03   3.2959649e-04
  -1.5338417e-02  -1.9971755e-01  -2.5857452e-01  -5.2722079e-04  -1.1884528e-03   2.8737806e-04
   1.0308410e-02  -2.4922939e-01  -2.5207858e-01  -1.3823772e-03  -1.4768644e-03   5.6677032e-04
  -4.1051521e-03  -2.0709246e-01  -2.3197088e-01  -1.2508916e-03  -1.2896891e-03   3.8999956e-04
   2.1957511e-03  -2.5167966e-01  -2.6009285e-01  -6.2181889e-04  -1.4387093e-03   5.5799805e-04
   1.8695375e-02  -2.4061558e-01  -2.2028680e-01  -2.4403345e-03  -1.5199998e-03   5.0522576e-04
   2.9136333e-03  -2.2135009e-01  -2.3268587e-01  -1.4724833e-03  -1.4231313e-03   4.4840317e-04
   7.8471219e-03  -2.5456135e-01  -2.4545712e-01  -1.3007279e-03  -1.5879833e-03   3.3016563e-04
   1.6707381e-02  -2.5672294e-01  -2.2324316e-01  -2.1196017e-03  -1.5707783e-03   2.8908847e-04
  -1.6487268e-04  -2.2582266e-01  -2.2238529e-01  -1.1907500e-03  -1.3422484e-03   3.5878119e-04
   1.0404700e-02  -2.4011597e-01  -2.3857492e-01  -1.5260247e-03  -1.6436749e-03   7.8205819e-04
   3.7132693e-03  -2.2777888e-01  -2.3930424e-01  -1.8919544e-03  -1.9126858e-03   8.8859266e-04
  -1.8955013e-02  -2.0216574e-01  -2.7352976e-01  -1.4348796e-03  -1.6238483e-03   3.8633846e-04
  -8.5732711e-03  -2.4317695e-01  -2.6388560e-01  -1.7375418e-03  -1.6489835e-03  -2.5287769e-04
   4.6155927e-03  -2.4349805e-01  -2.7298228e-01  -2.2988915e-03  -1.6891921e-03   4.6585461e-04
  -9.7493681e-03  -2.2280004e-01  -2.8887984e-01  -1.6545236e-03  -1.5255345e-03   5.6257877e-04
  -1.0346563e-02  -2.4775460e-01  -2.8250310e-01  -2.0911039e-03  -1.8550725e-03   4.6130852e-04
   1.4283884e-04  -2.8407070e-01  -2.5219972e-01  -2.6991040e-03  -1.7617780e-03   6.1753222e-05
  -1.2285731e-02  -2.4905281e-01  -2.7231696e-01  -1.6578126e-03  -1.4050844e-03  -3.2355108e-04
  -3.7081284e-02  -2.0066668e-01  -3.3276537e-01  -1.1677238e-03  -1.6446254e-03   6.5258411e-04
  -2.1869272e-02  -2.7314622e-01  -2.9756566e-01  -1.5302419e-03  -1.5917092e-03  -7.9739565e-05
   6.1691032e-05  -2.8048796e-01  -2.5965677e-01  -2.3532658e-03  -1.6163029e-03   3.7096138e-04
  -1.3919342e-02  -2.5244428e-01  -2.7662536e-01  -1.5669160e-03  -1.3990221e-03  -1.6215830e-05
   3.6921384e-03  -2.9300481e-01  -2.7857621e-01  -1.1391573e-03  -1.7470973e-03   6.9104820e-04
   9.0121389e-03  -2.8567270e-01  -2.5987523e-01  -1.9846302e-03  -2.0644022e-03   7.6910841e-04
  -2.0827592e-03  -2.7757234e-01  -2.4874213e-01  -2.1166033e-03  -1.7007113e-03   2.5320530e-04
  -8.8608159e-04  -2.8958802e-01  -2.6539096e-01  -1.5341494e-03  -1.7099905e-03   1.1115541e-05
   1.2094871e-02  -3.3540710e-01  -2.4840522e-01  -2.1534369e-03  -1.7493364e-03  -8.6269527e-05
   1.1340791e-02  -3.1316438e-01  -2.4299035e-01  -2.2827388e-03  -1.5707170e-03  -4.7171325e-05
   5.9133471e-04  -3.1069908e-01  -2.7745810e-01  -1.4906170e-03  -1.6567446e-03  -1.2236969e-04
   8.5131719e-03  -3.1564736e-01  -2.5021773e-01  -1.9912946e-03  -1.7535429e-03   3.9446569e-04
   3.7736832e-03  -2.9901819e-01  -2.3151434e-01  -1.4553807e-03  -1.7180839e-03   1.5607434e-04
   9.8392706e-03  -3.2616205e-01  -2.4779440e-01  -1.7247661e-03  -1.8916025e-03  -2.6505484e-04
   1.9591720e-02  -3.4464216e-01  -2.3074637e-01  -2.6846772e-03  -1.8047426e-03   7.9148846e-06
   2.0414932e-02  -3.2428578e-01  -2.0781478e-01  -3.1481412e-03  -1.7176078e-03  -2.4262436e-05
   1.7460244e-02  -3.4073073e-01  -2.3965379e-01  -2.5720583e-03  -1.5514951e-03  -2.9379324e-04
   2.8917403e-02  -3.5183980e-01  -2.1771476e-01  -3.0831649e-03  -1.4043418e-03  -7.7606771e-05
   1.3938140e-02  -3.4813961e-01  -2.6371451e-01  -2.1808972e-03  -1.4938771e-03  -1.6761915e-04
   2.9564140e-02  -3.7961442e-01  -2.4405246e-01  -2.5988920e-03  -1.7671296e-03   2.8593384e-04
   7.3043098e-03  -3.3357692e-01  -2.5135998e-01  -1.5168718e-03  -1.6552165e-03   1.9933971e-05
   1.9352683e-02  -3.8931943e-01  -2.4401375e-01  -1.8702430e-03  -1.7133801e-03  -3.2187404e-04
   4.3862800e-03  -3.1601292e-01  -2.2388720e-01  -1.3714502e-03  -1.7165751e-03   6.6539573e-05
   5.7025610e-03  -3.3107252e-01  -2.6213163e-01  -9.5384391e-04  -1.8699788e-03   4.7597995e-04
   2.0681456e-02  -3.3537526e-01  -2.3410781e-01  -1.9988871e-03  -1.9020586e-03   1.9778688e-04
   1.9254811e-03  -3.0571693e-01  -2.5421441e-01  -1.6888015e-03  -1.8363797e-03   3.5600182e-04
   1.6740992e-02  -3.5146553e-01  -2.5692406e-01  -2.1182477e-03  -1.9500139e-03   4.6153237e-04
   2.7338842e-02  -3.7274317e-01  -2.2896943e-01  -2.9360348e-03  -1.8038266e-03   4.4341986e-04
   1.9434047e-02  -3.3358632e-01  -2.5122376e-01  -2.6741092e-03  -1.6031345e-03   2.5302181e-04
   2.8072879e-02  -3.6707167e-01  -2.6208922e-01  -2.4226182e-03  -1.7405680e-03   2.2419886e-04
   3.4230937e-02  -3.6279356e-01  -2.4514373e-01  -2.8762716e-03  -1.7519982e-03   4.2038438e-04
   2.1621636e-02  -3.2760509e-01  -2.5719874e-01  -2.4059541e-03  -1.5207722e-03   1.6241877e-04
   3.5597629e-02  -4.0360876e-01  -2.5656873e-01  -2.0465775e-03  -1.6913883e-03   3.6029191e-04
   2.9366113e-02  -3.6328658e-01  -2.4609565e-01  -2.6438456e-03  -1.4792081e-03  -3.4215962e-04
   1.9135895e-02  -3.4385737e-01  -2.7647203e-01  -1.5392890e-03  -1.8263274e-03   1.5515847e-04
   3.9057301e-02  -4.0083668e-01  -2.4903984e-01  -1.9413539e-03  -1.8901276e-03   2.6690172e-05
   3.1278230e-02  -3.6840838e-01  -2.3013245e-01  -3.1980914e-03  -1.7636916e-03   2.0162153e-04
   1.2877413e-02  -3.6535163e-01  -2.9607164e-01  -2.4465559e-03  -1.6367975e-03  -1.4335744e-04
   4.1587361e-02  -4.3042416e-01  -2.3564241e-01  -3.0708433e-03  -1.7300635e-03   7.9538928e-06
   3.0282581e-02  -3.8107381e-01  -2.4675303e-01  -2.4369866e-03  -1.4718955e-03   8.2327761e-05
   3.4357231e-02  -4.2433771e-01  -2.8495042e-01  -1.4871097e-03  -1.5862155e-03   1.5198727e-04
   4.4434253e-02  -3.9575393e-01  -2.6547625e-01  -2.1494324e-03  -1.5391759e-03  -3.3896859e-05
   3.1959866e-02  -4.1191105e-01  -2.8954015e-01  -8.4461880e-04  -1.7118756e-03  -1.0192538e-04
   4.6253043e-02  -3.9920391e-01  -2.5140208e-01  -2.2450638e-03  -2.0583472e-03   7.9739354e-04
   3.3158582e-02  -3.7421847e-01  -2.3826446e-01  -1.9155414e-03  -1.8439023e-03   2.1977780e-04
   3.0581893e-02  -4.1027955e-01  -2.4680502e-01  -2.1553095e-03  -1.6366486e-03  -4.8081373e-04
   4.9066734e-02  -4.4192312e-01  -2.2008108e-01  -3.1505070e-03  -1.7222072e-03  -1.2232118e-04
   4.3567001e-02  -4.1539522e-01  -2.2650980e-01  -2.9890505e-03  -1.6966930e-03   3.9717665e-04
   2.9954247e-02  -3.9341967e-01  -2.7913786e-01  -2.0684210e-03  -1.5109776e-03   1.6999032e-04
   4.0327334e-02  -4.2875388e-01  -2.6598445e-01  -2.2616186e-03  -1.5636252e-03   4.8403157e-04
   3.4649988e-02  -3.8704478e-01  -2.5405509e-01  -2.2087157e-03  -1.5288513e-03   4.1691838e-04
   4.0116306e-02  -4.3031029e-01  -2.7400243e-01  -1.9636546e-03  -1.5463026e-03  -1.3884445e-04
   5.9432642e-02  -4.6441789e-01  -2.4344916e-01  -2.9072493e-03  -1.5362636e-03  -2.7858473e-05
   3.6567633e-02  -4.2177503e-01  -2.8175934e-01  -2.1114511e-03  -1.4860135e-03  -1.9340982e-05
   5.7812788e-02  -4.9800646e-01  -2.5947999e-01  -2.5821166e-03  -1.4601651e-03   9.7060525e-05
   3.5280316e-02  -4.3161182e-01  -2.6293777e-01  -1.7953638e-03  -1.3447672e-03   1.9040654e-05
   5.1701186e-02  -5.0668004e-01  -2.6459013e-01  -1.9022224e-03  -1.4405710e-03  -9.0600727e-05
   3.3037332e-02  -4.2980387e-01  -2.5460195e-01  -1.5364984e-03  -1.2774176e-03  -2.4422269e-04
   4.5340266e-02  -4.8888386e-01  -2.7938784e-01  -8.6048683e-04  -1.6675676e-03   4.1466942e-04
   4.9849223e-02  -4.7185873e-01  -2.5133332e-01  -2.1200582e-03  -1.5660195e-03   4.7108450e-04
   4.1657338e-02  -4.5644281e-01  -2.7255628e-01  -1.4372048e-03  -1.6120986e-03   2.1308042e-04
   5.6199979e-02  -4.9146198e-01  -2.6257984e-01  -2.0487818e-03  -1.6908706e-03   3.4288409e-04
   5.1767772e-02  -4.5355427e-01  -2.5985677e-01  -2.1088101e-03  -1.6879389e-03   2.6842767e-04
   4.8098812e-02  -4.8286216e-01  -2.7943729e-01  -2.0431678e-03  -1.3089435e-03  -1.3323407e-05
   6.9236640e-02  -5.1464796e-01  -2.9326326e-01  -1.5100012e-03  -2.1884237e-03   1.9207433e-04
   6.1098104e-02  -4.9920299e-01  -2.9735467e-01  -1.2319242e-03  -1.9472895e-03   2.3185279e-04
   5.6549953e-02  -5.0139451e-01  -3.3021378e-01  -7.0658002e-04  -2.0619594e-03   2.1764207e-04
   7.1991040e-02  -5.2471560e-01  -3.2740830e-01  -1.8386309e-03  -2.0634996e-03   6.0232700e-04
   5.4694092e-02  -4.7920183e-01  -3.5002501e-01  -1.4178327e-03  -1.9679509e-03   3.5729026e-04
   7.0823075e-02  -5.1456496e-01  -3.1699298e-01  -1.8423112e-03  -2.0482904e-03   4.5492889e-04
   5.6826591e-02  -4.7379479e-01  -3.0534912e-01  -1.5283111e-03  -1.9656808e-03   3.9702290e-04
   5.6816856e-02  -4.9992792e-01  -3.3431776e-01  -1.2391309e-03  -1.9907876e-03   4.5213727e-04
   7.6971991e-02  -5.3136726e-01  -3.0007107e-01  -2.1626897e-03  -2.0843932e-03   4.2156893e-04
   5.2742025e-02  -4.5528313e-01  -3.0963480e-01  -1.8333958e-03  -1.9041296e-03   2.8823467e-04
   7.1373973e-02  -5.2921821e-01  -3.1524234e-01  -2.0393635e-03  -2.1635093e-03   4.5507461e-04
   6.8074406e-02  -4.9636021e-01  -2.9852691e-01  -2.1052080e-03  -1.9834120e-03   5.3961776e-04
