   0.0000000e+00   0.0000000e+00   0.0000000e+00   0.0000000e+00   0.0000000e+00   0.0000000e+00
  -5.3366227e-03  -1.3144608e-01  -2.7373221e-03   1.7620315e-04  -3.8246815e-04  -8.2039236e-05
   1.1953201e-03  -2.6430604e-02  -3.1531386e-02  -2.7384099e-04  -3.6232797e-04   7.5039388e-06
  -1.4792385e-02  -9.6202496e-02  -9.6868909e-02   3.8724063e-04  -2.9501916e-05  -4.2323311e-05
  -2.4131900e-02  -9.8917115e-02  -2.4473779e-02  -1.0431810e-03  -4.7379952e-04   1.5170453e-04
  -2.6551025e-02  -5.9133921e-02  -8.5302298e-02   6.1639536e-04  -1.5160047e-04  -1.1105506e-04
  -4.0336048e-02  -1.3849383e-01  -2.9156625e-02  -1.8114556e-03  -4.3143414e-04   2.4711691e-04
  -3.8845811e-02  -3.5853707e-02  -6.6263247e-02  -4.1454679e-04   1.1882522e-04  -6.7810757e-05
  -3.8435202e-02  -1.3623863e-01  -9.9427459e-02  -3.8416300e-04  -1.7107316e-04   3.3518089e-05
  -4.5974808e-02  -1.1540235e-01  -2.2812520e-02  -1.8059192e-03  -3.8944114e-04   1.2374246e-04
  -3.5961235e-02  -8.4480821e-02  -7.5613520e-02  -1.7498333e-04  -5.3030734e-05   9.2704921e-05
  -4.5402381e-02  -1.8858965e-01  -3.3159479e-02  -1.6087450e-03  -3.3644557e-04   1.8862861e-04
  -3.7178209e-02  -1.2131092e-01  -2.3358633e-02  -1.3762533e-03  -1.0835077e-04  -2.4347826e-04
  -3.2665636e-02  -1.4538019e-01  -7.9771132e-02  -2.0979958e-04  -3.0217736e-05   1.1860039e-05
  -4.5470809e-02  -2.2403863e-01   5.9128279e-04  -1.8255430e-03  -6.0955142e-04   1.3165828e-04
  -3.6333633e-02  -9.4414344e-02  -1.3687508e-02  -8.8315121e-04  -3.7571354e-04  -2.3067264e-04
  -4.8018252e-02  -1.9322220e-01  -4.1513062e-02  -2.4373949e-04  -6.6266816e-05  -1.6098901e-04
  -5.6206390e-02  -1.9119197e-01   5.4532545e-03  -1.8204559e-03  -5.5344455e-04  -2.2689324e-05
  -4.4632346e-02  -1.3745712e-01  -1.5150488e-02  -7.0761600e-04  -2.9169672e-05  -2.3339045e-04
  -4.9773989e-02  -2.3852689e-01  -1.7726279e-02  -1.1223093e-03  -5.4305658e-04  -3.1806969e-05
  -5.2317418e-02  -1.8028399e-01   2.9206650e-02  -1.9875503e-03  -7.4653233e-04  -1.4483897e-04
  -3.4615985e-02  -1.5060209e-01  -3.1037305e-02  -1.9691233e-05  -7.9626566e-05  -3.2788054e-04
  -4.9618645e-02  -2.4482830e-01   7.9682450e-03  -1.9876476e-03  -7.5639585e-04  -6.0097775e-05
  -3.7864539e-02  -1.4085579e-01   3.5082357e-02  -1.7404772e-03  -8.3679511e-04  -3.1651925e-05
  -3.4638573e-02  -2.3823337e-01  -2.3768106e-02  -4.6512419e-04  -2.8010695e-04  -3.6411543e-04
  -5.3515056e-02  -2.6056086e-01   3.3690051e-02  -2.0098835e-03  -8.8939394e-04  -8.5184179e-05
  -3.8220464e-02  -1.8002352e-01  -6.8814669e-03  -5.4640466e-04  -4.8245274e-04  -2.8753472e-04
  -4.8935676e-02  -2.8708778e-01  -2.4686911e-02  -9.4190776e-04  -7.3901878e-04  -5.9416771e-05
  -5.1783061e-02  -2.5037821e-01   2.4440258e-02  -2.1717330e-03  -1.0051486e-03  -3.2920086e-05
  -3.9287756e-02  -1.9154038e-01   1.5388488e-02  -4.5439140e-04  -2.5778364e-04  -2.3613837e-04
  -5.1079087e-02  -2.8874028e-01  -1.6356258e-02  -1.3376736e-03  -7.5116356e-04  -4.7115181e-05
  -5.0470619e-02  -2.2758854e-01   3.1205408e-02  -2.1893129e-03  -8.9073553e-04   1.6964226e-05
  -4.0998628e-02  -2.0238415e-01  -6.9126447e-02  -5.1815485e-04  -6.2106321e-04  -1.4190579e-04
  -5.8475033e-02  -3.0714114e-01  -3.1763516e-02  -1.9722636e-03  -9.4350228e-04  -1.9687689e-04
  -5.0997529e-02  -2.1524203e-01  -9.5778700e-03  -1.4428878e-03  -6.7366093e-04  -1.9304074e-04
  -4.4115537e-02  -2.4461045e-01  -5.3841128e-02  -3.2542382e-04  -4.0973829e-04  -2.7228189e-04
  -5.7625081e-02  -3.2761223e-01  -1.9452774e-02  -1.7711208e-03  -9.6393249e-04  -6.5219100e-05
  -5.7017244e-02  -2.1570370e-01   4.7892026e-03  -1.2476972e-03  -7.5754826e-04  -2.6903624e-04
  -4.8729526e-02  -2.7306622e-01  -3.7399250e-02  -1.6453145e-04  -3.6850405e-04  -2.8063189e-04
  -6.9325260e-02  -3.4028591e-01   3.5582120e-02  -1.8480151e-03  -1.0278114e-03  -1.3529877e-04
  -5.5945887e-02  -2.5075092e-01   1.6679806e-02  -8.4161884e-04  -5.8401297e-04  -1.9652485e-04
  -6.3760328e-02  -3.5545449e-01  -2.4993074e-02  -9.0291266e-04  -8.4177155e-04  -1.7169128e-04
  -6.7822829e-02  -3.0915795e-01   6.8925262e-03  -2.0676405e-03  -1.1453696e-03  -1.0530236e-04
  -5.3908730e-02  -2.7597386e-01  -1.9088163e-02  -1.8037262e-04  -5.6966750e-04  -4.7741401e-04
  -6.9230329e-02  -3.8498434e-01  -4.5655970e-03  -1.8120300e-03  -1.2680306e-03  -1.5719776e-04
  -6.4307988e-02  -3.1420155e-01   9.5369453e-02  -2.3278728e-03  -1.5090301e-03  -1.4924425e-04
  -6.7240352e-02  -3.5219035e-01  -2.6155654e-02  -6.3435023e-04  -1.1780224e-03  -1.9844649e-04
  -8.7823795e-02  -3.9602779e-01   4.0592979e-02  -1.7052950e-03  -1.6864948e-03  -4.9311483e-05
  -7.9301054e-02  -3.1879995e-01   3.0486471e-02  -4.1009613e-06  -1.1748658e-03  -1.9030476e-04
  -9.3410815e-02  -4.2544358e-01   8.7227073e-02  -1.3868377e-03  -1.9283663e-03  -5.4235383e-05
  -7.1354557e-02  -3.1314837e-01   1.0869342e-01  -9.5402709e-04  -1.9406073e-03  -2.0024441e-04
  -8.4768004e-02  -4.0915977e-01   7.2676416e-02  -4.4556631e-04  -1.8039073e-03  -2.8551118e-04
  -9.7700301e-02  -4.0218542e-01   1.3316446e-01  -1.7294094e-03  -2.1241326e-03  -1.2856168e-04
  -9.1490678e-02  -3.4909224e-01   9.2132669e-02   1.4403079e-04  -1.5222581e-03  -3.6996504e-04
  -1.0674155e-01  -4.5007526e-01   8.3337415e-02  -8.3437147e-04  -1.8504120e-03  -2.6518330e-04
  -1.0791090e-01  -4.0193475e-01   1.5039723e-01  -1.8405890e-03  -2.2081344e-03  -8.8435396e-05
  -1.0469789e-01  -3.6080909e-01   7.0191784e-02   3.3260492e-04  -1.8134856e-03  -3.6781974e-04
  -1.2594545e-01  -4.6219033e-01   1.2641724e-01  -1.0780510e-03  -2.3010987e-03  -2.5177906e-04
  -1.1686126e-01  -3.4578263e-01   9.2872038e-02   7.1884817e-05  -2.2128997e-03  -3.4336000e-04
  -1.2623753e-01  -4.6342986e-01   4.4244390e-02  -1.7522767e-04  -2.4269431e-03  -1.7706332e-04
  -1.2790551e-01  -4.1427655e-01   7.7846494e-02  -8.6314609e-04  -3.0112453e-03  -1.0940082e-04
  -1.2388912e-01  -4.0760920e-01  -1.9038956e-02   1.1613012e-03  -2.1995905e-03  -1.4662958e-04
  -1.5376673e-01  -4.8259089e-01   6.2618802e-02  -7.0111784e-04  -3.1310065e-03  -7.1049684e-05
  -1.4289480e-01  -3.9722443e-01   1.8048411e-02   4.0295057e-04  -2.4786574e-03  -2.9432495e-05
  -1.5740837e-01  -5.1067678e-01   6.0450080e-02  -5.7880310e-04  -3.1801130e-03  -8.5638438e-06
  -1.4847523e-01  -3.8234168e-01   1.3135524e-02   2.3144422e-04  -3.0638885e-03  -7.5776533e-05
  -1.5604661e-01  -4.8009760e-01  -6.2065032e-03   8.0805290e-04  -2.7582171e-03  -2.3795368e-04
  -1.6353553e-01  -4.5389495e-01   2.4371508e-02  -5.4615627e-04  -3.2544776e-03  -4.9195090e-05
  -1.6734345e-01  -4.3683377e-01  -3.4694804e-02   6.9679773e-04  -2.6800923e-03  -1.0751623e-04
  -1.8244757e-01  -5.1679946e-01   6.0467762e-03  -6.2476231e-04  -3.1719655e-03  -1.0023847e-04
  -1.6710435e-01  -4.0665846e-01   1.3199677e-02  -3.7644764e-05  -2.9637099e-03  -2.2625777e-04
  -1.6081999e-01  -4.8809754e-01  -1.5888999e-02   4.6282879e-04  -2.7729958e-03  -1.3532398e-04
  -1.7304932e-01  -5.0661867e-01   4.5572595e-02  -1.1373593e-03  -3.2314274e-03  -5.3960233e-05
  -1.6865654e-01  -4.4235509e-01   1.4545875e-02   5.2054723e-04  -2.8027677e-03  -1.5882590e-04
  -1.7883874e-01  -5.4315543e-01   5.9094378e-03  -2.8245410e-04  -3.0347719e-03  -2.1544156e-04
  -1.7238666e-01  -4.5253589e-01   2.5108079e-02  -4.1316510e-04  -3.3505508e-03   8.7713926e-05
  -1.6586422e-01  -5.1286346e-01   1.9627370e-02   2.5699212e-04  -2.6546955e-03  -2.5668252e-04
  -1.9566490e-01  -6.7509521e-01   1.6684527e-01  -2.1850065e-03  -3.4761272e-03  -7.9506251e-06
  -1.7470309e-01  -4.8855227e-01   9.9919783e-02  -8.0615103e-06  -3.0635908e-03  -5.0756148e-05
  -1.8039062e-01  -5.9899077e-01   4.9091524e-02  -2.8942216e-04  -3.3433900e-03  -7.7064606e-05
  -1.8320020e-01  -5.3069030e-01   9.3552744e-02  -1.2913153e-03  -3.8091808e-03   7.9410476e-05
  -1.8485822e-01  -5.5267171e-01   3.0413527e-02   2.6934957e-04  -3.0814449e-03  -1.0129825e-04
  -2.0379812e-01  -6.2472726e-01   1.0690086e-01  -2.0955614e-03  -3.5312340e-03  -3.4532563e-04
  -1.8985422e-01  -5.0366476e-01   6.2585727e-02   7.3597175e-05  -3.1652235e-03  -1.8293854e-05
  -2.0304747e-01  -6.3253998e-01   7.1310276e-02  -1.7640709e-03  -3.5997383e-03   1.2969380e-04
  -1.9221663e-01  -5.5208136e-01   9.6528502e-02  -1.0518566e-03  -3.7687420e-03   1.7085524e-04
  -1.8763280e-01  -5.9440325e-01   5.6858685e-02   6.3416541e-04  -3.0705415e-03  -1.3936074e-04
  -2.0691065e-01  -6.5019387e-01   1.2039124e-01  -1.7007156e-03  -3.9741380e-03   7.8164864e-05
  -1.9453898e-01  -5.6980969e-01   1.0196341e-01  -1.1134039e-03  -3.8232135e-03  -3.2263797e-05
  -1.9940310e-01  -6.2343199e-01   5.8713006e-02  -2.0565859e-04  -3.6478594e-03   7.9510068e-05
  -2.1779599e-01  -6.7412251e-01   1.3327419e-01  -2.1172445e-03  -4.3105696e-03   2.0003824e-04
  -2.0336371e-01  -5.8230805e-01   1.5446645e-01  -6.0187093e-04  -4.0798529e-03   1.7480260e-04
  -2.1639174e-01  -6.7863713e-01   1.1620454e-01  -9.6719638e-04  -4.4693965e-03   1.8640302e-04
  -2.1999589e-01  -6.6344579e-01   1.2860536e-01  -1.8787039e-03  -4.7104957e-03   2.5713941e-04
  -2.0562457e-01  -5.6618572e-01   9.6693081e-02  -1.6617290e-04  -4.0477162e-03   1.7724453e-04
  -2.1090183e-01  -6.6099931e-01   5.3773583e-02  -1.0698022e-03  -4.3923752e-03   3.4199762e-04
  -2.2007175e-01  -6.4656468e-01   1.0802253e-01  -2.2387758e-03  -4.7094391e-03   4.3084176e-04
  -2.1317756e-01  -5.8707039e-01   9.1563016e-02  -1.1938722e-03  -4.5089861e-03   2.8820061e-04
  -1.9967995e-01  -6.7548207e-01   6.4035605e-02  -7.6951676e-04  -4.2143806e-03   3.5521034e-04
  -2.1361872e-01  -7.2173151e-01   1.5994993e-01  -2.5513206e-03  -4.9134809e-03   2.3388097e-04
  -2.0384279e-01  -6.1338992e-01   1.5072492e-01  -1.0535239e-03  -4.4658995e-03   1.2737469e-04
  -2.2142893e-01  -7.0963402e-01   1.1591739e-01  -1.6133406e-03  -4.8548686e-03   2.4306103e-04
  -2.2719280e-01  -6.7016531e-01   1.9329681e-01  -2.7457791e-03  -5.0039503e-03   3.2415113e-04
  -2.1260932e-01  -6.5527037e-01   1.7261488e-01  -5.7613516e-04  -4.5008247e-03   3.3749694e-04
  -2.3340278e-01  -7.6288290e-01   1.7332398e-01  -2.6627708e-03  -4.9823348e-03   3.8743511e-04
  -2.2306583e-01  -6.5063479e-01   2.0807672e-01  -2.7252793e-03  -5.0571933e-03   5.3541481e-04
  -2.2577779e-01  -7.1815672e-01   1.8173215e-01  -1.0484385e-03  -4.3199850e-03   2.3124413e-04
  -2.3619751e-01  -7.6114691e-01   2.1603989e-01  -2.8981320e-03  -5.0028622e-03   3.0299027e-04
  -2.1751139e-01  -6.5348675e-01   2.2763682e-01  -2.1691783e-03  -4.7877166e-03   2.7622234e-04
  -2.1946923e-01  -7.5590271e-01   1.8882254e-01  -2.0780019e-03  -4.9466629e-03   2.2372678e-04
  -2.3320890e-01  -7.6030592e-01   2.3412264e-01  -3.1646188e-03  -5.2692899e-03   2.4582236e-04
  -2.3151217e-01  -6.7620993e-01   2.1003394e-01  -1.3724850e-03  -4.6241603e-03   4.6985689e-05
  -2.3973976e-01  -7.8686265e-01   2.3513662e-01  -3.0038064e-03  -5.2605742e-03   2.0838878e-04
  -2.3969575e-01  -6.9560359e-01   2.5553178e-01  -3.1824994e-03  -5.3269938e-03   2.0626983e-04
  -2.3339861e-01  -7.3393522e-01   2.0094016e-01  -1.5309966e-03  -4.6846758e-03  -1.5472945e-04
  -2.4866865e-01  -8.2087798e-01   2.2443192e-01  -3.6385001e-03  -5.4775148e-03   1.3020929e-04
  -2.4634123e-01  -7.3859389e-01   2.2663694e-01  -3.1484022e-03  -5.3734010e-03   1.1317889e-04
  -2.4694642e-01  -7.7658773e-01   1.5967710e-01  -2.2065086e-03  -5.0513739e-03  -3.6345081e-04
  -2.5763174e-01  -8.3951568e-01   2.2655375e-01  -3.6723511e-03  -5.5135269e-03   3.3273558e-05
  -2.6168597e-01  -7.9348248e-01   2.5659726e-01  -3.6853281e-03  -5.5629520e-03   1.3364424e-05
  -2.5593015e-01  -7.9364916e-01   1.9997923e-01  -2.6258174e-03  -5.2693042e-03   1.0382601e-04
  -2.6898887e-01  -8.6604818e-01   2.2903912e-01  -4.3807855e-03  -5.7956553e-03   1.6448240e-04
  -2.5960210e-01  -7.2958205e-01   2.2393700e-01  -2.8894422e-03  -5.4612095e-03  -1.3339167e-05
  -2.6710656e-01  -8.7574966e-01   2.2251595e-01  -2.8670212e-03  -5.7421909e-03  -2.1552541e-05
  -2.6809494e-01  -8.6279386e-01   2.7149695e-01  -4.6032095e-03  -6.1125407e-03   1.6607645e-04
  -2.5221118e-01  -7.8987247e-01   2.2100152e-01  -2.6809318e-03  -5.7006914e-03   2.1637250e-04
  -2.7575053e-01  -9.0405953e-01   2.1894598e-01  -3.3249287e-03  -5.7558961e-03   1.5077718e-04
  -2.8173217e-01  -8.6156473e-01   2.6307401e-01  -4.1832446e-03  -5.8640645e-03   3.8432383e-05
  -2.7328511e-01  -8.2431053e-01   2.2857420e-01  -2.5461637e-03  -5.3113215e-03   7.5769223e-05
  -2.8083031e-01  -9.1296914e-01   2.6945714e-01  -4.3334536e-03  -6.0914481e-03   3.1552205e-04
  -2.7015881e-01  -7.9194296e-01   2.8501228e-01  -3.0774986e-03  -5.8698814e-03   7.5569866e-05
  -2.7734848e-01  -9.1485334e-01   2.8172097e-01  -2.8990214e-03  -5.5191567e-03   1.2329913e-04
  -2.9070616e-01  -9.2195480e-01   3.2669286e-01  -4.8024303e-03  -6.1637200e-03   3.0806791e-04
  -2.8098810e-01  -8.6205348e-01   2.7811822e-01  -3.2657739e-03  -5.6918414e-03  -1.4125561e-04
  -2.9827331e-01  -9.6386996e-01   2.8417890e-01  -3.8197293e-03  -5.8850782e-03   6.9872956e-05
  -2.8968857e-01  -8.7742295e-01   3.0840837e-01  -4.3115278e-03  -5.9380239e-03   2.0471075e-05
  -2.9398078e-01  -8.9090294e-01   2.5635180e-01  -2.8018112e-03  -5.6590739e-03  -4.1294124e-05
  -3.1347279e-01  -9.6796564e-01   2.9563094e-01  -4.2159308e-03  -6.4874631e-03   9.6555370e-05
  -3.1071281e-01  -8.4141483e-01   3.0020410e-01  -3.7014776e-03  -6.4332927e-03   1.6964955e-05
  -3.0586002e-01  -9.1407060e-01   2.7382050e-01  -2.7159532e-03  -5.8230562e-03  -1.7426355e-04
  -3.0897060e-01  -9.4912484e-01   3.3698449e-01  -4.7236700e-03  -6.3770839e-03  -7.9539881e-05
  -2.9095399e-01  -8.9228219e-01   3.4862967e-01  -3.2608676e-03  -6.0160610e-03  -1.0151658e-06
  -3.0382727e-01  -9.8974652e-01   3.5749401e-01  -4.1024472e-03  -6.3805249e-03   3.1567217e-05
  -3.0276543e-01  -9.6091526e-01   4.4148885e-01  -4.6961599e-03  -6.3654937e-03  -1.4549413e-04
  -2.8344956e-01  -9.3904380e-01   3.6446151e-01  -3.1716934e-03  -5.9987081e-03  -2.0828614e-04
  -3.0204462e-01  -1.0032427e+00   3.6794567e-01  -3.0574288e-03  -7.0063504e-03  -8.6236477e-04
  -2.9335180e-01  -9.7277742e-01   4.2700723e-01  -3.3309866e-03  -7.0510686e-03  -6.9088048e-04
  -2.9938829e-01  -1.0323157e+00   4.1704198e-01  -2.1353785e-03  -7.0278300e-03  -4.4693706e-05
  -3.1011030e-01  -1.1049832e+00   4.5580465e-01  -4.4457268e-03  -7.4526654e-03  -2.7003941e-04
  -3.0168399e-01  -9.9201429e-01   4.9176901e-01  -2.6525846e-03  -7.5470292e-03  -1.5515567e-04
  -2.9950057e-01  -1.0227893e+00   4.9208083e-01  -1.9228472e-03  -7.1509401e-03  -2.9194372e-05
  -3.0263706e-01  -1.0191049e+00   5.2540524e-01  -3.3982636e-03  -7.9463129e-03   1.5582032e-04
  -2.7981186e-01  -9.7138244e-01   6.0932793e-01  -2.5747502e-03  -7.2507370e-03   5.8449509e-05
  -2.9902086e-01  -1.0680037e+00   5.9573452e-01  -1.7892705e-03  -7.5495142e-03   3.7847288e-06
  -3.0806010e-01  -1.0864380e+00   6.2902265e-01  -3.2252691e-03  -8.0720437e-03   3.0794365e-05
  -2.9777828e-01  -1.0092991e+00   6.0411626e-01  -1.5040232e-03  -7.6738648e-03  -5.4020280e-05
  -3.1843331e-01  -1.1164489e+00   5.6653962e-01  -2.6990411e-03  -7.9882294e-03  -1.2042079e-04
  -3.2291756e-01  -1.0461967e+00   5.9968189e-01  -3.0681494e-03  -8.3256421e-03  -1.5893139e-04
  -3.0200871e-01  -1.0167109e+00   6.7535271e-01  -1.1327036e-03  -7.5489206e-03  -3.8844545e-04
  -3.1226977e-01  -1.1368548e+00   6.4999312e-01  -3.2025001e-03  -8.4466170e-03  -1.0024228e-05
  -3.2562186e-01  -1.0803361e+00   6.8370294e-01  -3.6614112e-03  -8.9384691e-03   1.2806818e-04
  -3.1878245e-01  -1.1313997e+00   6.9778811e-01  -1.1995354e-03  -7.9308611e-03   4.5249017e-04
  -2.6885385e-01  -1.0244765e+00   7.5018036e-01  -2.6107778e-03  -7.9725033e-03   1.3781851e-03
  -3.1270045e-01  -1.1936637e+00   8.1629055e-01  -3.5536262e-03  -8.4752282e-03   1.3713711e-03
  -2.8908157e-01  -1.0310154e+00   8.3838189e-01  -1.7850319e-03  -8.2779916e-03   1.3405365e-03
  -2.9367352e-01  -1.1817932e+00   9.0190146e-01  -2.0145332e-03  -8.4779915e-03   1.3930729e-03
  -2.8255357e-01  -1.1071054e+00   9.3744815e-01  -2.7479579e-03  -9.0887623e-03   1.4883043e-03
  -2.7790042e-01  -1.1510913e+00   8.7094853e-01  -1.5919679e-03  -8.7651947e-03   1.3902415e-03
  -2.7971280e-01  -1.1858829e+00   9.5451267e-01  -4.0223201e-03  -9.6186441e-03   1.6437852e-03
  -2.6552653e-01  -1.0934033e+00   8.9064265e-01  -1.4838591e-03  -8.8358568e-03   1.5571927e-03
  -2.7593798e-01  -1.1874081e+00   9.4538689e-01  -2.8348266e-03  -9.1722159e-03   1.6422637e-03
  -2.5426424e-01  -1.1087283e+00   1.0094141e+00  -3.5130058e-03  -8.9724195e-03   1.9233131e-03
  -2.4841963e-01  -1.1787531e+00   1.0118414e+00  -3.2512303e-03  -8.8225081e-03   2.0729615e-03
  -2.5656193e-01  -1.1734327e+00   1.0132302e+00  -4.4455095e-03  -9.6637243e-03   2.3699281e-03
  -2.4725241e-01  -1.1345996e+00   9.6826952e-01  -2.8916090e-03  -8.7771990e-03   2.4737324e-03
  -2.6799822e-01  -1.2398199e+00   1.0555441e+00  -4.4857356e-03  -9.2200501e-03   2.4341613e-03
  -2.5010290e-01  -1.1183761e+00   1.0946220e+00  -3.4457471e-03  -8.9158849e-03   2.3281546e-03
  -2.6281402e-01  -1.2308751e+00   1.0670428e+00  -3.3952707e-03  -8.9038430e-03   2.4075163e-03
  -2.5877842e-01  -1.1951723e+00   1.1272313e+00  -4.9394881e-03  -9.2183234e-03   2.6710694e-03
  -2.4976417e-01  -1.2029807e+00   1.0885285e+00  -3.6796918e-03  -8.9522938e-03   2.8022504e-03
  -2.6151554e-01  -1.2698493e+00   1.1584088e+00  -5.6619335e-03  -9.6488961e-03   2.8285366e-03
  -2.5739991e-01  -1.1730474e+00   1.1488581e+00  -3.9079482e-03  -9.4086262e-03   2.6561059e-03
  -2.6959017e-01  -1.2965769e+00   1.1470652e+00  -4.2058523e-03  -9.7690128e-03   2.8280137e-03
  -2.6622629e-01  -1.2780602e+00   1.1860602e+00  -5.7962907e-03  -1.0431466e-02   2.8823053e-03
  -2.5213313e-01  -1.2205716e+00   1.1528088e+00  -4.4746259e-03  -9.9833521e-03   3.1065769e-03
  -2.6937258e-01  -1.3247621e+00   1.1530504e+00  -4.5862858e-03  -1.0140451e-02   3.0621237e-03
  -2.5813474e-01  -1.2558663e+00   1.2006378e+00  -5.5155695e-03  -1.0142478e-02   2.9844429e-03
  -2.5228031e-01  -1.2561327e+00   1.1647219e+00  -4.4209731e-03  -9.6154633e-03   2.9429898e-03
  -2.7403055e-01  -1.3415309e+00   1.2220057e+00  -6.1469236e-03  -1.0391512e-02   2.9564729e-03
  -2.4965292e-01  -1.2204687e+00   1.1901797e+00  -5.1320520e-03  -1.0599318e-02   3.0885048e-03
  -2.6965369e-01  -1.3492623e+00   1.2060267e+00  -4.9344100e-03  -1.0374325e-02   3.0508731e-03
  -2.6116439e-01  -1.3130511e+00   1.2741588e+00  -6.1320702e-03  -1.1122789e-02   3.0802311e-03
  -2.4810987e-01  -1.3136122e+00   1.2119452e+00  -3.9675569e-03  -1.0433145e-02   2.9967597e-03
  -2.5797940e-01  -1.3886053e+00   1.2686828e+00  -5.9389959e-03  -1.1135520e-02   2.8442590e-03
  -2.4067035e-01  -1.2742446e+00   1.3053066e+00  -5.0258083e-03  -1.1067150e-02   3.1969438e-03
  -2.5527808e-01  -1.4026373e+00   1.2832989e+00  -5.5675361e-03  -1.1178832e-02   3.1417374e-03
  -2.2879624e-01  -1.2540347e+00   1.2723747e+00  -4.2812565e-03  -1.1222130e-02   3.1731984e-03
  -2.3312567e-01  -1.3939318e+00   1.2666423e+00  -4.9308292e-03  -1.1018655e-02   3.3282192e-03
  -2.4552652e-01  -1.3555383e+00   1.2879221e+00  -5.7218004e-03  -1.1716246e-02   3.3183143e-03
  -2.3054787e-01  -1.3320825e+00   1.2144003e+00  -4.4469352e-03  -1.1161872e-02   3.3158261e-03
  -2.5175857e-01  -1.4455890e+00   1.2939497e+00  -6.0980507e-03  -1.1803755e-02   3.3300820e-03
  -2.2910251e-01  -1.3328221e+00   1.3457945e+00  -5.0599809e-03  -1.1442841e-02   3.3268272e-03
  -2.3906132e-01  -1.4666610e+00   1.3094693e+00  -5.6454653e-03  -1.0456292e-02   2.7877653e-03
  -2.4724880e-01  -1.4473847e+00   1.3341777e+00  -6.1813135e-03  -1.1473302e-02   3.1084787e-03
  -2.2107565e-01  -1.3376297e+00   1.3135556e+00  -4.8373095e-03  -1.1507668e-02   3.2880197e-03
  -2.4626308e-01  -1.4653453e+00   1.3339604e+00  -4.9987316e-03  -1.1126579e-02   3.1592869e-03
  -2.3766354e-01  -1.4346963e+00   1.4213852e+00  -6.1793599e-03  -1.1337177e-02   3.0320274e-03
  -2.3357235e-01  -1.4304551e+00   1.3858846e+00  -4.9628226e-03  -1.0956269e-02   3.0679185e-03
  -3.2173152e-01  -1.6242386e+00   1.5548218e+00  -7.8991679e-03  -1.1494375e-02  -3.2381259e-04
  -4.3679019e-01  -1.2788555e+00   1.4059773e+00   3.0103268e-03  -2.2864000e-02   1.8268972e-02
