   0.0000000e+00   0.0000000e+00  -7.1054274e-15  -1.3552527e-20   2.1684043e-19   2.9387359e-39
   7.2013291e-03  -3.4675917e-02  -1.5232899e-01   1.1766574e-03   1.3615477e-04  -3.6322729e-04
   9.1742771e-04   1.9438303e-02  -5.7750578e-02  -7.0808435e-04   9.6201311e-05  -7.7408769e-04
   1.5632800e-02  -3.1890847e-02  -3.2929644e-02  -4.5693580e-04   1.2958973e-04  -9.3958542e-05
   3.2361459e-03  -2.9803229e-03  -4.7151868e-02  -2.4483575e-04  -8.4176341e-06  -8.3709488e-04
  -1.6125895e-04  -8.1735180e-02   8.3904678e-03  -2.3701410e-04   4.8697701e-04  -5.3165057e-04
  -1.1833890e-02  -1.4987464e-02  -1.4033786e-01   3.6120256e-04   2.2409871e-04  -1.1800684e-03
   6.0293546e-03  -9.3798326e-02   1.0169554e-01  -6.0084537e-04   4.5902133e-04  -3.1078526e-04
  -1.4934466e-02  -3.1012626e-02  -1.1453577e-01   3.7764740e-04   4.4618840e-04  -7.0396213e-04
  -2.4462978e-02  -1.0328741e-01  -5.1058969e-02  -1.7833910e-04   5.0572352e-04  -4.3447133e-04
  -3.7197366e-02  -3.6759859e-02  -1.9356605e-01  -6.8283127e-04  -6.2304072e-05  -1.0673080e-03
  -1.9507865e-02  -9.0658450e-02   6.1382189e-03  -1.2755916e-03   5.6359684e-04  -4.7387677e-04
  -2.5412522e-02  -6.7393598e-02  -1.4230737e-01   9.0039758e-04   6.4693270e-04  -8.1284404e-04
  -1.8125910e-02  -1.6097669e-01   6.1739380e-02  -1.4349746e-04   8.8599897e-04  -2.8622118e-05
  -2.7803110e-02  -1.0428118e-01   4.4926996e-03   6.6627094e-04   6.4298522e-04  -5.8158814e-04
  -2.0226009e-03  -1.1328841e-01   1.6004395e-01  -1.5525247e-03   2.9924626e-04  -7.0400614e-05
  -1.3964100e-02  -1.7405846e-01   4.8551435e-02   3.4190547e-04   6.8799800e-04   3.0716568e-04
  -2.7822436e-02  -1.0968922e-01  -4.9337088e-02   4.3435736e-04   6.5096340e-04  -4.9707408e-04
  -1.1709033e-02  -2.0164988e-01   8.7603606e-02   9.4343789e-04   9.8728730e-04  -4.4539329e-05
  -2.1463340e-02  -1.2726635e-01  -3.6160062e-02   1.1180933e-03   8.4016664e-04  -1.1618793e-03
  -8.4681534e-03  -1.8446586e-01   1.5676250e-01  -4.3999671e-04   9.5203252e-04  -2.5317770e-04
  -1.7252755e-02  -1.4906002e-01   1.5227417e-03   9.0110192e-04   1.1122194e-03  -8.5282914e-04
  -1.3284033e-02  -2.3090555e-01   2.2459045e-01  -6.0967648e-04   1.7489904e-03  -2.4294336e-04
  -8.9157039e-03  -1.9591884e-01  -1.7316378e-01   2.0992905e-03   1.1295031e-03  -1.2272930e-03
  -1.7546295e-02  -2.2277098e-01   9.3377189e-02   4.2562912e-04   1.2161441e-03  -6.5787778e-04
  -9.4070937e-03  -2.1372079e-01   3.9425728e-02   1.7035438e-03   1.0367418e-03  -9.3768015e-04
   1.7806366e-02  -2.3115087e-01   5.5032867e-02   1.0594689e-03   1.1947960e-03  -5.2631501e-04
  -1.1029696e-03  -2.5280310e-01  -4.9848893e-02   2.2448465e-03   1.3655767e-03  -9.3792770e-04
   1.4266994e-02  -2.2746684e-01   1.2138784e-01   6.2771321e-04   2.0664406e-03  -5.0857830e-04
   1.1848975e-02  -2.4764506e-01   7.7108091e-02   1.2599208e-03   1.9077071e-03  -7.4945310e-04
   3.6851022e-03  -2.1251406e-01  -9.2787253e-03   1.7081989e-03   1.8708001e-03  -8.6923350e-04
   1.0006775e-02  -2.8852338e-01   1.2165301e-01   3.0767102e-04   2.1119505e-03  -2.8318627e-04
   1.3943427e-02  -2.2413287e-01  -2.1815839e-01   2.0303813e-03   2.0661077e-03  -5.7233923e-04
   2.9140746e-02  -1.8383479e-01  -1.6397413e-01   1.2087213e-03   1.7041201e-03  -7.7073034e-04
   7.3111081e-03  -2.9323628e-01  -7.4140153e-03   1.4561216e-03   1.4023747e-03  -7.4865572e-04
   1.0240382e-02  -2.2083422e-01  -4.6269650e-02   5.4517773e-04   6.2300687e-04  -8.6179364e-04
   2.5780870e-02  -3.4034009e-01   2.5760377e-01  -2.5830769e-04   1.0698288e-03  -5.8358315e-04
   2.0102912e-02  -2.6627432e-01   4.7375356e-02   3.6851387e-04   1.9266190e-04  -1.1661277e-03
   3.0914517e-02  -3.2240120e-01   2.4107633e-01  -7.0707850e-04   7.0414100e-04  -9.7019814e-04
   1.5432019e-02  -2.8524977e-01   1.1609783e-01   2.5465169e-04   8.2288562e-04  -1.2824544e-03
   1.2253447e-02  -2.9411932e-01   1.9004729e-01  -1.1553204e-03   1.3187972e-03  -1.2047192e-03
   8.5277380e-03  -2.9633795e-01   4.4601467e-02   9.1613343e-04   1.6342210e-03  -1.5698051e-03
   3.0126433e-02  -2.8253440e-01   8.5618576e-02   3.4778877e-04   1.3640508e-03  -1.0669867e-03
   4.7291830e-02  -3.7292660e-01   2.5573694e-01  -6.7296843e-04   1.8001358e-03  -6.7475957e-04
   3.3024523e-02  -3.1987751e-01   7.5400691e-03   1.0601886e-03   1.5388773e-03  -1.2620057e-03
   3.2162556e-02  -3.1783097e-01   1.7574558e-01  -4.2160711e-04   1.4974753e-03  -7.9036072e-04
   1.1465704e-02  -3.1626976e-01   3.6170589e-02   1.1991252e-03   1.3314289e-03  -1.2598182e-03
   2.6571903e-02  -3.1088289e-01   1.8076955e-01  -6.2663918e-04   2.1891621e-03  -7.4563192e-04
   2.1967743e-02  -3.2492953e-01   3.9000559e-02   7.8450800e-04   2.1728840e-03  -1.2140093e-03
   3.5593505e-02  -2.5580731e-01  -2.1183732e-02  -5.0611997e-04   2.7485950e-03  -1.1168728e-03
   4.6326651e-02  -3.7408394e-01   2.3258784e-01  -1.3759053e-03   2.8186118e-03   2.5664254e-05
   3.0352887e-02  -3.1953242e-01  -2.7992600e-02   3.3873864e-04   2.5684006e-03  -1.0255183e-03
   4.1624961e-02  -3.1428618e-01   1.5822628e-01  -1.5148197e-03   2.7520377e-03  -6.0417242e-04
   3.6893996e-02  -3.7406091e-01   1.0184862e-01  -2.9288233e-04   2.5966817e-03  -5.9677424e-04
   3.9128641e-02  -3.3296966e-01  -1.0984737e-02  -1.1118365e-05   2.6685898e-03  -5.8634360e-04
   6.3417912e-02  -3.7796836e-01   2.0470538e-01  -1.7110815e-03   2.9418949e-03   2.4850083e-04
   3.7085862e-02  -3.4630679e-01  -4.3589921e-03  -6.4470441e-05   3.2640580e-03   1.2021068e-04
   1.8746429e-02  -3.1402984e-01  -2.7492648e-02  -5.4678470e-04   2.9284827e-03  -7.8844830e-05
   3.1720898e-02  -4.4285089e-01   2.2334979e-01  -1.3005911e-03   3.1800845e-03   2.3679996e-04
   3.6170232e-02  -3.6899675e-01  -6.4927439e-02  -3.0719930e-04   3.5374857e-03  -1.8998577e-04
   8.0807240e-02  -3.8175622e-01   1.9860416e-01  -3.3271813e-03   4.4189916e-03   8.6374183e-04
   7.6152121e-02  -4.0499632e-01   1.4526703e-01  -1.4350783e-03   4.0001856e-03   5.6674663e-05
   7.5439275e-02  -3.7775590e-01   5.0371382e-02  -1.0143725e-03   4.3709498e-03   1.7180128e-04
   8.8457604e-02  -4.5719595e-01   2.1822294e-01  -2.4521133e-03   4.6035902e-03   4.9203075e-04
   9.0528886e-02  -4.3227073e-01   4.7064483e-03  -6.8537617e-04   4.4054820e-03  -1.7926317e-04
   9.1779468e-02  -4.0815409e-01   1.3161776e-01  -1.7214906e-03   4.1064294e-03  -6.8489832e-05
   6.8283298e-02  -4.5263315e-01   1.2500900e-01  -9.3242894e-04   4.2852286e-03  -2.0562244e-04
   8.4964596e-02  -4.1670114e-01   5.6152554e-03  -9.2544625e-04   4.1437449e-03  -4.8019673e-04
   9.5447177e-02  -4.3354401e-01   9.1985820e-02  -1.8528642e-03   3.9509087e-03  -4.5512849e-04
   9.6491032e-02  -7.2646373e-01   1.0587163e-01  -7.1500321e-04   4.7341272e-03  -1.7729820e-04
   6.4963796e-02  -5.8921735e-01   9.3236095e-02   7.4559389e-04   4.9172188e-03  -2.3590619e-04
   2.7157754e-02  -5.4556950e-01   4.2445932e-02   2.4999016e-03   4.7596941e-03  -1.1072674e-03
   9.2859100e-03  -4.9580724e-01   3.0177420e-02   2.2469449e-03   4.6230118e-03  -1.1060040e-03
   9.3459949e-03  -5.0638797e-01   3.6551000e-02   2.3238073e-03   4.2329277e-03  -1.0532813e-03
   8.1920877e-04  -5.8305725e-01   1.5077926e-01   1.5654790e-03   4.8676384e-03  -6.9308597e-04
  -9.8744591e-03  -5.0870602e-01  -1.4212474e-02   2.4940834e-03   4.0391852e-03  -1.1407338e-03
  -1.5618300e-02  -5.2953460e-01   5.7807182e-02   2.7319225e-03   4.1577228e-03  -9.5628525e-04
   3.7598583e-03  -6.0728015e-01   1.3001418e-01   2.2759741e-03   4.6432018e-03  -3.4193525e-04
   4.1421845e-03  -5.5830357e-01  -5.0436412e-02   2.5093867e-03   4.5931084e-03  -5.8091050e-04
   4.2191356e-02  -6.0929387e-01   2.0024207e-01   7.0042765e-04   5.3158761e-03   5.7578461e-04
   1.5401918e-02  -5.7683338e-01   3.6421619e-03   2.3243379e-03   4.7128808e-03   6.1196199e-05
   1.3634636e-02  -6.1555982e-01   1.0315971e-01   1.8229070e-03   5.0127011e-03   6.6187944e-04
   1.9198064e-02  -6.5942309e-01   6.7846665e-03   2.8329997e-03   4.8148483e-03   3.4738799e-04
   1.4034186e-02  -5.8509502e-01  -1.2878588e-01   3.4029734e-03   4.2129412e-03  -2.0512345e-04
   2.4101014e-02  -5.6843852e-01  -9.4497049e-02   3.2815169e-03   4.6092044e-03  -1.2993306e-04
   3.8107022e-02  -6.4654036e-01   9.3739998e-02   2.1275344e-03   4.6716164e-03   2.8406214e-05
   9.6575328e-03  -6.1406136e-01  -1.3229233e-01   3.1178512e-03   4.1545976e-03  -6.6721038e-04
   1.6618318e-02  -6.6992375e-01   7.5461468e-02   1.8352201e-03   4.3057355e-03  -2.6713341e-04
   2.7546099e-03  -6.4931722e-01  -1.3966720e-01   3.3443797e-03   4.1097945e-03  -1.1192496e-03
   1.4436039e-02  -6.0482004e-01  -1.0219377e-01   2.6906886e-03   3.5433116e-03  -6.0118448e-04
   1.9837862e-02  -7.1180457e-01   1.1664640e-01   2.2373428e-03   4.2473711e-03  -4.0525094e-04
   1.1025974e-02  -6.6070667e-01  -8.3858444e-02   3.5948600e-03   3.8984341e-03  -8.4606462e-04
  -3.2092291e-03  -6.9139283e-01  -1.0748150e-01   2.0901715e-03   4.6462103e-03  -6.7439188e-04
  -5.9812877e-02  -6.7203198e-01   3.6197040e-02   1.7646408e-03   3.9801361e-03  -2.2307257e-03
  -6.0561898e-02  -7.7400258e-01   1.9486571e-01  -1.8483358e-03   4.8361919e-03  -4.3016284e-03
  -8.0446982e-02  -6.3125973e-01   8.4114955e-02  -2.1184457e-03   4.6358812e-03  -4.0002893e-03
  -6.2807373e-02  -7.2867614e-01   1.4716968e-01  -8.2872932e-05   6.3241318e-03  -3.7730413e-03
  -6.3037075e-02  -6.5941183e-01   3.1656329e-02  -6.5927330e-04   5.6541308e-03  -3.2589748e-03
  -7.1142385e-02  -7.1836128e-01   1.5434847e-01  -1.3754368e-04   5.3635766e-03  -3.2381801e-03
  -5.7659674e-02  -6.9409111e-01   6.4367298e-02   1.0756017e-04   4.6760781e-03  -4.0229909e-03
  -1.7034505e-02  -7.0599439e-01   3.4596466e-01  -3.3205089e-03   5.0474479e-03  -2.5385327e-03
  -1.0384368e-02  -7.1889059e-01   2.6626410e-01  -1.6346823e-03   4.3674801e-03  -2.3614520e-03
  -6.9859546e-03  -6.5732295e-01   2.3050294e-01  -2.3628419e-03   4.1895720e-03  -2.1720949e-03
   7.1638260e-03  -7.1601559e-01   3.0937155e-01  -2.5949266e-03   4.1215708e-03  -1.8786928e-03
  -1.4519776e-03  -6.5980356e-01   1.9600191e-01  -2.8971585e-03   3.8516690e-03  -2.3909609e-03
   9.0071396e-03  -6.6718666e-01   3.1175144e-01  -3.9599458e-03   3.4693425e-03  -1.9484551e-03
   2.1535071e-02  -7.7640212e-01   3.7542351e-01  -2.4976207e-03   3.2020869e-03  -1.7238667e-03
   1.3648493e-02  -6.9964608e-01   2.0420532e-01  -2.3724508e-03   3.2052172e-03  -2.0698146e-03
   4.6350200e-02  -7.3557486e-01   3.4164102e-01  -4.0684143e-03   3.1421955e-03  -1.3544471e-03
   2.9242515e-02  -7.5057833e-01   1.8519546e-01  -2.2921439e-03   3.2389682e-03  -2.1248620e-03
   2.8920952e-02  -7.1537803e-01   1.0556674e-01  -2.2759570e-03   3.1565303e-03  -2.1142495e-03
   4.9980522e-02  -7.9712414e-01   3.1543173e-01  -3.1804448e-03   3.5600533e-03  -1.7064617e-03
   4.8549262e-02  -7.6689313e-01   1.8337942e-01  -2.1330870e-03   2.8150675e-03  -2.2206941e-03
   3.9602276e-02  -7.4445646e-01   1.6832810e-01  -2.3714936e-03   2.6726075e-03  -2.3263739e-03
   5.4439354e-02  -8.1721049e-01   3.4797097e-01  -3.3114157e-03   2.8535738e-03  -2.0472748e-03
   4.5961596e-02  -7.9238222e-01   2.1092864e-01  -2.1157118e-03   2.4507204e-03  -2.5953093e-03
   3.7982317e-02  -7.7803035e-01   2.2446408e-01  -2.6028161e-03   2.5311405e-03  -2.9936996e-03
   4.8025355e-02  -8.2906142e-01   2.7595303e-01  -2.2473714e-03   2.4855121e-03  -2.6108855e-03
   4.3617745e-02  -7.9183279e-01   3.6107191e-01  -2.7271715e-03   2.6077851e-03  -3.0852362e-03
   4.8291149e-02  -8.2398838e-01   4.4072654e-01  -4.1196040e-03   3.0232170e-03  -2.7008127e-03
   6.1025800e-02  -8.8062131e-01   3.5364149e-01  -3.7486170e-03   2.9763593e-03  -2.1030670e-03
   4.6865079e-02  -8.2475784e-01   2.1180231e-01  -2.6219887e-03   2.3068928e-03  -2.9179454e-03
   3.6936246e-02  -8.1562845e-01   2.2524344e-01  -2.7185441e-03   2.2799106e-03  -2.9458325e-03
   4.8589800e-02  -8.9260644e-01   2.6188822e-01  -2.7296976e-03   2.1692978e-03  -2.9418829e-03
   4.2208178e-02  -8.4030618e-01   1.9777234e-01  -2.1491782e-03   2.0655966e-03  -2.9014994e-03
   4.0585042e-02  -8.3650948e-01   2.3214053e-01  -3.6093268e-03   2.2207131e-03  -2.8514590e-03
   3.9890769e-02  -8.5519231e-01   2.0769227e-01  -2.9394327e-03   2.0642015e-03  -3.1234027e-03
   4.8964641e-02  -8.6425558e-01   3.0430321e-01  -2.5220106e-03   2.4952451e-03  -2.7011108e-03
   7.3060787e-02  -9.6223505e-01   4.0410843e-01  -2.2385933e-03   2.5236373e-03  -2.4999548e-03
   3.6338536e-02  -8.9696014e-01   2.0846649e-01  -1.7993702e-03   2.2239959e-03  -3.3541915e-03
   5.4434237e-02  -9.4407824e-01   4.2319003e-01  -3.4140218e-03   2.3312199e-03  -2.2108964e-03
   4.9882977e-02  -9.2127884e-01   3.2272529e-01  -2.3678323e-03   1.5957576e-03  -2.9773825e-03
   5.2485562e-02  -9.0216062e-01   3.7077650e-01  -3.3789099e-03   2.0250410e-03  -2.7828724e-03
   5.4759963e-02  -9.6921603e-01   4.3315871e-01  -2.8315954e-03   1.5741036e-03  -2.3106547e-03
   4.1511475e-02  -9.3479151e-01   3.5154756e-01  -2.4270157e-03   1.7853554e-03  -2.4629229e-03
   6.3414583e-02  -9.9991516e-01   4.5148597e-01  -2.9957959e-03   1.8384750e-03  -1.9740761e-03
   4.5065833e-02  -9.3615139e-01   2.8569997e-01  -2.3998628e-03   1.9459932e-03  -2.6780333e-03
   5.1604277e-02  -1.0026771e+00   4.2155389e-01  -3.4976143e-03   1.6367766e-03  -2.4104049e-03
   3.2172546e-02  -9.5465331e-01   3.2917237e-01  -2.7253992e-03   1.6948568e-03  -2.9405716e-03
   5.5301365e-02  -1.0128721e+00   4.8852450e-01  -4.0094583e-03   2.0997524e-03  -2.3485070e-03
   4.8188870e-02  -1.0021625e+00   3.3543089e-01  -2.5257191e-03   1.7518155e-03  -2.9639179e-03
   6.0754106e-02  -1.0121815e+00   4.6856590e-01  -4.0212514e-03   2.2590675e-03  -2.3524291e-03
   7.1963626e-02  -1.0345020e+00   3.5532459e-01  -2.3482449e-03   2.3166358e-03  -2.4192483e-03
   7.2793032e-02  -1.0070694e+00   4.0336448e-01  -3.4426301e-03   2.2242461e-03  -2.2441660e-03
   7.6349383e-02  -1.0575440e+00   4.6253504e-01  -3.1937937e-03   1.9606276e-03  -1.9052169e-03
   6.4947135e-02  -1.0039484e+00   4.2966089e-01  -3.6924600e-03   1.9128023e-03  -2.1087077e-03
   7.7369078e-02  -1.0775059e+00   3.7345337e-01  -2.8256689e-03   1.7429433e-03  -1.7652183e-03
   6.5061715e-02  -1.0343316e+00   3.2528495e-01  -2.3593189e-03   2.1234004e-03  -2.2714192e-03
   8.2200121e-02  -1.0801460e+00   4.0379637e-01  -2.6679972e-03   1.7731603e-03  -1.7229234e-03
   5.2193147e-02  -1.0007390e+00   3.1358433e-01  -3.0431072e-03   1.8007055e-03  -2.4599921e-03
   6.7851069e-02  -1.0952517e+00   5.8917890e-01  -4.4494846e-03   1.8522870e-03  -1.3783950e-03
   4.8546306e-02  -1.0611434e+00   4.0196354e-01  -2.7347764e-03   1.7282143e-03  -2.2142820e-03
   6.4305709e-02  -1.0679487e+00   5.1206630e-01  -4.2309032e-03   2.1847237e-03  -2.0107347e-03
   5.9609056e-02  -1.0870389e+00   4.5618445e-01  -3.4396641e-03   2.4609539e-03  -1.8740400e-03
   4.0101474e-02  -1.0347580e+00   4.6594615e-01  -3.7347690e-03   3.0113780e-03  -1.5332499e-03
   4.1081437e-02  -1.0751322e+00   3.4073457e-01  -2.9327532e-03   2.5728907e-03  -1.5451160e-03
   2.9089355e-02  -1.0082192e+00   2.1696682e-01  -3.0336173e-03   3.2437319e-03  -1.1491577e-03
   5.2241990e-02  -1.0806443e+00   5.1829194e-01  -5.0750089e-03   3.4410360e-03  -8.4565208e-04
   4.1099452e-02  -1.0938319e+00   3.7414279e-01  -3.5366715e-03   2.4207001e-03  -1.4037277e-03
   2.8366703e-02  -1.0833228e+00   4.5442474e-01  -5.2693419e-03   2.8357438e-03  -1.2982986e-03
   3.4709138e-02  -1.0863050e+00   3.4927084e-01  -3.9799226e-03   2.5257844e-03  -1.8248088e-03
   4.4157708e-02  -1.1203344e+00   5.2665698e-01  -5.2315007e-03   3.1385624e-03  -1.0612518e-03
   3.8549963e-02  -1.1547732e+00   4.2545249e-01  -3.4768547e-03   3.1464197e-03  -1.4449129e-03
   4.2226907e-02  -1.0868829e+00   3.3667748e-01  -4.1479226e-03   2.7661122e-03  -1.6915976e-03
   4.2506113e-02  -1.1653816e+00   5.3258724e-01  -4.9121249e-03   3.1031332e-03  -1.2810209e-03
   4.5985873e-02  -1.1206401e+00   3.4704219e-01  -3.9970925e-03   2.9641619e-03  -1.5015518e-03
   6.5544911e-02  -1.1288019e+00   5.3033296e-01  -5.7491751e-03   3.0369193e-03  -1.1499211e-03
   6.5139735e-02  -1.1411936e+00   3.6615964e-01  -4.0291165e-03   3.0250980e-03  -1.5212009e-03
   7.3428922e-02  -1.1525434e+00   5.3454625e-01  -5.8222309e-03   3.3836739e-03  -9.2891143e-04
   4.8044977e-02  -1.1447300e+00   3.4423468e-01  -4.4362619e-03   3.4001685e-03  -1.3758213e-03
   5.7893308e-02  -1.1132803e+00   4.6567585e-01  -5.7351043e-03   3.3194499e-03  -1.1281845e-03
   4.6653838e-02  -1.1897656e+00   4.8381847e-01  -4.6971389e-03   3.5885003e-03  -1.0854214e-03
   5.0127197e-02  -1.1505400e+00   3.6721082e-01  -4.8453272e-03   3.2231534e-03  -1.3914187e-03
   7.0538157e-02  -1.2113975e+00   5.4460486e-01  -5.7345315e-03   3.4804921e-03  -8.1585373e-04
   4.6488117e-02  -1.1662009e+00   4.0777359e-01  -4.6493114e-03   3.6737014e-03  -1.4425071e-03
   5.1681825e-02  -1.1799704e+00   5.0363937e-01  -5.1674922e-03   3.5544176e-03  -1.2527534e-03
   5.8716460e-02  -1.2465340e+00   5.2960652e-01  -4.1156116e-03   3.4007554e-03  -1.2905720e-03
   4.3263633e-02  -1.2202977e+00   5.1553212e-01  -4.7317304e-03   3.4278066e-03  -1.5453110e-03
   3.9781663e-02  -1.2463677e+00   4.1541066e-01  -3.8896641e-03   3.1409748e-03  -1.8358757e-03
   4.7195884e-02  -1.2165030e+00   5.0691646e-01  -5.6638291e-03   3.3906669e-03  -1.6971717e-03
   7.4070451e-02  -1.2660338e+00   4.7519358e-01  -4.3228314e-03   3.2086754e-03  -9.5267830e-04
   6.1027083e-02  -1.2141937e+00   3.4765302e-01  -3.9052922e-03   2.9578915e-03  -9.6921608e-04
   6.5715626e-02  -1.2524538e+00   5.7590742e-01  -5.4176981e-03   3.3290697e-03  -1.0398655e-03
   6.1601912e-02  -1.2251129e+00   4.0175371e-01  -4.4306451e-03   2.7035735e-03  -1.5062112e-03
   6.7370421e-02  -1.2633204e+00   5.7573733e-01  -5.2763358e-03   3.0091300e-03  -1.0872049e-03
   4.9623990e-02  -1.2659725e+00   4.6542794e-01  -4.1542588e-03   3.0513504e-03  -1.5697065e-03
   6.4642616e-02  -1.2735700e+00   6.3826454e-01  -6.2006592e-03   3.4954952e-03  -7.1069650e-04
   4.3553456e-02  -1.2834597e+00   6.0617307e-01  -5.1069795e-03   3.2193169e-03  -1.0108432e-03
   4.6856922e-02  -1.2621902e+00   5.7577195e-01  -5.5349997e-03   3.0258805e-03  -1.3567367e-03
   5.2461424e-02  -1.2981832e+00   5.9952120e-01  -5.3373840e-03   3.2676746e-03  -8.4134038e-04
   4.6590364e-02  -1.2760775e+00   5.0997304e-01  -4.8074802e-03   2.9801324e-03  -1.2173788e-03
   7.4988655e-02  -1.3536228e+00   5.7724763e-01  -4.8607654e-03   2.8326344e-03  -4.8546380e-04
   6.2820125e-02  -1.2765081e+00   5.3481594e-01  -5.7960324e-03   2.9388376e-03  -9.8504400e-04
   7.5677024e-02  -1.3470134e+00   5.6372383e-01  -4.8164331e-03   3.0724663e-03  -5.6713915e-04
   6.9506209e-02  -1.3020411e+00   4.9954968e-01  -5.6488592e-03   3.1924456e-03  -8.1471134e-04
   8.4053002e-02  -1.3794974e+00   5.5330216e-01  -6.3095685e-03   4.0823765e-03  -3.6347791e-05
   8.6720030e-02  -1.2993499e+00   4.5898204e-01  -5.8241952e-03   3.1860528e-03   1.5298453e-04
   1.0032524e-01  -1.4096593e+00   6.6451716e-01  -5.7913735e-03   3.3260414e-03   6.4086263e-04
   7.2356432e-02  -1.3418325e+00   3.6450432e-01  -4.2042039e-03   3.2465252e-03  -1.5049328e-04
   9.1563566e-02  -1.3924628e+00   5.9113380e-01  -5.4095267e-03   3.8226503e-03   8.6638834e-04
   7.5750809e-02  -1.3234540e+00   4.5554714e-01  -5.2292809e-03   3.6954141e-03  -1.0448211e-04
   1.0183668e-01  -1.4332705e+00   6.6809404e-01  -5.9478526e-03   3.6174216e-03   4.2256784e-04
   8.2033682e-02  -1.3813739e+00   4.6445859e-01  -4.5766137e-03   3.6006499e-03  -2.9756010e-05
   9.9800031e-02  -1.3344607e+00   5.3595178e-01  -5.6424787e-03   3.8206994e-03   5.7894876e-04
   9.7557881e-02  -1.4391025e+00   5.9154930e-01  -5.2522146e-03   3.7175284e-03   1.0640814e-03
   8.8774823e-02  -1.3429307e+00   3.6401398e-01  -5.6206385e-03   4.1214438e-03   1.0600878e-03
   8.8527610e-02  -1.3852936e+00   6.3051585e-01  -7.0070732e-03   4.0626584e-03   9.8280231e-04
   7.5905877e-02  -1.4271207e+00   5.0518898e-01  -3.9452472e-03   3.4368260e-03   3.0184866e-04
   8.5548142e-02  -1.3923695e+00   4.2577721e-01  -4.5282841e-03   2.9138506e-03  -2.9316463e-05
   1.1538630e-01  -1.4891725e+00   6.5948081e-01  -5.0138853e-03   3.5773735e-03   1.0496411e-03
