   1.4210855e-14   0.0000000e+00   0.0000000e+00   8.5528471e-50  -1.5407440e-33   0.0000000e+00
  -2.9214146e-03  -2.8539566e-02  -2.4840251e-03   1.2048894e-04  -5.4573373e-05  -1.8025038e-04
  -2.7073668e-03  -1.1957818e-02   2.2595801e-02  -1.5809496e-03  -3.8247926e-04   2.1528917e-07
  -1.7488869e-02   6.6220142e-02  -7.1603478e-02  -2.4361175e-03  -5.4452978e-04  -9.1298579e-04
  -7.5073431e-03  -8.4795655e-03   4.2932333e-02  -2.1627925e-03  -1.2220786e-03   1.1845177e-05
  -2.3762314e-02   6.0444649e-02  -5.9661391e-02   4.6544091e-05  -5.0850000e-04  -2.7222000e-04
  -1.9036304e-02   4.5140068e-02  -7.1551806e-02  -2.3857312e-04  -5.4582658e-04  -1.8536035e-04
  -1.8925821e-02   6.0572590e-02  -2.9082054e-03  -1.3777964e-03  -4.1027588e-04  -3.0533039e-04
  -1.3138843e-02   4.4120758e-02  -5.4729043e-02   3.4128494e-04  -2.8895314e-04  -1.7932962e-05
  -2.9349608e-02  -2.5439230e-02   1.5202377e-02  -9.2985336e-04  -3.0635161e-04  -6.6047240e-04
  -1.2382417e-02  -1.5399092e-02  -3.4711169e-04  -2.3278056e-04  -7.2965980e-04  -2.4978825e-04
  -1.7400423e-02   1.4587495e-02  -4.4765322e-03  -2.2110231e-04  -2.1436208e-04  -3.3830798e-04
  -3.0607046e-02  -5.3573310e-02   1.8699693e-02  -4.0608510e-04  -7.9718948e-05  -7.2858955e-04
  -2.2081924e-02   7.0149427e-03   2.7915582e-02  -9.5193723e-04  -1.6760665e-04  -3.5325301e-04
  -4.3850754e-02  -1.1510994e-02  -3.8976508e-02   9.9579482e-05  -7.8984459e-05  -5.2300072e-04
  -3.3048553e-02  -1.3040887e-02   2.0522975e-02  -1.1594145e-03  -3.5245378e-04  -5.5982362e-04
  -2.9978310e-02   1.9525846e-02   2.3265308e-02  -3.8283238e-04  -2.9055855e-04  -4.7516347e-04
  -2.8186018e-02  -1.9025744e-02  -2.3404963e-03  -5.4896276e-04  -3.4478594e-04  -5.7483143e-04
  -2.6791686e-02   3.0556078e-03   4.1616060e-02  -1.9380452e-03  -4.4915467e-04  -7.4656061e-04
  -1.2722468e-02   5.4664145e-02   4.9623930e-03  -1.0607137e-03  -4.8531134e-04  -4.6564266e-04
  -2.7090121e-02  -1.0867238e-02   2.5400409e-02  -1.0085686e-03  -4.2741582e-04  -7.8637118e-04
  -2.4219834e-02   2.2871562e-02   6.5073557e-02  -2.2758992e-03  -6.3391345e-04  -5.1118250e-04
  -1.8249116e-02   2.2451559e-02  -9.2574330e-03  -1.0154919e-03  -1.1825656e-03  -2.8213803e-04
  -6.5963677e-03  -1.9094881e-03   9.6247435e-02  -4.2595713e-03  -2.2315865e-03  -9.9964221e-05
  -4.5633793e-02   8.6125058e-02   6.0121272e-02  -4.6369309e-03  -1.1291350e-03  -1.2796754e-03
  -1.9829236e-03   4.2091501e-02   3.0427360e-02  -3.6409418e-03  -2.1144565e-03   1.6668237e-04
  -1.2702962e-02   1.0105737e-01   5.2927200e-02  -5.6031023e-03  -1.9005903e-03  -1.5045582e-04
  -1.3668903e-02   1.1088413e-01  -2.7340219e-02  -2.3913200e-03  -1.6192726e-03  -6.4836249e-04
  -2.9273541e-02   6.8548533e-02  -3.2951351e-02  -1.8482417e-03  -1.4419874e-03  -6.7197148e-04
   2.0368272e-02   1.2165902e-01   3.3465773e-02  -5.2039777e-03  -2.5516754e-03   3.7359048e-05
  -3.0363151e-02   7.8817688e-02  -6.8913866e-04  -4.3873821e-03  -1.7150010e-03  -1.1877769e-03
  -2.4571951e-02   3.3392483e-02   1.8138887e-02  -4.7094625e-03  -2.2837738e-03  -1.4174409e-03
  -3.1255682e-02   8.8311717e-02   6.3566854e-02  -6.0950390e-03  -1.8659035e-03  -1.5734276e-03
  -4.3628859e-02   2.8404719e-02   8.8849076e-03  -4.7361656e-03  -2.0292018e-03  -2.3503518e-03
  -4.7645815e-02   6.6459023e-02  -7.9943950e-03  -2.3811805e-03  -1.9945989e-03  -2.2808239e-03
  -1.7875276e-02   1.0739281e-01  -1.6193488e-02  -2.8772807e-03  -2.3851940e-03  -1.0902382e-03
  -4.1129688e-02   4.8403851e-03   2.8519253e-04  -3.0211767e-03  -2.3371007e-03  -1.4400608e-03
  -3.6000176e-02   2.6251310e-02   3.9451718e-02  -3.6364972e-03  -2.7371208e-03  -1.3199057e-03
  -3.0672646e-02   8.4178868e-02  -1.0182053e-02  -3.1562586e-03  -2.5177956e-03  -1.2175664e-03
  -2.1570860e-02  -9.8627903e-03  -9.6811116e-03  -2.6491757e-03  -2.8021522e-03  -1.5956684e-03
  -1.7397584e-02   3.9193435e-02   6.4495548e-03  -3.6574715e-03  -3.0019103e-03  -1.3584120e-03
  -2.3739384e-02   5.0282366e-02  -1.1758381e-02  -4.8443442e-03  -3.0801955e-03  -1.7443236e-03
  -2.8887377e-02   2.7912606e-02   5.6394050e-02  -5.6737612e-03  -3.1167873e-03  -1.7270162e-03
  -1.2287167e-02   8.1265059e-02   1.9678367e-02  -4.6273606e-03  -3.1821742e-03  -1.4350388e-03
  -3.0291986e-02   2.2698475e-02   9.0874557e-04  -3.9430258e-03  -3.0836499e-03  -1.9256521e-03
  -1.0080342e-02   2.4226301e-02   5.8940898e-02  -4.3243252e-03  -3.6014629e-03  -7.7648945e-04
  -3.0311736e-02   5.3460316e-02   1.0474290e-02  -4.0619230e-03  -2.6581898e-03  -1.8962321e-03
  -1.5077494e-02   4.7903027e-02   8.2900470e-03  -5.3549895e-03  -3.6417096e-03  -1.4787817e-03
  -2.6942739e-02   6.5856393e-02   5.1056577e-02  -7.8721253e-03  -3.3677029e-03  -2.2395143e-03
  -4.7594882e-02   9.0077282e-02  -1.6405905e-02  -5.1834805e-03  -2.5522550e-03  -2.6972381e-03
  -5.0658114e-03   2.2972193e-02  -8.0533424e-03  -3.1999616e-03  -3.2496665e-03  -1.5975589e-03
   4.5312782e-02   8.3468597e-02   3.5521304e-02  -6.1244490e-03  -4.6816002e-03   3.8973359e-04
  -1.9028603e-02   5.7470480e-02  -1.6008601e-03  -6.3447288e-03  -3.1739088e-03  -2.2692407e-03
  -3.4992473e-02  -1.2480922e-03  -2.0211973e-02  -3.8682397e-03  -3.4512471e-03  -2.6733675e-03
  -2.5905075e-02   7.3988735e-02  -5.2252791e-04  -7.8788663e-03  -4.1742018e-03  -3.6167271e-03
  -5.1633408e-02   3.4556981e-02  -9.4378393e-02  -4.2559664e-03  -3.3439128e-03  -3.7387640e-03
  -5.7299973e-02   1.1800606e-02   7.2778406e-03  -5.2397978e-03  -3.2356263e-03  -3.6663926e-03
   1.0794305e-02   3.1720557e-02  -4.3349073e-02  -5.3403699e-03  -4.8851827e-03  -9.6782394e-04
  -4.6950618e-02  -5.5106937e-02  -4.4660674e-02  -4.6843663e-03  -3.8533508e-03  -3.3855625e-03
  -3.8908233e-02  -1.9555023e-02   4.4334702e-02  -7.9307916e-03  -3.8093489e-03  -3.3701873e-03
  -4.4892426e-02  -2.0867350e-02  -2.0729097e-02  -6.0370202e-03  -3.6437683e-03  -3.7535639e-03
  -4.4762487e-02  -2.9749102e-02   9.8920743e-03  -6.1066701e-03  -3.9803654e-03  -3.6685595e-03
  -2.9974903e-02   2.1734101e-02   2.1393136e-02  -8.4285221e-03  -4.0068814e-03  -3.1604534e-03
  -5.8233652e-02  -5.4079745e-02  -6.3389281e-03  -4.9414963e-03  -3.1775994e-03  -3.5345832e-03
  -2.7373919e-02   1.0047772e-01  -1.0265864e-02  -5.3708159e-03  -3.6591897e-03  -2.5818511e-03
   2.6428591e-02   4.8255079e-02  -3.2329925e-02  -5.0884225e-03  -5.2747761e-03  -6.6031970e-04
  -2.3822115e-02  -2.7106633e-02   2.6036437e-02  -6.8971908e-03  -4.6839846e-03  -2.7937174e-03
  -3.2618799e-02   5.2114936e-03   1.8110053e-02  -6.4579161e-03  -4.4164976e-03  -2.9985340e-03
  -2.7370645e-02  -5.0571514e-04  -4.7530900e-02  -4.0131476e-03  -4.1881055e-03  -2.6198127e-03
  -3.6709033e-02  -1.0004607e-02   7.0045824e-02  -7.8634389e-03  -4.4411864e-03  -4.0297808e-03
  -4.8382442e-02   3.0439773e-02   3.2711160e-02  -6.6146631e-03  -4.2809142e-03  -3.1147340e-03
  -5.9501273e-02  -7.3061402e-04  -1.1113182e-02  -6.1860713e-03  -4.1644015e-03  -4.4562086e-03
  -3.4522300e-02   7.8526782e-04   1.2251115e-01  -9.9905208e-03  -5.2018459e-03  -3.7475753e-03
  -1.2868489e-02   4.7714066e-02   8.9812066e-02  -1.0112226e-02  -5.2803829e-03  -3.3449317e-03
  -5.8202082e-02  -4.2661697e-02   2.1420088e-02  -5.7920789e-03  -4.3011084e-03  -4.0550358e-03
  -6.3398188e-02   2.3018373e-02   6.3788854e-02  -9.3675508e-03  -4.2273456e-03  -4.6706482e-03
  -4.8286236e-02   5.1230475e-02  -1.0330723e-03  -7.3106383e-03  -4.2199187e-03  -4.2216766e-03
  -8.0852715e-02  -6.2570764e-03  -1.2937565e-02  -7.5928992e-03  -3.9276919e-03  -5.0221328e-03
  -6.3301117e-02   3.1370942e-02   4.7357438e-02  -8.9930894e-03  -4.3621780e-03  -4.5953520e-03
  -6.1560451e-02  -4.7077830e-03   3.7030996e-02  -1.0988744e-02  -4.8151973e-03  -4.3632636e-03
  -6.5829110e-02  -5.9601051e-02   6.8086106e-02  -9.6066141e-03  -4.6893657e-03  -4.1627254e-03
  -7.8595990e-02   2.2935286e-02   3.4589969e-02  -8.7456888e-03  -4.0646453e-03  -4.5799729e-03
  -5.4776077e-02  -1.7441469e-02   2.0317933e-02  -7.8292370e-03  -4.4768317e-03  -3.3004901e-03
  -6.4284452e-02  -5.6184810e-02   4.3016664e-02  -8.0771189e-03  -4.5116695e-03  -3.4571642e-03
  -5.9742643e-02   1.3527029e-02   5.3220613e-02  -9.1127775e-03  -4.6410952e-03  -3.4875538e-03
  -7.6477005e-02   1.7914415e-04  -4.8395355e-02  -7.0120797e-03  -4.2152504e-03  -4.1067691e-03
  -8.2999149e-02  -3.8887852e-03   2.2159433e-02  -9.0601675e-03  -4.2904848e-03  -4.1198855e-03
  -7.1745776e-02   3.0442659e-02   1.3080805e-02  -9.0851300e-03  -4.3205372e-03  -4.0493744e-03
  -6.7591343e-02  -2.7157375e-02  -1.3042346e-02  -8.2485463e-03  -4.3935426e-03  -3.6199374e-03
  -5.0699749e-02  -4.8313547e-02   8.2723817e-02  -1.0076061e-02  -5.0417668e-03  -3.1403063e-03
  -6.2789627e-02  -3.2316816e-03  -7.0786984e-03  -7.4964320e-03  -4.3917101e-03  -3.7798317e-03
  -7.3212903e-02  -1.3676830e-02   2.2603767e-02  -9.2775947e-03  -4.5744249e-03  -3.7176346e-03
  -8.1459706e-02   1.3229782e-02   3.7321471e-02  -9.6225669e-03  -4.5457460e-03  -4.3808355e-03
  -6.8348787e-02  -1.6137326e-02   2.0789405e-02  -8.3015192e-03  -4.1444021e-03  -3.4879217e-03
  -5.7590866e-02  -5.2671147e-02   4.0292940e-02  -9.8046054e-03  -5.1192067e-03  -2.7072173e-03
  -8.1842493e-02  -9.0212772e-03   7.1924936e-02  -1.0767520e-02  -4.5055254e-03  -4.6302072e-03
  -7.1263681e-02   3.7881949e-03   3.7803381e-02  -1.1444941e-02  -4.7264682e-03  -3.9121130e-03
  -9.2729383e-02  -1.8326555e-02   6.9089623e-02  -1.0846276e-02  -4.1539581e-03  -4.7411167e-03
  -6.3612315e-02   2.2893381e-02   1.8794482e-02  -1.0709684e-02  -4.7503225e-03  -4.4039637e-03
  -6.6672382e-02  -2.3614673e-02   2.7501468e-02  -1.1202139e-02  -4.5667152e-03  -4.3385080e-03
  -8.2846064e-02  -1.6428392e-02   3.8829047e-02  -1.0190735e-02  -4.5512146e-03  -4.7139071e-03
  -9.3723464e-02   2.2069565e-02  -4.8067465e-03  -1.0163437e-02  -4.0786408e-03  -4.6055046e-03
  -1.0575820e-01  -3.6830302e-02   5.6220186e-02  -1.0912052e-02  -3.8892620e-03  -4.8713922e-03
  -9.5322512e-02  -4.9313931e-03   5.3761899e-02  -1.1859768e-02  -4.0107026e-03  -4.8584188e-03
  -8.8106882e-02   1.2277614e-02  -5.3187767e-02  -1.0469327e-02  -3.9212589e-03  -4.6088528e-03
  -9.2184174e-02  -4.0556384e-02   6.2851752e-02  -1.2560831e-02  -4.2857535e-03  -4.6285472e-03
  -9.7671533e-02   3.0204796e-02   5.2223652e-02  -1.2876476e-02  -4.0700322e-03  -4.8422275e-03
  -9.9414309e-02   2.5196001e-02  -7.2707106e-02  -1.0963071e-02  -3.8967115e-03  -4.8308893e-03
  -3.2339142e-02   4.7043367e-02   5.5029540e-02  -1.4679672e-02  -5.8184704e-03  -2.9434700e-03
  -1.1121397e-01   4.3310316e-02   3.8088348e-02  -1.3880253e-02  -3.9959753e-03  -5.7446668e-03
  -1.1801045e-01  -1.0662145e-02  -2.0074663e-02  -1.1909400e-02  -3.8886237e-03  -5.4859897e-03
  -1.1062984e-01   9.3949205e-02  -4.6203081e-04  -1.2674268e-02  -4.0743310e-03  -5.0417289e-03
  -1.1625121e-01   1.0262022e-01  -3.9164246e-02  -1.2667432e-02  -3.9869615e-03  -4.7928190e-03
  -1.1146112e-01   2.8902950e-02   3.6459899e-02  -1.2462149e-02  -3.8774310e-03  -5.3342670e-03
  -8.6199254e-02   8.3650409e-02   2.9902397e-03  -1.3141934e-02  -4.1996586e-03  -4.8522670e-03
  -9.2216907e-02   2.5074086e-02  -6.2625395e-03  -1.2314142e-02  -4.2207297e-03  -4.6095263e-03
  -8.6949628e-02   4.9207898e-02   9.2807161e-02  -1.6185035e-02  -4.6358011e-03  -5.0921805e-03
  -6.3928918e-02   7.8990751e-02   6.7387943e-02  -1.5980369e-02  -5.1036420e-03  -4.7065057e-03
  -8.9617062e-02   1.7973229e-02  -4.3197032e-03  -1.2251673e-02  -4.1068540e-03  -5.4833994e-03
  -7.9741547e-02   6.8489406e-02   4.0287675e-02  -1.3797847e-02  -4.2487714e-03  -5.5524376e-03
  -8.3571961e-02   6.1873445e-02   3.3927464e-02  -1.3485840e-02  -4.1487326e-03  -6.0474619e-03
  -8.5620364e-02  -2.1293077e-02   8.1375708e-02  -1.3415053e-02  -4.5312147e-03  -6.0265888e-03
  -1.0113361e-01   5.0014375e-02   7.6440749e-02  -1.4896170e-02  -4.2912822e-03  -5.9425339e-03
  -9.2650410e-02   6.6464664e-02   1.3097353e-02  -1.3982204e-02  -4.3914385e-03  -5.3049308e-03
  -9.9848717e-02   1.8275614e-02   4.6919977e-02  -1.4241009e-02  -4.5570905e-03  -5.7013041e-03
  -9.6998967e-02   4.6232537e-02   7.6491175e-02  -1.4501796e-02  -4.4947191e-03  -5.9143512e-03
  -1.0340129e-01   6.1023212e-02   3.0634207e-02  -1.3510506e-02  -4.2622591e-03  -5.3306483e-03
  -1.0612834e-01   2.6937010e-02   1.0194536e-01  -1.5089388e-02  -4.3559050e-03  -5.7528514e-03
  -7.6248270e-02   9.1892463e-02   5.6732721e-02  -1.4835048e-02  -5.3689757e-03  -5.3354086e-03
  -9.9810419e-02   6.2358532e-02   2.3202229e-02  -1.3568864e-02  -4.5025129e-03  -5.3826347e-03
  -9.6290323e-02   4.0547018e-02   7.4448410e-02  -1.4933283e-02  -4.8301676e-03  -5.4132817e-03
  -9.3797149e-02   7.3468304e-02   5.5117470e-02  -1.4563126e-02  -4.9045037e-03  -5.3063826e-03
  -1.0623960e-01   5.4921780e-02  -1.2314105e-02  -1.3991631e-02  -4.6853208e-03  -5.3053889e-03
  -9.5784800e-02   4.5082204e-02   5.5396307e-02  -1.5313397e-02  -5.1789912e-03  -5.3414298e-03
  -8.6240888e-02   5.8056297e-02   1.6240692e-02  -1.3636542e-02  -4.9820178e-03  -5.2070453e-03
  -9.5472985e-02   4.1300085e-02   4.5537269e-02  -1.4275123e-02  -4.9105562e-03  -5.5377612e-03
  -7.7142999e-02   6.5582202e-02   9.1190662e-02  -1.6041116e-02  -4.9388595e-03  -5.5836191e-03
  -6.9216720e-02   7.6222793e-02   1.1976831e-02  -1.4202841e-02  -4.7020912e-03  -5.0043443e-03
  -7.9733619e-02   2.1151521e-02   9.6212636e-02  -1.5143060e-02  -4.7752173e-03  -5.8373621e-03
  -6.2100383e-02   5.0762918e-02   5.1652283e-02  -1.4734358e-02  -5.1622444e-03  -5.3060890e-03
  -8.0368718e-02   2.7443391e-02   3.0598689e-02  -1.4450539e-02  -4.6661142e-03  -5.3952652e-03
  -7.0971343e-02   2.2372818e-02   8.4646448e-02  -1.6275250e-02  -4.7455728e-03  -5.4613606e-03
  -6.4836333e-02   7.9410270e-02   5.2523808e-02  -1.6148078e-02  -4.5729072e-03  -5.4919965e-03
  -8.0576379e-02   2.2840086e-02   4.1425018e-02  -1.5187549e-02  -4.3117311e-03  -5.6996102e-03
  -7.2117370e-02   4.8586089e-02   7.0882436e-02  -1.6556810e-02  -4.9815016e-03  -5.6140241e-03
  -8.2680193e-02   6.1123898e-02   4.4073966e-02  -1.5208091e-02  -4.4657447e-03  -5.5475892e-03
  -7.8299682e-02   6.5743451e-02   4.9329215e-02  -1.6351991e-02  -4.5720435e-03  -5.3020318e-03
  -7.9398443e-02   8.7539086e-02   7.3650044e-02  -1.7702306e-02  -4.8616029e-03  -5.5400605e-03
  -9.0555009e-02   4.4863850e-02   4.6246752e-02  -1.5536490e-02  -4.5413226e-03  -5.4279797e-03
  -8.7376659e-02   2.6308281e-02   6.7363995e-02  -1.6196604e-02  -4.7150596e-03  -5.3642711e-03
  -8.1279891e-02   7.4163441e-02   7.7049325e-02  -1.7392989e-02  -4.7805145e-03  -5.1340577e-03
  -8.0862668e-02   3.5688228e-02   2.9071289e-02  -1.6490423e-02  -4.8825585e-03  -5.2932002e-03
  -8.7147958e-02   5.7912369e-02   7.0187965e-02  -1.6992703e-02  -4.6833314e-03  -5.5664741e-03
  -7.9019968e-02   1.1301695e-01   5.0472038e-02  -1.7906641e-02  -4.7475041e-03  -5.1330721e-03
  -7.5490770e-02   5.4919519e-02   1.8786695e-03  -1.6567451e-02  -4.8355904e-03  -5.4559817e-03
  -9.4887891e-02   5.5447101e-02   1.0559960e-01  -1.7268252e-02  -4.4983341e-03  -5.7500060e-03
  -7.6581330e-02   1.1196814e-01   6.9506976e-02  -1.7851238e-02  -4.5380897e-03  -5.4133355e-03
  -8.5725760e-02   5.6579901e-02   5.9400514e-02  -1.6919646e-02  -4.6537997e-03  -5.6432630e-03
  -8.9029462e-02   1.1024220e-01   1.0845385e-01  -1.8326008e-02  -4.6115487e-03  -5.5316048e-03
  -9.1575774e-02   8.7273476e-02   3.1006165e-02  -1.7317854e-02  -4.6145503e-03  -5.6074328e-03
  -9.5372122e-02   6.6751894e-02   1.0826885e-01  -1.8132221e-02  -4.7841348e-03  -6.0397950e-03
  -8.4141488e-02   9.1779643e-02   6.1240856e-02  -1.7632217e-02  -4.9001977e-03  -5.7023922e-03
  -1.0206809e-01   4.4726703e-02   6.8067665e-02  -1.7612255e-02  -4.6886909e-03  -6.3908355e-03
  -1.0491627e-01   4.5050981e-02   1.2097184e-01  -1.8620127e-02  -4.7673937e-03  -6.5808562e-03
  -1.0105399e-01   8.1809748e-02   7.4710411e-02  -1.7950601e-02  -4.6612688e-03  -6.1676994e-03
  -1.0620579e-01   4.6151620e-02   5.0607100e-02  -1.7449068e-02  -4.7447195e-03  -6.3160303e-03
  -1.0296274e-01   6.3813763e-02   1.2645979e-01  -1.9363548e-02  -4.9564222e-03  -6.3198801e-03
  -9.3323958e-02   8.8137925e-02   4.0375236e-02  -1.8421655e-02  -4.7286036e-03  -6.3783489e-03
  -1.0476339e-01   4.1552077e-02   5.9010589e-02  -1.8626860e-02  -4.6766300e-03  -6.2673234e-03
  -1.0145045e-01   1.0154102e-01   8.0229076e-02  -2.0265377e-02  -4.8362672e-03  -6.3910557e-03
  -1.0475823e-01   4.4558349e-02   9.3007370e-03  -1.7980301e-02  -4.6874800e-03  -6.5082530e-03
  -1.1312662e-01   1.4121696e-02   4.3767102e-02  -1.8695259e-02  -4.6593371e-03  -6.5055817e-03
  -1.1387656e-01   7.4056285e-02   7.3511994e-02  -2.0440097e-02  -4.6907563e-03  -6.7482367e-03
  -1.1838604e-01   3.1266998e-02   3.7063748e-02  -1.9236028e-02  -4.5489580e-03  -6.7510216e-03
  -1.3266405e-01  -2.6408661e-02   1.2468350e-01  -1.9503144e-02  -4.8813734e-03  -7.7412066e-03
  -1.2000861e-01   2.1028015e-02   9.8741182e-02  -1.9839855e-02  -5.3485572e-03  -7.5448703e-03
  -1.4038170e-01   1.0413179e-02   9.6600682e-02  -1.9369804e-02  -4.7874000e-03  -7.6899231e-03
  -1.4569038e-01  -2.3706166e-03   1.1877851e-01  -2.0643909e-02  -5.0658196e-03  -8.1982633e-03
  -1.2255863e-01   5.2213456e-02   9.4931439e-02  -2.0633183e-02  -5.4478550e-03  -7.7250341e-03
  -1.2165212e-01   5.3669950e-02   6.8095657e-02  -2.0324195e-02  -5.2241791e-03  -7.9252285e-03
  -1.3018217e-01  -6.7021749e-03   1.1059141e-01  -2.3084853e-02  -5.7025521e-03  -8.2245282e-03
  -1.3139722e-01   2.6192414e-02   1.3996556e-01  -2.4588541e-02  -5.9968611e-03  -8.0601237e-03
  -1.4676480e-01   6.3962827e-02   7.1774022e-03  -2.0582882e-02  -5.2453772e-03  -8.1713625e-03
  -1.4863181e-01   1.0639140e-02   5.3839082e-02  -2.0168469e-02  -5.3482596e-03  -8.2304784e-03
  -1.3330860e-01   6.8507378e-02   5.6532184e-02  -2.1281327e-02  -5.6185699e-03  -8.1341615e-03
  -1.2617134e-01   5.0749010e-02   3.7481349e-02  -2.0816220e-02  -5.7038546e-03  -8.1463501e-03
  -1.3310263e-01   1.1388337e-02   6.6909313e-02  -2.1149764e-02  -5.6953964e-03  -8.5211567e-03
  -1.3105296e-01   7.0096427e-02   7.8527501e-02  -2.2086033e-02  -5.6877974e-03  -8.5168034e-03
  -1.4113909e-01   3.6031187e-02   4.1295838e-02  -2.1382016e-02  -5.5857574e-03  -8.4972135e-03
  -1.3588337e-01   1.7926074e-02   1.0984551e-01  -2.2637103e-02  -5.8192476e-03  -8.5840828e-03
  -1.2869132e-01   4.6825684e-02   5.4864366e-02  -2.1939156e-02  -5.7267414e-03  -8.5958117e-03
  -1.4006228e-01  -1.5720055e-02   6.7404329e-02  -2.1678703e-02  -5.6022758e-03  -8.5745806e-03
  -1.4504594e-01  -1.5103046e-02   1.3835524e-01  -2.2505325e-02  -6.0563682e-03  -8.8674630e-03
  -1.4141752e-01   1.1195203e-02   5.6870181e-02  -2.0900197e-02  -5.8579599e-03  -8.6944773e-03
  -1.4747412e-01  -3.1600813e-02   8.6750137e-02  -2.1284721e-02  -5.8527744e-03  -8.6950079e-03
  -1.4969631e-01  -7.0762649e-03   1.2218998e-01  -2.2588725e-02  -5.9889616e-03  -8.8209528e-03
  -1.5162272e-01   6.0643019e-03   5.7637406e-02  -2.1809344e-02  -5.8627644e-03  -8.5926615e-03
  -1.5146600e-01  -5.3638269e-02   4.3146444e-02  -2.0860014e-02  -6.0461410e-03  -8.4468924e-03
  -1.4407748e-01  -1.7268906e-02   1.1603369e-01  -2.2186078e-02  -6.1926557e-03  -8.6374200e-03
  -1.4679356e-01  -6.2664155e-03   4.6264331e-02  -2.1293038e-02  -6.0457009e-03  -8.4576721e-03
  -1.4389567e-01  -5.2809178e-02   9.0782018e-02  -2.1142145e-02  -6.2948948e-03  -8.6889863e-03
  -1.3111002e-01   3.4893535e-03   1.1054428e-01  -2.2439864e-02  -6.5666102e-03  -8.3620717e-03
  -1.2694197e-01  -5.9089678e-02   1.5982652e-01  -2.4942737e-02  -7.1791124e-03  -7.9117367e-03
  -1.4635819e-01  -2.7642399e-02   1.2381550e-01  -2.2521277e-02  -6.5887788e-03  -8.6323992e-03
  -1.4615706e-01   4.2751444e-02   8.3968205e-02  -2.2422288e-02  -6.4601226e-03  -8.2366518e-03
  -1.4102067e-01  -2.6092650e-02   3.9684097e-02  -2.1198212e-02  -6.5252264e-03  -8.6284005e-03
  -1.4326137e-01   9.2659642e-03   1.0514239e-01  -2.3013303e-02  -6.6172116e-03  -8.7210783e-03
  -1.4296686e-01  -1.0202776e-02   5.5482607e-02  -2.1854224e-02  -6.5626578e-03  -8.5304766e-03
  -1.4245966e-01  -6.1504098e-02   1.0595455e-01  -2.2404455e-02  -6.7976449e-03  -8.8395086e-03
  -1.2709125e-01  -1.2652552e-03   1.0752570e-01  -2.2402140e-02  -7.2585599e-03  -8.5082041e-03
