   0.0000000e+00   0.0000000e+00   0.0000000e+00   0.0000000e+00   0.0000000e+00   0.0000000e+00
  -3.3765826e-02  -1.0682901e-02   5.0148514e-03  -2.2386873e-03   5.1812951e-04  -6.5768448e-04
  -9.9274564e-03  -2.2344664e-02   4.0197780e-03  -2.0883079e-03   6.5251577e-05  -4.6478074e-04
  -3.7197340e-02  -7.4608678e-02  -3.2110871e-02  -1.4730916e-03   7.6351308e-04  -9.3822208e-04
  -1.2488535e-02  -4.8534489e-02  -5.5320495e-02  -1.8871973e-04   5.1311859e-04  -9.7738692e-04
  -3.6232773e-03  -1.8601589e-02  -1.1269448e-02  -1.7899125e-03   3.6051886e-04  -1.1519415e-03
   9.6963575e-03  -7.0738860e-02   4.2167416e-03  -4.8849126e-04  -3.4698333e-05  -7.0128016e-04
   5.5304769e-03  -1.1037444e-02   2.6821258e-02  -2.0346152e-03  -1.9004984e-04  -3.8901605e-04
   1.3624572e-02  -9.4734305e-02  -8.5295787e-03  -3.6577139e-04  -3.1200893e-05  -6.2801208e-04
   2.7621823e-03  -6.5743016e-02  -5.6745146e-03  -3.8251630e-04   1.3768975e-04  -8.3411331e-04
  -5.3272728e-03  -6.0634009e-02  -1.4590303e-02  -7.8141323e-04   3.1285816e-04  -9.6917963e-04
   1.2720269e-03  -4.1637256e-02  -2.0802805e-02  -1.2765545e-04   3.0547018e-04  -6.8457035e-04
  -9.5923686e-03  -3.1233160e-02  -1.5699730e-02  -1.0713470e-03   4.1339458e-04  -8.9032852e-04
   4.1883955e-03  -4.1461488e-02  -3.2013922e-02  -9.8123592e-05   3.1847524e-05  -2.7345237e-04
  -9.8273653e-03  -4.7251951e-02  -1.6603562e-02  -9.8708616e-04   1.6997863e-04  -6.3789207e-04
  -3.3853656e-03  -7.4949548e-02  -4.2716552e-02  -2.6180982e-04  -3.6238753e-04  -2.0629278e-04
  -9.3628911e-03  -9.1554975e-02   5.7314307e-03  -2.2124578e-03  -1.9774079e-05  -5.4471589e-04
  -1.1042667e-02  -1.1305876e-01   1.1295866e-02  -3.5618720e-03  -2.4848742e-04  -1.3421304e-03
   7.9958830e-03  -1.0565137e-01  -2.1030129e-02  -2.1039432e-03  -3.3958195e-04  -1.3899664e-03
   9.4411343e-03  -1.2038614e-01  -3.7562875e-03  -2.0295083e-03  -3.9273499e-04  -7.0432161e-04
  -1.1847837e-02  -1.4135073e-01  -2.1208628e-02  -1.3281534e-03   3.5959886e-04  -1.7397729e-03
   1.4059847e-02  -1.1155628e-01  -5.4231554e-03  -8.9026758e-04  -6.7304507e-04  -9.5276881e-04
   1.8047054e-03  -1.4116488e-01  -1.8292200e-02  -1.3879234e-03  -4.9487449e-04  -7.5297228e-04
   7.5968296e-03  -9.8533126e-02  -1.8156121e-02  -5.2617965e-04  -5.2911933e-04  -1.1187895e-03
  -5.0125027e-03  -8.6210998e-02   2.5159693e-03  -1.7056005e-03  -2.8172544e-04  -1.0652891e-03
  -4.0875988e-03  -1.0612747e-01  -2.1141704e-02  -5.0850728e-04  -1.0380061e-04  -1.0542686e-03
  -4.2326129e-03  -7.4054976e-02  -1.5364539e-02  -5.7730671e-04  -2.0158317e-04  -9.6246205e-04
  -5.6448547e-03  -1.0823551e-01  -1.6915224e-02  -1.3613339e-03  -1.7539402e-04  -1.1312490e-03
  -2.4256904e-03  -1.1324925e-01  -1.7608253e-02  -1.5677772e-03  -2.0657036e-04  -1.0027712e-03
   1.0306814e-02  -1.1349553e-01  -2.3311330e-02  -2.3645462e-03  -4.5094328e-04  -7.7547216e-04
   2.0416445e-02  -7.9433815e-02  -1.1101272e-02  -2.3971228e-03  -4.4514919e-04  -6.6059169e-04
  -7.0981623e-03  -8.4593714e-02  -2.1757496e-02  -2.4676840e-03   3.3936104e-05  -9.5703798e-04
   7.6229217e-03  -1.0225649e-01  -1.9918708e-02  -2.9760098e-03  -3.9143353e-04  -1.1276952e-03
   6.5491678e-03  -1.3811795e-01  -2.0390138e-02  -3.0235815e-03  -4.9917657e-04  -1.3901873e-03
   2.2280096e-03  -1.9383398e-01  -1.4201532e-01  -2.5360933e-03  -7.5979629e-05  -1.8318798e-03
  -3.5081863e-02  -1.9669644e-01  -2.1695134e-01  -2.4265134e-03   6.5529422e-04  -3.7172461e-03
  -1.5546726e-02  -2.4758001e-01  -1.9851109e-01  -2.9577799e-03   3.5349769e-04  -3.9484819e-03
  -3.6247845e-03  -2.1627937e-01  -1.8343764e-01  -2.3485954e-03   1.0282104e-04  -3.5414611e-03
  -1.2206858e-02  -2.6959367e-01  -1.7308858e-01  -2.7287001e-03   4.1775504e-04  -3.9495470e-03
   1.7898044e-02  -2.4966102e-01  -1.9808202e-01  -2.3381818e-03  -1.7077541e-04  -3.4905758e-03
  -1.3737167e-03  -2.1795063e-01  -1.7950640e-01  -2.6900143e-03   4.7296823e-06  -4.1006380e-03
   8.1161943e-04  -2.7344917e-01  -1.9955635e-01  -2.4053345e-03   1.3123539e-04  -3.9036388e-03
   8.8164177e-03  -2.0003290e-01  -1.9563293e-01  -2.1286648e-03  -2.0599298e-04  -3.8477274e-03
   1.1496688e-02  -2.1301151e-01  -1.7793886e-01  -3.3768633e-03  -2.3573259e-04  -3.6357603e-03
   8.4309993e-03  -2.0170634e-01  -2.1322994e-01  -2.4961149e-03  -4.7048918e-05  -3.9517902e-03
   9.7620659e-03  -1.9776429e-01  -1.9714288e-01  -2.3709561e-03  -2.9942101e-04  -3.4595637e-03
   1.2899988e-02  -2.0962610e-01  -2.1239436e-01  -2.5203607e-03  -1.9561703e-04  -4.1137931e-03
   3.9140987e-03  -1.9407439e-01  -1.8580831e-01  -3.0641567e-03  -1.2713557e-04  -3.7989666e-03
  -1.9309116e-03  -2.3633926e-01  -1.9799637e-01  -3.3626597e-03  -7.9425058e-05  -3.8174706e-03
  -1.5033518e-02  -2.1155960e-01  -2.0501991e-01  -1.8815676e-03   1.6318407e-04  -4.0095493e-03
  -1.0744805e-02  -1.9481916e-01  -2.1446587e-01  -2.1885774e-03  -8.8440379e-06  -3.5898180e-03
  -5.4048197e-03  -1.6823185e-01  -1.9820428e-01  -1.6309667e-03  -3.8930568e-04  -3.2557910e-03
  -3.2092581e-02  -1.6692892e-01  -2.0499995e-01  -1.8376104e-03   2.0826102e-04  -3.2179873e-03
  -1.5634305e-02  -1.3635785e-01  -2.2947978e-01  -1.0527494e-03   3.8303268e-05  -2.7078901e-03
  -1.7894348e-02  -1.5305480e-01  -1.9438671e-01  -2.3809805e-03   2.0459884e-04  -2.9077038e-03
  -2.0535387e-02  -1.6572455e-01  -1.6271352e-01  -3.4225892e-03   3.0019549e-04  -3.1543877e-03
  -3.0770078e-02  -1.7789507e-01  -1.7618523e-01  -3.4350339e-03   4.9614944e-04  -3.4659645e-03
  -1.7166192e-02  -1.4734732e-01  -1.8370870e-01  -2.0778634e-03   7.5571608e-04  -3.7464128e-03
  -1.4137860e-02  -1.5890260e-01  -1.6044066e-01  -2.7198495e-03   7.4626362e-04  -3.4200005e-03
  -1.1305027e-02  -2.0207404e-01  -1.5648537e-01  -1.6790610e-03   6.4028627e-04  -3.4470895e-03
  -2.5957655e-02  -1.8722964e-01  -1.3975431e-01  -2.5080845e-03   1.1591243e-03  -3.5389351e-03
  -9.5142668e-03  -1.8471369e-01  -1.5205737e-01  -2.3030229e-03   8.3645556e-04  -3.5671531e-03
  -4.6187376e-03  -1.8982723e-01  -1.5058275e-01  -2.8176701e-03   4.1431900e-04  -2.6632038e-03
   5.2876191e-03  -2.1059807e-01  -1.6760947e-01  -3.4634500e-03   3.2145289e-04  -3.0981166e-03
  -4.8759761e-03  -1.9575360e-01  -1.6653496e-01  -3.1510590e-03   5.0426441e-04  -3.1397570e-03
  -2.6262945e-02  -2.3987262e-01  -1.9326363e-01  -2.6570676e-03   1.2359564e-03  -3.7455691e-03
  -1.0888510e-02  -1.9722688e-01  -1.6559822e-01  -2.2403462e-03   9.7786671e-04  -3.5568467e-03
  -1.5154791e-02  -2.4873945e-01  -1.5555208e-01  -2.1057558e-03   1.1485687e-03  -3.3615155e-03
  -1.4658525e-02  -2.2564437e-01  -1.4319184e-01  -2.4368550e-03   1.0919883e-03  -3.1154198e-03
  -3.9620689e-03  -2.2018722e-01  -1.2586058e-01  -3.6651584e-03   8.6917737e-04  -2.9179604e-03
  -5.8860948e-03  -2.1553222e-01  -1.2811414e-01  -3.5795004e-03   7.3372935e-04  -2.4003905e-03
  -1.6561172e-02  -2.2234847e-01  -1.4249270e-01  -3.4941147e-03   1.2747699e-03  -2.3679401e-03
  -2.0412180e-02  -2.0290470e-01  -1.2503966e-01  -4.2631208e-03   1.1786328e-03  -2.2434864e-03
  -2.7587435e-02  -2.1487715e-01  -1.6084647e-01  -4.1753831e-03   6.4174806e-04  -2.7278126e-03
  -3.6507534e-02  -2.4429393e-01  -1.6236153e-01  -4.6329985e-03   6.9426551e-04  -3.7235914e-03
  -2.2726283e-02  -2.1564844e-01  -1.8420834e-01  -4.1434158e-03   4.0559336e-04  -3.9804551e-03
  -1.5855917e-02  -2.4609129e-01  -1.6455506e-01  -4.0945947e-03   4.7616515e-04  -4.0133373e-03
  -1.4160893e-02  -3.1192137e-01  -1.6349573e-01  -2.8320565e-03   7.7870411e-04  -4.4396830e-03
  -9.8450831e-03  -2.7844352e-01  -1.5039299e-01  -3.3826986e-03   4.3567892e-04  -3.8507399e-03
  -2.0615162e-02  -3.7353184e-01  -1.6712246e-01  -2.7436360e-03   9.5495216e-04  -4.5309167e-03
  -8.5016239e-03  -2.8387817e-01  -1.4572678e-01  -2.9485491e-03   4.5693707e-04  -4.0836593e-03
  -2.1915087e-02  -3.2091698e-01  -1.7256014e-01  -3.8976645e-03   8.0083533e-04  -4.4376730e-03
  -6.6782978e-03  -3.1521412e-01  -1.6964744e-01  -2.6476944e-03   2.3485890e-04  -3.8013873e-03
  -2.7439928e-02  -3.0902620e-01  -1.6649688e-01  -3.0869363e-03   6.3769207e-04  -4.5210286e-03
  -1.1452814e-02  -2.8912492e-01  -1.8847732e-01  -3.1484877e-03   1.5001082e-04  -4.0030854e-03
  -2.4444180e-02  -2.8522641e-01  -1.7099315e-01  -2.6509439e-03   6.3381743e-04  -4.3999456e-03
  -1.9308298e-02  -2.9308452e-01  -1.9190503e-01  -2.9314977e-03   1.0365245e-04  -3.7650512e-03
  -1.0684027e-02  -3.0897903e-01  -1.7895704e-01  -3.2509863e-03   4.9671689e-04  -4.5109872e-03
  -8.6281694e-03  -3.0146218e-01  -1.4133900e-01  -4.7295233e-03   2.7055236e-04  -4.3146666e-03
  -1.8605116e-02  -3.4908626e-01  -1.7566644e-01  -4.1646904e-03   4.4290111e-04  -4.1973761e-03
  -2.3985831e-02  -3.1618017e-01  -1.7180355e-01  -2.7831222e-03   6.8421732e-04  -4.7382000e-03
  -1.5254070e-02  -2.9173844e-01  -1.8382300e-01  -3.5997393e-03   3.2340378e-04  -4.1648698e-03
  -2.0138621e-02  -3.5362188e-01  -1.9129774e-01  -3.8043322e-03   5.4545738e-04  -4.3265314e-03
  -1.0443229e-02  -3.3136747e-01  -1.5880794e-01  -4.3376396e-03   2.8078470e-04  -4.3677864e-03
  -1.7386273e-02  -3.3842530e-01  -1.8439686e-01  -5.6058044e-03   4.3551847e-04  -4.6063997e-03
  -2.1142480e-02  -3.2078333e-01  -1.8267057e-01  -3.8417453e-03   4.9159907e-04  -4.5969352e-03
  -2.6433703e-02  -3.1400709e-01  -1.8083561e-01  -3.9221803e-03   6.2718960e-04  -4.6087707e-03
  -3.4705824e-03  -2.9613111e-01  -1.8047168e-01  -3.8040437e-03   1.3173879e-04  -3.7829158e-03
  -1.8645406e-02  -3.0086794e-01  -1.8505840e-01  -3.3775926e-03   3.9851333e-04  -3.5760885e-03
  -7.9180618e-03  -2.7922508e-01  -2.0150845e-01  -3.6484303e-03   1.1984509e-04  -3.4377334e-03
  -2.1910262e-02  -3.0166541e-01  -1.8685528e-01  -4.0449824e-03   7.0874060e-04  -4.2948869e-03
  -2.8864081e-02  -3.0384964e-01  -2.0948533e-01  -3.6465367e-03   8.4352183e-04  -4.2998925e-03
  -2.6472843e-02  -2.8532643e-01  -1.9579837e-01  -3.5753656e-03   5.4848911e-04  -4.2239561e-03
  -1.8252565e-02  -2.7712930e-01  -1.9364809e-01  -3.5679367e-03   3.8164863e-04  -3.6169623e-03
  -1.6483128e-02  -2.4664397e-01  -1.7972862e-01  -4.1001604e-03   2.9904512e-06  -3.1205541e-03
  -2.6158784e-02  -2.9319500e-01  -2.1298864e-01  -3.8324727e-03   2.6874082e-04  -3.7012608e-03
  -1.6836994e-02  -2.8142962e-01  -1.8099992e-01  -3.8630623e-03   3.4026433e-04  -3.7305906e-03
  -4.1281684e-02  -3.2811275e-01  -1.9213053e-01  -4.3976564e-03   1.2907074e-03  -4.5952052e-03
  -2.9002841e-02  -3.3192738e-01  -1.6639991e-01  -3.3587943e-03   6.4035274e-04  -3.9190587e-03
  -3.3624368e-02  -3.4857770e-01  -1.7656138e-01  -3.0071230e-03   1.2291131e-03  -4.3566570e-03
  -1.8740377e-02  -3.4946512e-01  -1.5626593e-01  -3.4493241e-03   8.1976281e-04  -3.6083318e-03
  -8.0144069e-03  -3.6448539e-01  -1.6593772e-01  -2.7427099e-03   6.0061908e-04  -2.8765351e-03
  -5.7799015e-03  -3.1826909e-01  -1.6233872e-01  -3.1870823e-03   5.5394756e-04  -2.6784023e-03
  -1.6461404e-02  -3.3256700e-01  -1.6987792e-01  -3.3616451e-03   7.6082877e-04  -2.7728265e-03
  -1.3658734e-02  -3.2549704e-01  -1.7796510e-01  -3.2627120e-03   8.2532931e-04  -2.3696452e-03
  -2.2654516e-02  -3.5128400e-01  -1.7145677e-01  -4.1292265e-03   1.5784443e-03  -3.3028937e-03
  -3.0876356e-02  -3.3375071e-01  -1.6389526e-01  -4.4780900e-03   1.1095523e-03  -3.3895734e-03
  -4.6145762e-02  -3.6195838e-01  -1.9151159e-01  -3.5922076e-03   1.6791284e-03  -4.1385555e-03
  -9.5609851e-03  -3.4059580e-01  -1.7770012e-01  -2.7932723e-03   6.9574515e-04  -2.8503001e-03
  -2.4377989e-02  -3.9174847e-01  -1.6917089e-01  -3.4628103e-03   1.2966342e-03  -3.9576793e-03
  -1.7544985e-02  -3.8956746e-01  -1.6094351e-01  -2.2392741e-03   1.2296586e-03  -3.7067182e-03
  -1.2039082e-02  -3.9727866e-01  -1.4536943e-01  -2.7776082e-03   1.2333599e-03  -2.9130880e-03
   4.1227207e-03  -3.7135505e-01  -1.5834161e-01  -2.8050567e-03   1.1378051e-03  -2.6213165e-03
  -3.6706919e-03  -3.7182054e-01  -1.8166996e-01  -2.9950069e-03   1.0434791e-03  -2.4808322e-03
   1.2203824e-02  -3.5095338e-01  -1.8579531e-01  -2.6607637e-03   7.3949867e-04  -2.2238920e-03
  -5.6419972e-03  -3.7010760e-01  -1.8250031e-01  -3.4116094e-03   1.0324426e-03  -2.2292987e-03
   2.9606106e-03  -3.8246212e-01  -1.9932583e-01  -2.4018733e-03   8.1517596e-04  -2.2889604e-03
  -4.1375977e-03  -3.9036248e-01  -1.7980123e-01  -3.4109089e-03   1.0049015e-03  -2.4981679e-03
  -3.7928003e-03  -3.8828141e-01  -1.8707478e-01  -2.3218359e-03   1.3531055e-03  -2.2639043e-03
  -8.3560357e-03  -3.6531561e-01  -1.6624585e-01  -2.3833596e-03   1.5501322e-03  -2.1024199e-03
   4.0019288e-03  -3.7650528e-01  -1.7080661e-01  -2.8957038e-03   1.2752820e-03  -2.2486947e-03
  -7.5429700e-03  -3.5209185e-01  -1.7004568e-01  -2.5644101e-03   1.6916273e-03  -2.0217129e-03
  -8.5651985e-04  -3.7049151e-01  -1.9350589e-01  -2.2958282e-03   1.7869581e-03  -1.8981377e-03
   1.2041774e-02  -3.7234506e-01  -1.7491724e-01  -2.4027186e-03   1.4965189e-03  -1.6544893e-03
   1.0785546e-02  -3.8723043e-01  -1.9418580e-01  -2.5869549e-03   1.4729476e-03  -1.5568254e-03
   1.3992995e-02  -3.9299317e-01  -1.6568903e-01  -3.2383078e-03   1.1928706e-03  -1.9745671e-03
  -2.7768921e-03  -4.3362457e-01  -1.7414849e-01  -4.1234544e-03   1.2665747e-03  -3.1421085e-03
   1.3078674e-02  -4.3435448e-01  -1.7784399e-01  -3.0596875e-03   6.8518536e-04  -2.7585756e-03
  -3.9025211e-03  -4.4497529e-01  -1.6320342e-01  -3.4397004e-03   1.3072993e-03  -3.6394680e-03
   1.7294410e-02  -4.6809285e-01  -1.7422982e-01  -2.9049978e-03   8.5880762e-04  -3.4408229e-03
   4.1992690e-03  -4.3833912e-01  -1.6311094e-01  -2.2951426e-03   7.3531678e-04  -2.9773533e-03
  -1.3403944e-03  -4.5642837e-01  -1.8735495e-01  -2.4880889e-03   1.2711970e-03  -3.6986889e-03
   3.7075031e-03  -4.3417225e-01  -1.6559838e-01  -2.3158881e-03   8.5066008e-04  -3.1865589e-03
  -1.5196488e-02  -4.7094366e-01  -1.9834597e-01  -2.8224987e-03   1.5605405e-03  -3.9162643e-03
   1.2586084e-02  -4.5390267e-01  -1.6849129e-01  -2.9436865e-03   8.1998471e-04  -3.2649440e-03
  -2.4683157e-03  -4.5030108e-01  -1.7343705e-01  -3.7966834e-03   1.0186770e-03  -3.4245628e-03
   1.7056394e-02  -4.9708908e-01  -1.7385236e-01  -3.5823136e-03   8.0686292e-04  -3.4061023e-03
   2.4060648e-02  -4.7421221e-01  -1.4954253e-01  -4.5084078e-03   5.7928420e-04  -3.3561815e-03
   2.4331927e-02  -5.2406785e-01  -1.9261352e-01  -4.0757492e-03   6.8252566e-04  -3.4643788e-03
   2.4600009e-02  -4.7752423e-01  -1.7791020e-01  -3.6741259e-03   5.4992205e-04  -3.4412819e-03
   1.7577304e-02  -5.2543447e-01  -2.0788183e-01  -4.4825519e-03   8.1046661e-04  -3.8762672e-03
   2.4782472e-02  -5.2767056e-01  -2.0531725e-01  -3.4696904e-03   5.5052579e-04  -3.5198502e-03
   2.6415246e-02  -4.8797621e-01  -1.9143532e-01  -3.8182376e-03   2.1123766e-04  -3.7169412e-03
   1.6069326e-02  -5.0756525e-01  -2.0069706e-01  -4.2451014e-03   4.6388738e-04  -4.1010637e-03
   1.9104595e-02  -5.4634018e-01  -2.2438674e-01  -3.3316961e-03   3.0442101e-04  -3.9484337e-03
   6.3182966e-03  -4.9956094e-01  -2.2941617e-01  -2.8371281e-03   6.5564868e-04  -4.4915734e-03
   1.9427797e-02  -4.9230494e-01  -2.3625844e-01  -3.5514212e-03   1.4112884e-04  -3.7349334e-03
   1.1079097e-02  -5.1244345e-01  -2.1372151e-01  -2.8969991e-03   3.0924915e-04  -3.9607865e-03
   4.4016058e-03  -5.1761975e-01  -2.0922979e-01  -2.6693904e-03   3.3854281e-04  -3.8155900e-03
   4.3736482e-03  -5.0114006e-01  -2.3107088e-01  -2.8140341e-03   6.9383913e-04  -4.1766417e-03
   2.5478948e-02  -4.8357422e-01  -2.1974446e-01  -2.2126184e-03  -5.3747129e-05  -3.2039154e-03
   1.3812505e-02  -4.9428026e-01  -2.2672209e-01  -2.3008224e-03   2.6583463e-04  -3.1657419e-03
   1.9734445e-02  -4.6833827e-01  -2.3901268e-01  -1.8821436e-03   5.2206986e-05  -2.9537111e-03
   6.4097238e-03  -4.6940213e-01  -2.1837037e-01  -2.9596535e-03   2.8790594e-04  -3.2048214e-03
   8.7288688e-03  -5.2315538e-01  -2.2776311e-01  -3.9819512e-03   6.3035510e-04  -3.6648909e-03
   4.6649404e-03  -4.9134513e-01  -2.2455993e-01  -3.4792102e-03   4.2250387e-04  -3.4159541e-03
   4.9494462e-03  -4.8874184e-01  -2.4807287e-01  -3.3941101e-03   5.2962274e-04  -3.4769360e-03
   3.7256714e-03  -4.7052801e-01  -2.3177537e-01  -2.5969363e-03   6.4669503e-04  -3.4965716e-03
   1.7007869e-03  -5.1685982e-01  -2.2077039e-01  -2.2283163e-03   7.1397992e-04  -3.4249639e-03
   1.3306655e-02  -5.0092354e-01  -2.2125102e-01  -2.4255213e-03   4.9601811e-04  -3.5054210e-03
   3.6266951e-03  -5.1385871e-01  -2.2429890e-01  -2.9914907e-03   7.1677933e-04  -3.3905801e-03
   8.8742910e-03  -5.1300935e-01  -2.3922559e-01  -1.9079592e-03   5.0476081e-04  -3.0596025e-03
   4.0540766e-03  -4.9774156e-01  -2.2870381e-01  -2.8357450e-03   9.8827844e-04  -3.4990626e-03
   8.8301086e-03  -4.9906313e-01  -2.2930158e-01  -2.2465961e-03   6.9641679e-04  -3.2931529e-03
  -1.1466393e-02  -4.9295766e-01  -2.2436974e-01  -2.9627205e-03   1.1253093e-03  -3.7754310e-03
  -2.5215468e-03  -5.1259339e-01  -2.3642675e-01  -1.8607216e-03   1.2534162e-03  -3.8891861e-03
   5.2979684e-03  -4.7732819e-01  -1.9972672e-01  -3.1193480e-03   1.2011283e-03  -3.2975390e-03
   8.5834643e-03  -5.2836119e-01  -2.0623214e-01  -2.0302624e-03   1.6320568e-03  -2.6887725e-03
  -6.0706338e-04  -5.4601158e-01  -1.9927728e-01  -2.5815346e-03   1.3961729e-03  -2.8634772e-03
   5.7929567e-03  -5.6422080e-01  -2.0764595e-01  -3.0503174e-03   1.4068196e-03  -3.6099508e-03
   1.3991848e-02  -5.5227573e-01  -1.8958452e-01  -3.2392747e-03   8.1161297e-04  -3.4767123e-03
   1.4397440e-03  -6.1157548e-01  -2.1775077e-01  -2.8589931e-03   1.5482721e-03  -4.1588293e-03
   4.8034287e-03  -5.6397517e-01  -1.9771542e-01  -2.1470973e-03   1.1843417e-03  -3.8987152e-03
   1.8227608e-02  -5.8539851e-01  -2.1696095e-01  -2.4138109e-03   7.6626100e-04  -3.5980285e-03
   5.9039926e-04  -5.8334809e-01  -2.1024927e-01  -1.5053932e-03   1.3870069e-03  -3.7829362e-03
   1.2055805e-02  -5.7229255e-01  -2.0920932e-01  -2.5132629e-03   1.0132030e-03  -3.6153724e-03
   2.1326952e-02  -5.8760378e-01  -2.1393087e-01  -2.1351644e-03   8.4969864e-04  -3.5944955e-03
  -6.6594103e-03  -5.6675869e-01  -2.0192693e-01  -2.2040920e-03   1.3244737e-03  -3.6508232e-03
   1.4416345e-02  -5.6584827e-01  -2.1368823e-01  -1.7981542e-03   6.6628863e-04  -3.2147682e-03
   1.7428203e-02  -5.4469913e-01  -1.8101644e-01  -3.3548639e-03   5.8861761e-04  -3.1526237e-03
  -1.6286333e-04  -5.7126220e-01  -1.9961792e-01  -4.2440493e-03   1.0044814e-03  -3.4895754e-03
   1.1878400e-02  -5.3558636e-01  -2.0756937e-01  -3.8139988e-03   7.3166510e-04  -3.6201592e-03
   1.4690366e-02  -5.4966147e-01  -2.2805307e-01  -3.7425313e-03   8.9718741e-04  -3.6450958e-03
   2.3352959e-02  -5.4515002e-01  -2.2062656e-01  -2.1599117e-03   7.3368754e-04  -2.7176921e-03
   5.9784690e-03  -5.5767260e-01  -2.0217132e-01  -2.5182183e-03   1.3908795e-03  -3.2223944e-03
   2.2405465e-02  -5.7057782e-01  -2.0323972e-01  -2.2756904e-03   1.1134475e-03  -2.8031274e-03
   4.2092549e-03  -6.0379409e-01  -1.9961269e-01  -3.0674991e-03   1.4203056e-03  -3.2305697e-03
   1.0539349e-02  -5.7231520e-01  -2.1473213e-01  -2.9674443e-03   1.0247264e-03  -3.3644687e-03
   5.1075943e-04  -5.9064729e-01  -2.0272575e-01  -3.0285313e-03   1.1421264e-03  -3.6775966e-03
   1.0827338e-02  -6.3711137e-01  -2.3400859e-01  -2.5904510e-03   1.2000835e-03  -3.4374288e-03
   1.2586069e-02  -5.9208279e-01  -2.1303089e-01  -1.7937821e-03   1.1014830e-03  -2.9864356e-03
   8.1015589e-03  -6.1920325e-01  -2.2705461e-01  -1.7614361e-03   1.2621182e-03  -3.3412483e-03
   1.1310416e-02  -6.0212202e-01  -2.2609003e-01  -1.0876026e-03   8.6467916e-04  -2.8379113e-03
   1.5895918e-02  -5.9877892e-01  -2.0920416e-01  -2.2507847e-03   9.6415832e-04  -2.9405507e-03
   2.1526995e-02  -6.0915520e-01  -2.1393777e-01  -2.7057792e-03   9.3280946e-04  -2.7866568e-03
   2.1773895e-02  -6.1377797e-01  -1.9455600e-01  -3.3796723e-03   1.4011176e-03  -2.6591989e-03
   2.1221312e-02  -6.1235837e-01  -2.0096739e-01  -2.6027048e-03   1.6312670e-03  -2.9086527e-03
   2.2244353e-03  -6.0294322e-01  -2.1496322e-01  -2.6081414e-03   1.7535071e-03  -2.8917739e-03
   8.8695398e-03  -6.0067940e-01  -2.3563169e-01  -2.5755779e-03   1.6401605e-03  -3.0840478e-03
   9.9137915e-03  -5.8728244e-01  -2.1956852e-01  -2.5434939e-03   1.4735020e-03  -2.9914434e-03
