   0.0000000e+00   0.0000000e+00  -1.4210855e-14   2.7755576e-17   1.7347235e-18  -4.8148249e-35
  -1.5819654e-02   7.9060306e-02  -9.5696849e-02   9.1573805e-04  -6.7518583e-05  -1.3343273e-04
  -2.3340111e-03   3.0623606e-03  -1.2324986e-02   3.2803925e-04  -4.2526075e-05   1.3688340e-04
  -6.5740692e-03   7.8950031e-02  -3.9799797e-02  -3.4901795e-04   6.7040529e-05  -1.3931476e-04
  -1.7095273e-02   5.7199765e-02  -8.0852290e-02   1.4286323e-03  -2.6491534e-04  -4.8413033e-05
  -6.1738754e-03   4.7724190e-02  -2.1133603e-02  -3.8205957e-04   1.5532490e-04   5.5508519e-05
  -9.6629351e-03   6.2367546e-02  -6.7958814e-02   1.0552028e-03  -5.2657028e-05   2.4982937e-04
  -3.6230798e-03  -5.3023523e-03  -1.0630873e-02   5.6542724e-04  -1.8988867e-04   3.6755250e-05
   1.0106637e-02   3.0915627e-02  -2.7614285e-02  -8.2319882e-05   1.5580837e-04   3.6267198e-04
  -7.1665345e-03   6.1428511e-02  -9.6669661e-02   9.9159221e-04  -3.3180225e-04   1.6719500e-04
   2.0789098e-02   1.0580733e-03  -2.0263756e-02   2.0124928e-04  -2.7767632e-04   3.2094839e-04
   6.3999499e-03   3.7969815e-02  -2.9925060e-02  -1.1956663e-04  -1.2174073e-04   1.2954175e-05
  -4.7111782e-03   6.5656925e-02  -8.4999194e-02   8.1610371e-04  -1.7486457e-04   2.1818883e-04
  -1.3763347e-03   7.2946424e-03  -4.1827973e-02   7.0856426e-04  -2.9954983e-04   7.0481821e-06
  -2.8437572e-03   3.6214237e-02  -2.4393984e-02   3.4651289e-04  -1.8529602e-04  -3.1284578e-05
  -6.8543497e-03  -6.3014564e-04  -6.0809928e-02   1.3847335e-03  -3.5434614e-04   3.9606162e-05
   4.5721057e-03  -3.8978312e-02  -1.5465386e-02  -5.8037437e-04   5.6747743e-05   1.5878459e-04
  -4.9293193e-03   3.9820058e-02  -4.7073074e-02   4.3064456e-04  -1.0511339e-04  -1.4446377e-05
  -1.1097080e-02   2.6032435e-02  -7.8901185e-02   1.3421977e-03  -1.7774750e-04  -8.9935122e-05
  -8.0787170e-03  -3.6245246e-02   4.8963208e-03  -1.1606930e-04   6.1925507e-05  -1.3024774e-04
  -2.6192596e-02   4.7065572e-02  -1.2251738e-01   7.3797722e-04  -3.6389542e-04  -2.3507658e-04
  -3.3072987e-02  -3.3448333e-02  -4.8951986e-02   4.9783110e-04  -5.0904292e-04  -5.0907333e-04
  -6.4799744e-02   6.5177291e-02  -1.5474739e-01   3.6563251e-04  -5.5165742e-04  -1.0653446e-04
  -4.8609118e-02  -3.5161958e-02  -3.6506278e-02   7.4551217e-04  -4.2782460e-04  -1.6692601e-04
  -6.8139632e-02   7.6380475e-02  -1.2288977e-01   1.9697461e-03  -7.8288165e-04  -5.8869469e-04
  -7.0985340e-02  -5.5554887e-02   1.6181974e-02   1.7211397e-03  -1.2598392e-03  -1.1439545e-03
  -5.6183447e-02   6.1117700e-02  -1.3782039e-01   1.3761022e-03  -1.0692754e-03  -6.8845301e-04
  -5.1154382e-02  -6.7932738e-02  -1.8818551e-02   1.0563798e-03  -7.3213723e-04  -8.1420555e-04
  -5.8279716e-02   8.4140969e-02  -1.5670185e-01   1.2941951e-03  -7.0633669e-04  -7.4815107e-04
  -4.4935890e-02  -3.5296858e-02  -8.3690129e-02   1.5104861e-03  -7.2019102e-04  -6.4275360e-04
  -3.9032877e-02   7.2163440e-02  -1.2474163e-01   1.1955710e-03  -4.3929263e-04  -4.4460386e-04
  -4.0449923e-02   6.2815838e-03  -1.0026135e-01   2.2252148e-03  -6.9319262e-04  -4.3488923e-04
  -3.9555162e-02   4.5556095e-03  -5.5370963e-02   5.8332023e-04  -5.7299926e-04  -6.1992593e-04
  -4.6017884e-02  -6.2514793e-02  -5.6048224e-02   2.9419963e-03  -1.0452380e-03  -3.3059386e-04
  -8.1183841e-02   7.0627868e-02  -1.6596866e-01   2.5972778e-03  -1.3956991e-03  -8.8510356e-04
  -7.6003403e-02  -2.3555667e-02  -3.9661981e-02   2.0261997e-03  -1.0795585e-03  -1.3121795e-03
  -5.4467318e-02  -2.0526239e-02  -3.6886461e-02   5.1802797e-04  -9.6404886e-04  -9.1049585e-04
  -6.8477888e-02   4.5613003e-02  -1.0014040e-01   2.0834737e-03  -9.3633993e-04  -7.9995316e-04
  -6.5786559e-02  -2.8119120e-03  -7.1712473e-02   2.8439614e-03  -9.0060137e-04  -7.8469724e-04
  -5.8190448e-02  -3.3232957e-02  -4.1781010e-02   1.4215200e-03  -1.1606808e-03  -9.9306821e-04
  -6.1499717e-02   1.9005356e-02  -6.5830715e-02   1.5802794e-03  -8.8944243e-04  -8.5057269e-04
  -6.6690193e-02  -1.4557930e-02  -7.9845996e-02   2.5007476e-03  -8.6709605e-04  -5.3111617e-04
  -5.4939984e-02  -4.6850098e-02  -8.9612701e-02   1.8704132e-03  -1.0189638e-03  -5.8339311e-04
  -3.9948907e-02  -4.3800977e-03  -7.8798937e-02   8.5651307e-04  -5.7745191e-04  -3.7770609e-04
  -6.8452133e-02   2.0970283e-02  -9.7652248e-02   2.5900251e-03  -8.6925220e-04  -5.3256137e-04
  -6.0311921e-02  -3.4780354e-02  -8.9214293e-02   2.4715475e-03  -9.4943859e-04  -6.2272192e-04
  -4.1425229e-02  -7.9995915e-02  -5.8795533e-02   9.5134013e-04  -7.4645218e-04  -4.1403560e-04
  -6.7259240e-02  -1.5194105e-02  -1.0919794e-01   1.8726392e-03  -6.8251996e-04  -8.5747866e-04
  -6.6878120e-02  -4.2120461e-02  -1.3196935e-01   2.3938048e-03  -9.5566719e-04  -8.9350533e-04
  -5.7450569e-02  -6.9508799e-02  -9.0362939e-02   1.3563202e-03  -7.4585890e-04  -7.6488793e-04
  -5.5976975e-02  -2.7581310e-02  -1.0292924e-01   1.0816636e-03  -6.5965496e-04  -6.6021390e-04
  -5.7652228e-02   1.0565425e-03  -1.5884872e-01   2.6549603e-03  -5.3207793e-04  -5.0572261e-04
  -5.0920179e-02  -8.3607538e-02  -1.1085217e-01   2.1570694e-03  -7.5609817e-04  -6.8838929e-04
  -3.8628897e-02  -7.0082289e-02  -9.7264228e-02   2.6273514e-04  -3.9439751e-04  -6.2982639e-04
  -5.7170116e-02  -2.7335415e-02  -1.1792659e-01   1.3974289e-03  -4.9084371e-04  -6.1744768e-04
  -5.7079941e-02  -2.7191168e-02  -1.5118190e-01   1.8634635e-03  -5.4373003e-04  -5.7567473e-04
  -5.5939524e-02  -7.5294264e-02  -1.3810289e-01   1.2519025e-03  -5.0327952e-04  -6.4054766e-04
  -5.0711258e-02  -9.3808269e-02  -1.0086037e-01   7.1841672e-04  -3.3631772e-04  -5.5586987e-04
  -5.6066606e-02  -4.4581018e-03  -1.5295539e-01   1.1383259e-03  -4.2670477e-04  -6.8687344e-04
  -6.2992353e-02  -4.4982873e-02  -1.4462581e-01   2.1259617e-03  -4.5761537e-04  -7.4906561e-04
  -5.8708411e-02  -8.3833398e-02  -1.3278569e-01   1.4881603e-03  -5.7051076e-04  -8.2368995e-04
  -6.6880857e-02  -1.2779889e-01  -8.1944281e-02  -9.5204752e-05  -9.8814715e-04  -1.1925782e-03
  -6.7690411e-02  -5.1720846e-02  -1.3812589e-01   2.0922190e-04  -8.3594775e-04  -1.1860681e-03
  -7.6109727e-02  -6.9322582e-02  -1.7453057e-01   1.4271763e-03  -8.1908507e-04  -1.1738127e-03
  -7.4357257e-02  -1.2279601e-01  -9.4208662e-02   3.5298624e-04  -8.9999246e-04  -1.3165498e-03
  -6.5874182e-02  -1.0277739e-01  -4.0436882e-02  -9.0040516e-04  -9.7693394e-04  -1.5122613e-03
  -6.9379523e-02  -6.7662521e-02  -1.1187924e-01   5.6883390e-04  -1.0076090e-03  -1.2458576e-03
  -6.1478639e-02  -1.3477749e-01  -8.5777483e-02   7.4438376e-04  -8.8589715e-04  -1.1448891e-03
  -4.8063893e-02  -1.2723205e-01  -3.7849636e-02  -2.7041783e-04  -5.9122154e-04  -8.7317473e-04
  -6.0020796e-02  -7.9301501e-02  -9.5650817e-02   5.5758707e-04  -8.6348917e-04  -1.1742331e-03
  -4.1396133e-02  -1.8250016e-01  -3.2353594e-02  -4.4223807e-06  -8.7437207e-04  -1.0961067e-03
  -4.1409315e-02  -1.2214132e-01  -4.4502099e-02  -6.4532741e-04  -6.7819535e-04  -1.0057636e-03
  -5.4360293e-02  -9.1291467e-02  -9.5324150e-02   8.3769575e-04  -9.1413223e-04  -1.0789904e-03
  -6.7592830e-02  -1.6416930e-01  -6.3887062e-02   5.8696668e-04  -7.5324508e-04  -1.3648027e-03
  -4.8033976e-02  -2.0744069e-01  -1.4953349e-02  -1.0699796e-03  -8.4010650e-04  -1.1395758e-03
  -7.0369168e-02  -1.3371915e-01  -4.6724271e-02  -1.3693092e-05  -6.4062304e-04  -1.3162018e-03
  -5.9269244e-02  -1.2041588e-01  -8.8435051e-02   1.3214698e-04  -6.0979891e-04  -9.8326864e-04
  -5.2520776e-02  -1.6554279e-01  -6.6762480e-02  -6.7894018e-05  -6.6259882e-04  -1.1252723e-03
  -5.4872678e-02  -1.9101484e-01  -2.0761658e-02  -2.3657436e-03  -5.5365256e-04  -1.1600312e-03
  -6.3367349e-02  -1.1264550e-01  -1.0707155e-01  -9.5236559e-04  -6.1845052e-04  -1.3880158e-03
  -5.8362401e-02  -1.6631493e-01  -6.5462051e-02  -3.1840659e-04  -6.0996929e-04  -1.2326921e-03
  -5.0851454e-02  -2.0045829e-01  -2.7764242e-02  -2.2150744e-03  -5.2028946e-04  -1.1996229e-03
  -4.7856502e-02  -1.4588319e-01  -6.6559693e-02  -1.7631131e-03  -5.1551907e-04  -1.2179109e-03
  -6.3617557e-02  -1.3185679e-01  -8.3760362e-02  -2.5849267e-04  -5.6664434e-04  -1.2926520e-03
  -5.9620017e-02  -2.0651924e-01  -2.1827508e-02  -9.8499810e-04  -8.0730058e-04  -1.4222097e-03
  -6.0859064e-02  -1.8784824e-01  -2.2406441e-02  -2.2440641e-03  -7.4431871e-04  -1.4399448e-03
  -4.3345381e-02  -1.5522944e-01  -9.4063225e-02  -1.3326561e-03  -9.1626669e-04  -1.2347512e-03
  -5.2446070e-02  -1.9805170e-01  -9.0622699e-02  -4.5282073e-04  -7.3488547e-04  -1.7228921e-03
  -3.9337309e-02  -2.1033285e-01  -5.6319684e-02  -2.0292134e-03  -8.3871170e-04  -1.4942789e-03
  -5.5043719e-02  -1.4849397e-01  -7.8106323e-02  -1.1379411e-03  -7.2032859e-04  -1.7049574e-03
  -5.4071057e-02  -1.8845223e-01  -8.9168196e-02  -4.4137362e-04  -7.6543723e-04  -1.4457623e-03
  -4.5515537e-02  -2.4627393e-01  -4.7546999e-02  -2.1265009e-03  -5.9265054e-04  -1.2111874e-03
  -4.8010537e-02  -1.4587978e-01  -9.8933549e-02  -1.8984078e-03  -5.7610411e-04  -1.5036044e-03
  -4.1162193e-02  -1.7356265e-01  -9.6167576e-02  -1.5438426e-04  -7.2192943e-04  -1.3261214e-03
  -4.7505368e-02  -2.5302712e-01  -9.9135343e-03  -1.8576984e-03  -8.7143752e-04  -1.5863026e-03
  -4.4168451e-02  -1.8502327e-01  -5.8181609e-02  -1.7200603e-03  -7.6976681e-04  -1.5395325e-03
  -4.9293218e-02  -1.9464293e-01  -1.1388893e-01  -6.6557551e-04  -1.0006180e-03  -1.6263844e-03
  -3.8740753e-02  -2.5486606e-01  -1.5674014e-03  -1.9751386e-03  -1.0734725e-03  -1.6724367e-03
  -4.2157994e-02  -1.9757024e-01  -3.7346456e-02  -1.9308431e-03  -8.4958408e-04  -1.5717687e-03
  -5.3319887e-02  -2.1412303e-01  -9.5986789e-02  -1.1290140e-03  -8.2752993e-04  -1.8300394e-03
  -4.5249666e-02  -2.7124329e-01  -2.0396466e-02  -1.6091189e-03  -7.5312506e-04  -2.1508632e-03
  -2.6318848e-02  -2.2863809e-01  -2.3147252e-02  -2.2304119e-03  -4.6547606e-04  -1.6043114e-03
  -2.8594997e-02  -2.0204043e-01  -7.2154760e-02  -1.2927732e-03  -3.9231996e-04  -1.5767982e-03
  -2.3669489e-02  -2.6204613e-01  -7.4198731e-02  -1.4758100e-03  -4.5393341e-04  -1.4349210e-03
  -1.5988648e-02  -3.0588900e-01  -3.7030543e-02  -2.8780545e-03  -5.2351019e-04  -1.6933672e-03
  -3.5396390e-02  -1.9338938e-01  -1.0434731e-01  -1.2206375e-03  -5.8638228e-04  -1.7990758e-03
  -3.1716998e-02  -2.4661278e-01  -8.2840520e-02  -1.1595984e-03  -4.7114113e-04  -1.6856568e-03
  -2.9245564e-02  -2.8587467e-01  -3.1165738e-02  -2.5930483e-03  -5.6504436e-04  -2.0131278e-03
  -6.4230687e-02  -2.5888089e-01  -1.2970478e-02  -2.1524809e-03  -1.0716450e-03  -2.4093260e-03
  -6.6275827e-02  -2.6266397e-01  -9.1459993e-02  -1.5787782e-03  -1.0272559e-03  -2.4210019e-03
  -4.2284311e-02  -3.2229300e-01  -2.6849629e-02  -2.4397487e-03  -9.8409305e-04  -2.3050473e-03
  -4.5947061e-02  -2.4384161e-01  -6.1883458e-02  -2.3930538e-03  -8.7377510e-04  -2.1041183e-03
  -4.7791918e-02  -2.4647170e-01  -1.1380617e-01  -1.3060241e-03  -7.9824032e-04  -2.1345559e-03
  -3.5604699e-02  -3.1983517e-01  -2.3974230e-02  -2.6777757e-03  -7.2504775e-04  -2.1174431e-03
  -3.4895341e-02  -2.1994848e-01  -1.2703908e-01  -1.7748323e-03  -8.2623902e-04  -2.0809059e-03
  -4.2865952e-02  -3.3360691e-01   2.9193366e-03  -2.0619631e-03  -1.1886321e-03  -2.5410704e-03
  -5.6616339e-02  -2.2125824e-01  -1.6541794e-01  -1.6214043e-03  -1.1144691e-03  -2.4450553e-03
  -3.7656395e-02  -3.2539609e-01  -2.1367052e-02  -2.6637810e-03  -9.6187563e-04  -2.5047444e-03
  -4.6083562e-02  -2.4808488e-01  -1.0118944e-01  -1.5193211e-03  -1.1082960e-03  -2.4083329e-03
  -3.2816081e-02  -3.2138721e-01  -7.7285945e-02  -1.7003518e-03  -1.1199680e-03  -1.9172395e-03
  -2.2821302e-02  -2.5255221e-01  -9.6247177e-02  -2.3248819e-03  -8.5632930e-04  -2.0410898e-03
  -3.1507676e-02  -2.4577498e-01  -1.1633878e-01  -1.1076207e-03  -8.1737448e-04  -1.9049186e-03
  -7.6137099e-03  -3.8920832e-01   7.0077649e-02  -2.1339077e-03  -1.0438386e-03  -2.0606177e-03
  -2.1053179e-02  -3.2486243e-01  -1.5679689e-01   2.0775131e-04  -1.3186795e-03  -2.0351857e-03
   1.6317528e-03  -2.8938281e-01  -8.3478511e-02  -1.4927668e-03  -1.0090660e-03  -1.9798594e-03
  -1.0705765e-02  -2.7009438e-01  -1.4296218e-01   6.3993372e-05  -1.0653716e-03  -1.8792438e-03
  -5.5131732e-03  -3.4647206e-01  -7.6151376e-02  -1.2486553e-03  -1.0036936e-03  -1.9115292e-03
  -1.7655377e-02  -2.7919721e-01  -9.5867126e-02  -1.0524938e-03  -9.5790385e-04  -1.9898441e-03
  -1.6878078e-02  -2.7753756e-01  -1.4806024e-01  -2.7103573e-04  -1.0387761e-03  -1.9890233e-03
  -1.9835608e-02  -3.1231892e-01  -4.5747674e-02  -1.7549613e-03  -1.1757055e-03  -2.3982417e-03
  -2.1485346e-02  -2.5851006e-01  -1.3484361e-01  -5.4746078e-04  -1.4853114e-03  -2.4714800e-03
  -2.2032929e-02  -3.5198144e-01  -5.4047011e-02  -9.0865190e-04  -1.6340526e-03  -2.5712201e-03
  -1.7085256e-02  -2.5775959e-01  -9.2803336e-02  -1.4552393e-03  -1.1633434e-03  -2.2082816e-03
  -2.3721328e-02  -3.1895191e-01  -5.6310951e-02  -1.4163804e-04  -1.1195845e-03  -2.0348594e-03
   4.2643135e-03  -3.2389569e-01  -4.9156792e-02  -1.6688392e-03  -1.0511818e-03  -1.7815922e-03
   3.9514527e-03  -2.9335532e-01  -1.2038185e-01  -1.0231954e-03  -1.0254461e-03  -1.8457736e-03
   1.0966939e-02  -3.5524818e-01  -7.5934364e-02  -1.2528842e-03  -1.2114244e-03  -1.8629085e-03
   1.7549977e-02  -3.2928503e-01  -5.0843896e-02  -2.1536458e-03  -8.9443399e-04  -1.8426707e-03
   7.0586322e-03  -3.0909984e-01  -1.4993275e-01  -5.2132946e-04  -1.0429446e-03  -1.6078874e-03
   2.3966956e-03  -3.5824522e-01  -9.9552445e-02  -1.0243609e-03  -1.1476369e-03  -1.5426140e-03
   2.1267089e-02  -3.1125018e-01  -9.1061613e-02  -1.5942585e-03  -1.0288316e-03  -1.6568314e-03
   1.1421665e-02  -2.8699758e-01  -1.4816326e-01  -2.1194920e-04  -8.6119465e-04  -1.5351668e-03
   1.5113483e-02  -3.3987166e-01  -1.4256476e-01  -6.8400151e-04  -1.0197901e-03  -1.3116023e-03
   2.7734014e-02  -2.8882317e-01  -1.1160925e-01  -1.6479687e-03  -9.5752255e-04  -1.5978540e-03
   2.4731358e-02  -2.5245992e-01  -1.3192811e-01  -3.5696119e-04  -9.1135645e-04  -1.2904871e-03
   2.0328847e-02  -3.3112144e-01  -1.2574943e-01  -3.2305420e-04  -7.9058213e-04  -1.4075371e-03
   2.7416697e-02  -3.7953642e-01  -7.9802886e-02  -1.9808384e-03  -6.7849129e-04  -1.3730497e-03
   2.1380950e-02  -2.8801608e-01  -1.5475881e-01  -1.0455418e-03  -7.9885642e-04  -1.3830626e-03
   1.9639095e-02  -3.3469147e-01  -1.4457767e-01  -2.1517279e-05  -1.0361489e-03  -1.4357557e-03
   2.6359961e-02  -3.8755616e-01  -9.7239580e-02  -1.4247450e-03  -8.2072898e-04  -1.3216293e-03
   1.8893671e-02  -2.9352126e-01  -1.2968647e-01  -1.4045930e-03  -8.9640967e-04  -1.3521303e-03
   2.6652124e-03  -3.4992185e-01  -1.5411720e-01   4.1662735e-04  -9.4734730e-04  -1.4401424e-03
  -1.2846114e-03  -3.8499070e-01  -1.2226153e-01  -1.1817394e-03  -8.7692624e-04  -1.4480551e-03
  -6.9503701e-03  -3.1241622e-01  -1.6293408e-01  -3.1177032e-04  -8.7655596e-04  -1.5264817e-03
  -1.2289100e-03  -3.6492998e-01  -1.7735337e-01   3.9025138e-04  -9.2464042e-04  -1.6625510e-03
   2.4264590e-02  -3.2761449e-01  -1.1673004e-01  -1.1363309e-03  -6.3561729e-04  -1.6558333e-03
   1.0464519e-02  -3.2779112e-01  -1.6687479e-01   9.4739382e-04  -7.6909878e-04  -1.5406835e-03
   1.9595084e-02  -4.0116585e-01  -1.1641047e-01  -3.7126616e-04  -8.7466682e-04  -1.5889609e-03
   2.1496657e-02  -3.3570272e-01  -1.4975934e-01  -9.9908735e-04  -5.5576761e-04  -1.4159373e-03
   1.1535097e-02  -3.1096158e-01  -1.9831425e-01   6.6619536e-04  -6.2223301e-04  -1.5968504e-03
   1.7004287e-02  -3.7020482e-01  -1.4511381e-01   6.5535734e-04  -8.1664831e-04  -1.5668964e-03
   2.8728778e-02  -3.4038951e-01  -1.4632074e-01  -1.3019983e-03  -4.8970269e-04  -1.5053483e-03
  -1.6782855e-03  -2.9887830e-01  -2.1662290e-01   6.5951806e-04  -7.3785661e-04  -1.9507307e-03
   4.9673824e-03  -3.5695251e-01  -1.8734759e-01   2.3873373e-04  -5.7136152e-04  -1.8442552e-03
   2.0605880e-02  -4.0308661e-01  -1.5998813e-01  -1.0679979e-03  -5.9278864e-04  -1.7792457e-03
  -6.1391904e-03  -3.3408435e-01  -1.9519848e-01  -3.9079160e-04  -5.9831631e-04  -1.9382046e-03
   1.1290791e-02  -3.2847842e-01  -2.2284100e-01   3.9490653e-04  -4.9885137e-04  -1.5004597e-03
   2.9425048e-02  -3.9544332e-01  -1.7322695e-01  -7.2304189e-04  -8.0355940e-04  -1.4372312e-03
   2.3236303e-02  -3.7046133e-01  -1.4962578e-01  -8.9302477e-04  -7.1467175e-04  -1.7793653e-03
   1.4597211e-02  -3.2934127e-01  -2.1725712e-01   1.2889096e-04  -4.7329353e-04  -1.6125534e-03
   2.7172201e-02  -3.7065779e-01  -2.0991383e-01   4.7671839e-04  -5.5338568e-04  -1.4922817e-03
   4.6556516e-02  -4.2043610e-01  -1.4532012e-01  -9.3529141e-04  -2.9139552e-04  -1.4301466e-03
   3.6757947e-02  -3.5851396e-01  -1.6079770e-01  -8.3208046e-04  -4.5822252e-04  -1.5549117e-03
   4.9439453e-02  -3.7095572e-01  -2.0557391e-01   4.9291008e-04  -6.2827376e-04  -1.1898030e-03
   5.4034721e-02  -4.2968973e-01  -1.7260655e-01  -5.2583125e-04  -5.1097118e-04  -1.4638462e-03
   6.6986064e-02  -4.1541531e-01  -1.4319368e-01  -1.2838051e-03  -2.6577951e-04  -1.2385366e-03
   4.3056233e-02  -3.5728211e-01  -2.1552459e-01  -9.1393125e-04  -2.0662635e-04  -1.3187781e-03
   4.3040120e-02  -3.9810895e-01  -2.5748040e-01  -3.3677480e-04  -2.8141666e-04  -1.7378117e-03
   5.9086124e-02  -4.1723094e-01  -1.9726721e-01  -1.5020254e-03  -1.2644125e-04  -1.6786556e-03
   3.4737000e-02  -3.4349982e-01  -2.3752753e-01  -5.3161464e-04  -4.4215231e-05  -1.9646753e-03
   3.0013121e-02  -3.9096392e-01  -2.5330717e-01  -9.9779510e-05  -3.8526315e-04  -2.0048831e-03
   4.0053412e-02  -3.9173067e-01  -2.2247633e-01  -1.4282739e-03  -2.8405190e-04  -2.1114299e-03
   1.8311861e-02  -3.4586679e-01  -2.4947369e-01   1.0085040e-04  -3.9982134e-04  -2.1758475e-03
   2.9573187e-02  -4.1913366e-01  -2.5076210e-01   7.7585775e-05  -3.2209957e-04  -2.1349239e-03
   4.1520024e-02  -4.1303351e-01  -1.9827592e-01  -1.6278963e-03  -3.6326875e-04  -1.9307597e-03
   2.5935289e-02  -3.8207726e-01  -2.5598470e-01  -4.4449557e-04  -3.1540277e-04  -2.1772108e-03
   3.2896865e-02  -4.4716334e-01  -2.4257325e-01  -3.1105740e-04  -4.2898626e-04  -2.2896725e-03
   2.0740877e-02  -4.4237448e-01  -2.2657001e-01  -1.4750588e-03  -3.2201571e-04  -2.3542674e-03
   5.2313298e-03  -3.8568913e-01  -3.1400763e-01  -3.6017254e-04  -2.3023075e-04  -2.3718540e-03
   2.9574652e-02  -4.5897482e-01  -2.3072219e-01  -9.8773341e-04  -2.6363194e-04  -2.4188701e-03
   2.7962075e-03  -3.4091503e-01  -3.0194315e-01  -1.0698654e-04  -1.8284179e-04  -2.6794692e-03
   9.0657846e-03  -4.1934188e-01  -2.6179876e-01  -3.9294590e-05  -2.5048269e-04  -2.8361069e-03
   1.6228209e-02  -3.7526861e-01  -2.6418468e-01  -7.7294890e-04  -1.1733152e-04  -2.4231228e-03
   2.2104747e-02  -4.5920789e-01  -2.6646167e-01  -4.9551046e-06  -1.9699184e-04  -2.4919335e-03
   3.1083088e-02  -3.7894087e-01  -2.9216327e-01  -5.9020726e-04  -7.4000850e-05  -2.0993723e-03
   2.5802168e-02  -4.3333625e-01  -2.7129167e-01  -1.8226045e-04  -2.2689309e-04  -2.3226560e-03
   2.8505854e-02  -4.0380645e-01  -2.5632870e-01  -1.4542634e-03  -3.4896015e-04  -2.4961668e-03
   7.8671453e-03  -4.0111487e-01  -3.3110944e-01   3.2756920e-04  -4.7538697e-04  -2.6765558e-03
   3.3418472e-02  -4.8493142e-01  -2.4849594e-01  -1.3103446e-03  -3.2332502e-04  -2.3975265e-03
   1.8774442e-02  -3.8596258e-01  -3.2766838e-01   2.6317774e-04  -3.4186141e-04  -2.4508443e-03
   2.1018503e-02  -4.3279543e-01  -3.1380733e-01   3.7500330e-04  -3.0188920e-04  -2.3658625e-03
   4.0383296e-02  -4.6182516e-01  -2.4421769e-01  -1.2756548e-03  -1.9195508e-04  -2.5133589e-03
   8.0908125e-03  -4.2140515e-01  -3.4315541e-01   3.7848003e-05  -4.3242128e-04  -2.5535913e-03
   1.7694988e-02  -4.9589003e-01  -2.8597607e-01  -8.1298723e-04  -4.0857538e-04  -2.6642167e-03
   6.8827776e-03  -3.9119589e-01  -3.3348284e-01  -1.1488598e-04  -2.0920909e-04  -2.7783982e-03
   2.1037104e-02  -4.6465753e-01  -2.6990138e-01   2.1272670e-04  -3.6718768e-04  -2.7245203e-03
   2.7713900e-02  -4.6000200e-01  -2.5199621e-01  -1.7872255e-03  -5.0147961e-04  -2.7497174e-03
   1.5407253e-02  -4.2143162e-01  -3.3355337e-01  -2.7126074e-05  -5.8686085e-04  -2.8219120e-03
   3.2406402e-02  -5.1556746e-01  -2.5375805e-01  -8.7558927e-04  -4.7215446e-04  -2.9225854e-03
   2.3519121e-02  -4.1062009e-01  -3.1609418e-01  -7.0359970e-04  -4.6751920e-04  -2.8104324e-03
