   0.0000000e+00   0.0000000e+00   0.0000000e+00   0.0000000e+00   0.0000000e+00   0.0000000e+00
   6.7823133e-03   6.3682509e-02  -1.7285474e-02  -3.9865143e-04  -5.9198397e-05  -2.0357406e-04
  -6.0315586e-03   2.9403516e-02  -1.9659021e-02  -7.3121042e-04   7.2387463e-05  -1.0271208e-04
  -4.3801141e-03   4.7555495e-02  -1.9022293e-02  -1.5189477e-03  -3.9664611e-05  -7.7860801e-05
  -1.4117392e-02   2.7914609e-02  -7.4628082e-02  -4.8314150e-04   2.8331220e-04  -2.4402526e-04
  -3.6959171e-02   3.6833983e-02  -7.9843524e-03  -1.9741592e-03   6.2001779e-04  -3.7016744e-04
  -6.8089144e-02   1.0063182e-01  -9.1816015e-02  -1.5614848e-03   1.2015200e-03  -9.3636965e-05
  -3.7195125e-02   2.4990717e-02  -8.8141175e-02  -6.1129519e-04   6.1233682e-04  -9.5792973e-06
   1.7546400e-03   1.2930485e-02  -4.6907822e-02  -5.2680852e-04   2.0559092e-04  -3.6470813e-04
  -5.3598416e-03   2.2541460e-02  -1.1475589e-01  -1.8900150e-04   3.8178495e-04  -3.8392206e-04
   3.4489442e-03   1.2618496e-02  -8.0340744e-02  -9.9802702e-04   9.3339700e-05  -2.3106513e-04
  -9.7188074e-03  -6.1747488e-03  -1.6087644e-01  -4.1926280e-04   3.4118302e-04  -5.4807306e-04
  -3.6009216e-02  -1.0101019e-02  -9.0525974e-02  -9.7711529e-04   9.4637462e-04  -5.2649531e-04
  -2.2880817e-02   4.0652824e-02  -1.4687377e-01  -7.2426056e-04   5.4770272e-04  -3.8742503e-04
  -2.3650664e-03  -1.7934305e-02  -3.9185568e-02  -1.1402397e-03   3.4162893e-04  -3.7720712e-04
  -1.5728868e-02   2.3168929e-02  -1.4910949e-01  -1.4584824e-03   3.7469033e-04  -4.2809274e-04
  -1.9250458e-02   2.0917099e-03  -1.5646610e-01  -1.5559955e-03   4.0483303e-04  -4.3586158e-04
  -1.3259066e-02   3.3999677e-02  -1.0938841e-01  -1.0861044e-03   1.8303443e-04  -5.1004929e-04
  -2.8637963e-02  -1.1429817e-02  -1.5085968e-01  -1.2203485e-03   4.5924142e-04  -4.8362024e-04
  -3.5666087e-02   5.0449855e-02  -1.6527306e-01  -2.4534110e-03   5.2065570e-04  -4.0200910e-04
  -4.0143622e-02   6.4459152e-02  -1.9357180e-01  -7.0628054e-04   6.1428231e-04  -2.7659225e-04
  -3.7762313e-02   1.5122952e-02  -1.3323926e-01  -2.1024786e-03   5.2244434e-04  -3.9587772e-04
  -3.6164307e-02   2.7693046e-03  -1.8034731e-01  -1.5252600e-03   8.9926935e-04  -5.0842553e-04
  -2.5476517e-02  -3.1954853e-02  -1.2362131e-01  -1.6593526e-03   5.2434788e-04  -3.2938948e-04
  -2.8208035e-02   3.1509373e-02  -1.6024055e-01  -1.8459356e-03   9.9809752e-04  -4.3666634e-04
  -7.1497447e-04  -1.5595331e-02  -1.1978375e-01  -1.8006152e-03   8.2186808e-04  -4.8573505e-04
  -2.1740267e-03   5.6428392e-03  -1.2493803e-01  -1.5039713e-03   7.5387119e-04  -3.7665094e-04
  -1.0320160e-02  -2.5761200e-02  -1.2284650e-01  -1.2278112e-03   9.4525331e-04  -4.6336821e-04
  -1.0533980e-02  -1.9257310e-02  -1.1776165e-01  -1.8122973e-03   6.7201415e-04  -4.5119634e-04
  -2.6911453e-02  -6.2009454e-02  -1.7163762e-01  -9.9519521e-04   1.0047719e-03  -6.9049659e-04
  -3.2773829e-02  -3.1960380e-02  -1.5128145e-01  -2.7699246e-03   1.0876801e-03  -7.8616859e-04
  -2.9804048e-02  -2.6792485e-02  -2.1747512e-01  -1.8445529e-03   1.1444320e-03  -7.6353729e-04
  -2.7351783e-02  -8.5554300e-02  -1.1352303e-01  -2.1903216e-03   9.1490596e-04  -7.4984140e-04
  -3.9044322e-02  -3.1852770e-02  -2.0038303e-01  -2.5483133e-03   1.0594616e-03  -7.9065542e-04
  -3.1905279e-02  -9.5097291e-02  -1.7425663e-01  -2.2968147e-03   9.4070490e-04  -9.2511097e-04
  -3.7188392e-02  -3.4526343e-02  -1.7384308e-01  -2.2359976e-03   7.3419078e-04  -8.7644769e-04
  -6.1703422e-02  -7.4836276e-02  -1.2808270e-01  -1.8562006e-03   7.5128789e-04   2.4715818e-04
  -4.3801157e-02  -7.2254577e-03  -1.7893645e-01  -2.6035881e-03   8.0083110e-04  -3.3361902e-04
  -4.8095052e-02  -9.3488792e-02  -1.4536157e-01  -5.4272147e-04   1.0320859e-03  -5.3218623e-04
  -3.8143949e-02  -5.4032726e-02  -1.4479528e-01  -8.8622464e-04   6.8243753e-04  -4.9541315e-04
  -4.7794512e-02  -1.0507862e-01  -1.4345569e-01   1.1586010e-04   9.6242306e-04  -5.8967329e-04
  -3.7975551e-02  -9.8344753e-02  -8.5259948e-02  -1.2110648e-03   7.9526080e-04  -5.4476008e-04
  -3.8976558e-02  -6.6592983e-02  -1.6866463e-01  -1.1778172e-03   9.9015330e-04  -6.9244145e-04
  -3.3868210e-02  -1.0398665e-01  -8.8941389e-02  -2.2190234e-03   9.9910339e-04  -7.7600462e-04
  -3.6008581e-02  -6.8375887e-02  -2.0545990e-01  -2.4205800e-03   1.0887118e-03  -1.0382217e-03
  -2.8852903e-02  -1.2592957e-01  -1.2569675e-01  -2.5990007e-03   1.2521967e-03  -1.2597147e-03
  -3.0874865e-02  -7.9215560e-02  -1.7470786e-01  -2.6749794e-03   9.6723787e-04  -9.3619291e-04
  -3.0318043e-02  -1.1823305e-01  -1.8425341e-01  -2.2332357e-03   9.3434975e-04  -8.4518325e-04
  -3.6148411e-02  -6.6133391e-02  -1.9611978e-01  -1.9628285e-03   9.9641955e-04  -9.4362265e-04
  -4.7235983e-02  -1.0458946e-01  -1.8292036e-01  -1.7486518e-03   1.2231236e-03  -7.8720921e-04
  -4.6792070e-02  -1.3024359e-01  -1.7996547e-01  -1.2738592e-03   1.3281648e-03  -7.2264573e-04
  -4.5762940e-02  -9.0621209e-02  -1.5224917e-01  -2.0655009e-03   1.2947694e-03  -8.6186116e-04
  -4.2136179e-02  -1.3411818e-01  -1.6643234e-01  -1.1557926e-03   1.2723267e-03  -8.6472341e-04
  -3.7738511e-02  -1.3971892e-01  -1.2123441e-01  -2.5301426e-03   1.0515282e-03  -7.7366810e-04
  -3.5442550e-02  -1.4276647e-01  -1.7339830e-01  -1.4909725e-03   1.1202179e-03  -8.6424068e-04
  -3.4605846e-02  -1.4269583e-01  -1.2174332e-01  -2.8770915e-03   1.0149765e-03  -8.1745072e-04
  -3.2393008e-02  -1.4230609e-01  -1.9936464e-01  -2.1152240e-03   1.0182009e-03  -9.6312977e-04
  -3.0300656e-02  -1.8519058e-01  -1.3225159e-01  -1.7941169e-03   6.7766372e-04  -8.4310541e-04
  -4.2054775e-02  -1.2639685e-01  -2.2594834e-01  -2.0691072e-03   9.1192772e-04  -8.2490957e-04
  -2.7715665e-02  -1.8854195e-01  -1.3525288e-01  -1.8850909e-03   7.3471916e-04  -8.7965062e-04
  -3.7070345e-02  -1.4501395e-01  -2.1586035e-01  -2.2561756e-03   9.4935204e-04  -8.9517244e-04
  -3.2548720e-02  -2.0721920e-01  -1.3753935e-01  -2.2429256e-03   9.2888227e-04  -8.5700400e-04
  -3.8143194e-02  -1.4810594e-01  -1.9271103e-01  -2.7710273e-03   9.4702077e-04  -8.6848720e-04
  -4.1314810e-02  -2.0361052e-01  -1.6814475e-01  -2.5735759e-03   8.5679787e-04  -7.7280705e-04
  -3.8029906e-02  -1.4338840e-01  -1.8385282e-01  -2.7584419e-03   8.9038573e-04  -8.9810627e-04
  -5.8479071e-02  -1.9065753e-01  -1.9991494e-01  -3.0203798e-03   1.4208792e-03  -9.7905323e-04
  -6.1883451e-02  -1.6728946e-01  -1.9601137e-01  -2.9993482e-03   1.3672180e-03  -9.1052199e-04
  -5.5506027e-02  -1.9592177e-01  -1.8891872e-01  -2.4041636e-03   1.4489070e-03  -9.6538184e-04
  -5.4236364e-02  -1.8088886e-01  -2.0394725e-01  -3.3438429e-03   1.2671794e-03  -9.8605983e-04
  -5.4297678e-02  -1.9856039e-01  -2.6340121e-01  -2.1512770e-03   1.4874100e-03  -1.0793063e-03
  -4.0147684e-02  -1.6876881e-01  -2.6649683e-01  -2.6723976e-03   1.1446671e-03  -1.1762712e-03
  -5.8235430e-02  -2.4283492e-01  -2.2408940e-01  -2.7331044e-03   1.3047953e-03  -1.0689390e-03
  -5.3181686e-02  -1.9782048e-01  -2.3727856e-01  -2.6490390e-03   1.2863672e-03  -1.1893160e-03
  -5.5689345e-02  -2.3371158e-01  -2.5195520e-01  -2.5538189e-03   1.4063150e-03  -1.3624539e-03
  -6.1775750e-02  -1.9992922e-01  -2.3589223e-01  -3.0343495e-03   1.4732739e-03  -1.2771988e-03
  -6.2104482e-02  -2.6730090e-01  -2.0269364e-01  -2.2351734e-03   1.5477541e-03  -1.3290553e-03
  -6.6606644e-02  -2.1660628e-01  -2.1623735e-01  -3.7618140e-03   1.6215367e-03  -1.2042961e-03
  -6.1525720e-02  -2.3097177e-01  -2.4589587e-01  -2.5667060e-03   1.5896962e-03  -1.1966713e-03
  -5.6657979e-02  -2.3512858e-01  -1.9774684e-01  -3.7925532e-03   1.4698984e-03  -1.1734688e-03
  -6.4727599e-02  -2.2094439e-01  -2.7880712e-01  -3.2862143e-03   1.6894046e-03  -1.2022689e-03
  -5.5574952e-02  -2.6398753e-01  -2.0038736e-01  -3.5167182e-03   1.5653755e-03  -1.2240990e-03
  -6.8459404e-02  -2.2981235e-01  -2.8624863e-01  -3.5054234e-03   1.9199817e-03  -1.2453127e-03
  -5.8445667e-02  -2.2967317e-01  -2.3966845e-01  -3.5290412e-03   1.6006672e-03  -1.1427972e-03
  -6.0668420e-02  -2.4848174e-01  -2.5767534e-01  -2.8681648e-03   1.5965620e-03  -1.1881077e-03
  -5.7943735e-02  -2.2623847e-01  -2.6221858e-01  -3.5100625e-03   1.4987977e-03  -1.2484288e-03
  -6.4015686e-02  -2.6439895e-01  -2.6192672e-01  -2.6464433e-03   1.5372143e-03  -1.2857643e-03
  -6.1392680e-02  -2.1789190e-01  -2.7272125e-01  -3.4924280e-03   1.4115363e-03  -1.4555581e-03
  -6.7209349e-02  -2.8027734e-01  -2.6564375e-01  -2.4240131e-03   1.5477190e-03  -1.3052510e-03
  -6.8382664e-02  -2.5650916e-01  -2.4297515e-01  -2.8959919e-03   1.7913544e-03  -1.4189347e-03
  -7.3822338e-02  -3.2782580e-01  -2.2629817e-01  -2.5518744e-03   1.8991247e-03  -1.3186051e-03
  -6.3417098e-02  -2.7840784e-01  -2.2160028e-01  -2.9570431e-03   1.7073064e-03  -1.3745124e-03
  -7.1038252e-02  -3.3332287e-01  -2.1539078e-01  -3.2954229e-03   1.8388125e-03  -1.2933944e-03
  -8.5056319e-02  -2.7323432e-01  -2.1713606e-01  -3.7848182e-03   2.3929997e-03  -1.5746127e-03
  -3.5803620e-02  -3.2859685e-01  -1.9965185e-01  -3.2229392e-03  -9.5158762e-05  -3.7786897e-03
  -5.6972269e-02  -2.9240613e-01  -2.3487799e-01  -4.6842383e-03   2.4459606e-03  -1.5748185e-03
  -7.2676831e-02  -2.9597607e-01  -2.8414737e-01  -3.7268040e-03   2.5469156e-03  -2.1803773e-03
  -7.2244698e-02  -3.0789695e-01  -2.4144200e-01  -4.6505216e-03   2.5007278e-03  -2.2539268e-03
  -8.5799812e-02  -2.8291262e-01  -3.1549934e-01  -3.9253284e-03   2.5993376e-03  -2.2774414e-03
  -7.0242547e-02  -3.3466684e-01  -2.2479977e-01  -3.4626401e-03   2.2444819e-03  -2.1665855e-03
  -8.8689039e-02  -2.6934235e-01  -2.8123560e-01  -3.6249302e-03   2.5531448e-03  -2.1289669e-03
  -8.0768326e-02  -3.3035100e-01  -2.4032023e-01  -4.0194017e-03   2.4166256e-03  -2.0708047e-03
  -7.1410692e-02  -2.8466886e-01  -2.5641803e-01  -4.0000441e-03   2.2179777e-03  -2.1434254e-03
  -6.9613973e-02  -3.2999923e-01  -2.3411481e-01  -4.3159832e-03   2.2158899e-03  -2.0692846e-03
  -6.7414039e-02  -2.9318777e-01  -2.3367872e-01  -4.1824444e-03   2.2692553e-03  -2.2078470e-03
  -7.7617524e-02  -3.4039959e-01  -2.3264346e-01  -4.7720879e-03   2.5290530e-03  -2.1290025e-03
  -6.8745831e-02  -3.0278824e-01  -2.3092529e-01  -4.5405017e-03   2.5117899e-03  -2.2814060e-03
  -8.3102196e-02  -3.3125463e-01  -2.4257588e-01  -4.7368966e-03   2.8019281e-03  -2.2499978e-03
  -8.5390306e-02  -2.8679714e-01  -2.6618929e-01  -4.5272947e-03   2.6388029e-03  -2.2168425e-03
  -7.5345641e-02  -3.4900870e-01  -2.3353891e-01  -3.8471288e-03   2.3426955e-03  -2.3652890e-03
  -9.0214201e-02  -2.9179245e-01  -3.2056271e-01  -3.9492020e-03   2.4414320e-03  -2.0664693e-03
  -7.3956884e-02  -3.4746863e-01  -2.2795986e-01  -3.7379844e-03   2.1940703e-03  -2.2427905e-03
  -8.9339687e-02  -3.1703322e-01  -2.8343828e-01  -3.6206831e-03   2.5264505e-03  -2.0944074e-03
  -7.5407419e-02  -3.7701469e-01  -2.2275126e-01  -3.6356256e-03   2.2981931e-03  -1.9897340e-03
  -8.0175823e-02  -3.3531066e-01  -2.5691510e-01  -3.7582351e-03   2.4037925e-03  -2.0627331e-03
  -7.3026155e-02  -3.9322495e-01  -2.3053605e-01  -3.9189627e-03   2.2611270e-03  -2.0240077e-03
  -6.8634331e-02  -3.5766256e-01  -2.8381546e-01  -3.5739825e-03   2.2647741e-03  -2.1938255e-03
  -8.0945710e-02  -3.6332918e-01  -2.3642062e-01  -5.1761685e-03   2.3415488e-03  -2.1557788e-03
  -7.4218161e-02  -3.9475669e-01  -2.7833497e-01  -3.1407185e-03   2.3780255e-03  -2.3481471e-03
  -6.5628202e-02  -3.8485186e-01  -2.3220048e-01  -3.9041658e-03   2.2850246e-03  -2.2219548e-03
  -7.5421800e-02  -3.4287432e-01  -3.0252553e-01  -3.9303780e-03   2.4157752e-03  -2.2316463e-03
  -6.8831919e-02  -3.9200387e-01  -2.5836009e-01  -4.0425654e-03   2.2433310e-03  -2.1708913e-03
  -7.0349046e-02  -3.5669937e-01  -2.9197129e-01  -3.7237324e-03   2.1758078e-03  -2.1570321e-03
  -6.6780753e-02  -4.0693039e-01  -2.7639082e-01  -4.4355156e-03   2.0241861e-03  -2.0100829e-03
  -6.9681829e-02  -3.8294423e-01  -3.2135750e-01  -3.6596677e-03   2.1755324e-03  -2.1865811e-03
  -7.4554126e-02  -3.9187606e-01  -2.7440351e-01  -5.0623006e-03   2.1894050e-03  -2.0243335e-03
  -8.2995720e-02  -3.9550188e-01  -3.4058728e-01  -4.0750689e-03   2.3632081e-03  -2.0276307e-03
  -7.1557612e-02  -4.1899602e-01  -2.5390090e-01  -4.4157684e-03   2.1820431e-03  -2.0692718e-03
  -8.9749369e-02  -3.9847269e-01  -3.2561028e-01  -4.3155109e-03   2.4966886e-03  -1.9762417e-03
  -8.6013869e-02  -3.8658815e-01  -2.9752350e-01  -4.6385894e-03   2.3817918e-03  -1.9965345e-03
  -7.8720693e-02  -4.3132385e-01  -2.9051019e-01  -3.8720979e-03   2.4228164e-03  -2.0977864e-03
  -8.7912782e-02  -4.0307820e-01  -3.0381424e-01  -5.4877872e-03   2.4996042e-03  -2.0102787e-03
  -8.5631273e-02  -4.5215144e-01  -3.1527687e-01  -3.7061689e-03   2.4886539e-03  -2.1424210e-03
  -7.2807263e-02  -4.3121360e-01  -2.8314974e-01  -4.8933012e-03   2.1960447e-03  -2.1290959e-03
  -8.5363466e-02  -4.5090261e-01  -3.3621297e-01  -4.3456299e-03   2.5021805e-03  -2.2441107e-03
  -8.6585054e-02  -4.1926804e-01  -3.3364911e-01  -4.5390239e-03   2.4524373e-03  -2.2348716e-03
  -7.4838490e-02  -4.7318570e-01  -3.2274824e-01  -3.9279943e-03   2.4777785e-03  -2.2336358e-03
  -8.4422121e-02  -4.2710788e-01  -3.2074113e-01  -5.1885846e-03   2.5126564e-03  -2.1615396e-03
  -9.1384012e-02  -4.4771978e-01  -3.7635359e-01  -3.5205693e-03   2.8407072e-03  -2.2660822e-03
  -7.5427760e-02  -4.3300954e-01  -3.2648345e-01  -4.2932122e-03   2.4546979e-03  -1.9708444e-03
  -7.8503692e-02  -5.2303396e-01  -3.0359872e-01  -2.6936991e-03   2.4054165e-03  -1.1831481e-03
  -7.2872647e-02  -4.6866430e-01  -2.9845340e-01  -2.3429840e-03   2.1832677e-03  -1.1529354e-03
  -6.9099925e-02  -5.3794824e-01  -2.6822377e-01  -1.0259682e-03   2.2299991e-03  -1.2263856e-03
  -7.5646655e-02  -4.7357236e-01  -2.6520455e-01  -2.5736031e-03   2.2076250e-03  -1.0961412e-03
  -5.4832819e-02  -5.3055138e-01  -2.5453539e-01  -1.2424831e-03   2.2029715e-03  -1.5567698e-03
  -6.9728801e-02  -4.8183485e-01  -2.3038773e-01  -3.2434906e-03   2.1498454e-03  -1.1072656e-03
  -6.2990503e-02  -5.3014063e-01  -2.7617295e-01  -2.1635239e-03   2.1071018e-03  -1.2070200e-03
  -6.6349684e-02  -5.2098827e-01  -2.2196132e-01  -3.4544512e-03   2.1799465e-03  -1.1606238e-03
  -7.0027356e-02  -4.8184953e-01  -2.8262476e-01  -3.2412831e-03   2.3143400e-03  -1.1063523e-03
  -6.9549489e-02  -5.0984359e-01  -2.4307973e-01  -2.8357419e-03   2.2095830e-03  -1.1019974e-03
  -6.8265262e-02  -4.5865244e-01  -2.7197290e-01  -2.7330730e-03   2.2130589e-03  -1.2356237e-03
  -6.4333443e-02  -5.0465766e-01  -2.4571583e-01  -2.5822933e-03   2.1680603e-03  -1.2220911e-03
  -6.6695052e-02  -4.5486853e-01  -2.5619472e-01  -2.9412253e-03   2.2637188e-03  -1.3841823e-03
  -6.6968177e-02  -5.0272512e-01  -2.7067769e-01  -3.3085079e-03   2.3012595e-03  -1.3365407e-03
  -5.2301939e-02  -4.9137927e-01  -2.5900996e-01  -3.2683157e-03   2.0886489e-03  -1.4512967e-03
  -5.8784326e-02  -5.3206410e-01  -2.6602779e-01  -3.5377090e-03   2.4349866e-03  -1.3584880e-03
  -6.4734104e-02  -4.7472594e-01  -3.0833496e-01  -4.3566702e-03   2.3425930e-03  -1.4855894e-03
  -5.7972115e-02  -5.3939598e-01  -3.0790524e-01  -3.0236949e-03   2.4555765e-03  -1.7695376e-03
  -6.7340509e-02  -4.9124679e-01  -2.9636961e-01  -4.9536311e-03   2.5158758e-03  -1.5105582e-03
  -7.1554636e-02  -5.4091897e-01  -3.3206419e-01  -2.9269283e-03   2.5600719e-03  -1.6023154e-03
  -5.9932771e-02  -5.0935943e-01  -3.0469896e-01  -3.2974181e-03   2.2730757e-03  -1.6297662e-03
  -6.5821093e-02  -5.5010678e-01  -3.0307341e-01  -3.9689247e-03   2.4068305e-03  -1.4321893e-03
  -7.8980036e-02  -4.9121690e-01  -3.6343365e-01  -4.1288445e-03   2.5732897e-03  -1.4255720e-03
  -6.8361492e-02  -5.6804109e-01  -2.9373948e-01  -3.8872499e-03   2.3072315e-03  -1.5508972e-03
  -7.9544978e-02  -5.2025279e-01  -3.1888898e-01  -4.0733473e-03   2.3185966e-03  -1.4905740e-03
  -7.3810472e-02  -6.0414985e-01  -3.3551990e-01  -3.2045736e-03   2.4413105e-03  -1.4944401e-03
  -6.5833766e-02  -5.4302366e-01  -3.2786293e-01  -3.5703267e-03   2.4839388e-03  -1.8184133e-03
  -6.9729123e-02  -6.2895804e-01  -2.9627144e-01  -3.7230699e-03   2.7269643e-03  -1.7988724e-03
  -7.2747417e-02  -5.9504523e-01  -3.0175276e-01  -3.9443883e-03   2.7966618e-03  -1.7693393e-03
  -6.5915671e-02  -6.3875247e-01  -2.8454876e-01  -3.2797644e-03   2.7423260e-03  -1.8880820e-03
  -6.7470326e-02  -5.8410965e-01  -3.0162075e-01  -2.2054039e-03   2.4134192e-03  -1.4037728e-03
  -5.2583694e-02  -6.5323366e-01  -2.8300512e-01  -1.6823348e-03   2.1689807e-03  -1.5907939e-03
  -7.0913024e-02  -5.6682667e-01  -3.0314215e-01  -3.7036618e-03   2.3738921e-03  -1.6040831e-03
  -6.3297551e-02  -6.3861024e-01  -2.8267210e-01  -3.1452333e-03   2.2847297e-03  -1.6078732e-03
  -7.0521520e-02  -5.7939326e-01  -3.1587938e-01  -4.3162656e-03   2.5290857e-03  -1.7227727e-03
  -6.7895007e-02  -6.2354241e-01  -3.2580629e-01  -3.6367897e-03   2.5262628e-03  -1.7482553e-03
  -6.3954245e-02  -5.7174835e-01  -3.1534457e-01  -3.7816195e-03   2.4632341e-03  -1.8307671e-03
  -7.8523790e-02  -6.2666222e-01  -3.0851568e-01  -4.4844288e-03   2.7308938e-03  -1.5908413e-03
  -7.5941843e-02  -5.9158307e-01  -3.3026663e-01  -3.8726777e-03   2.7674375e-03  -1.7080288e-03
  -7.0238201e-02  -6.5002092e-01  -3.2523041e-01  -3.6949218e-03   2.7254452e-03  -1.8359102e-03
  -8.1363577e-02  -6.0841438e-01  -3.7373276e-01  -4.2572047e-03   2.9415967e-03  -1.8388533e-03
  -6.6421146e-02  -6.6356268e-01  -2.9957930e-01  -3.7925515e-03   2.6093007e-03  -1.8434972e-03
  -7.2045016e-02  -6.2009308e-01  -3.5442536e-01  -3.9047988e-03   2.7653967e-03  -1.9822306e-03
  -7.1247318e-02  -6.5615090e-01  -3.2175830e-01  -4.5744781e-03   2.7072960e-03  -1.9240897e-03
  -6.9344273e-02  -6.4455866e-01  -3.8935669e-01  -3.2888760e-03   2.6678333e-03  -2.1375040e-03
  -6.0771495e-02  -6.5830046e-01  -3.1690381e-01  -4.3811006e-03   2.4516933e-03  -2.0526503e-03
  -7.4026606e-02  -6.3449969e-01  -3.9684753e-01  -3.8580759e-03   2.6877288e-03  -2.0559586e-03
  -5.8671910e-02  -6.8163134e-01  -2.9762485e-01  -4.0663572e-03   2.4499061e-03  -2.0536870e-03
  -8.1473613e-02  -6.5118414e-01  -3.9022292e-01  -4.2180715e-03   2.7876381e-03  -2.0031623e-03
  -8.1813883e-02  -6.7349481e-01  -3.3644623e-01  -4.6640362e-03   2.6818758e-03  -1.8989139e-03
  -8.6252524e-02  -6.5941061e-01  -3.9545476e-01  -3.4508712e-03   2.8957636e-03  -2.0968019e-03
  -8.1536196e-02  -6.5147071e-01  -3.4793373e-01  -4.9510704e-03   2.7081256e-03  -2.0750575e-03
  -8.9770501e-02  -6.8393546e-01  -3.8921243e-01  -3.1547114e-03   3.0090076e-03  -2.1695451e-03
  -6.9738896e-02  -6.8058115e-01  -3.2943007e-01  -3.9261232e-03   2.7265198e-03  -2.1278472e-03
  -7.6564207e-02  -7.2020645e-01  -3.5543477e-01  -3.5128876e-03   2.9499476e-03  -2.0613244e-03
  -6.9253988e-02  -6.8010868e-01  -3.7040067e-01  -3.6299288e-03   2.8444312e-03  -2.2009419e-03
  -6.9074159e-02  -7.2079844e-01  -3.1656383e-01  -4.5843291e-03   2.7591433e-03  -2.0109439e-03
  -7.3468378e-02  -6.9630995e-01  -3.8139169e-01  -3.3275634e-03   2.8240978e-03  -2.1082887e-03
  -6.3925578e-02  -7.0171549e-01  -3.1389289e-01  -4.5326957e-03   2.6877316e-03  -1.9829437e-03
  -7.1521041e-02  -6.8378789e-01  -3.7019937e-01  -3.6198663e-03   2.7690574e-03  -2.0379296e-03
  -5.7624787e-02  -7.2950796e-01  -2.9372124e-01  -3.7877090e-03   2.5070600e-03  -1.9920182e-03
  -8.3271501e-02  -6.6989877e-01  -3.8620506e-01  -4.2160493e-03   2.9558511e-03  -2.0057259e-03
  -6.6288628e-02  -7.3629695e-01  -2.8913910e-01  -4.1832173e-03   2.7235705e-03  -2.0328027e-03
  -7.8245942e-02  -7.0148648e-01  -3.7411395e-01  -4.0512990e-03   2.9432529e-03  -2.1243248e-03
  -8.0426698e-02  -7.1531603e-01  -3.1946580e-01  -5.0558472e-03   3.0630099e-03  -2.3009607e-03
  -7.8784872e-02  -7.3233828e-01  -3.3978438e-01  -3.4854253e-03   3.0620185e-03  -2.1826531e-03
  -7.8179175e-02  -7.0162609e-01  -3.3914760e-01  -4.7279833e-03   2.9680261e-03  -2.1580947e-03
  -8.4480452e-02  -7.5438884e-01  -3.5194462e-01  -2.9687066e-03   3.1365283e-03  -2.2811558e-03
  -7.7189361e-02  -7.6504247e-01  -3.0097287e-01  -4.2942337e-03   2.9988746e-03  -2.3012145e-03
  -8.3883155e-02  -7.7486026e-01  -3.5274779e-01  -2.8531043e-03   3.1038070e-03  -2.2231551e-03
  -6.9707550e-02  -7.7700132e-01  -2.8084205e-01  -4.1721653e-03   2.9707990e-03  -2.3186909e-03
