   0.0000000e+00   0.0000000e+00   0.0000000e+00   0.0000000e+00   0.0000000e+00   0.0000000e+00
  -1.0848533e-02  -2.2473117e-02  -7.5330332e-03   1.5708935e-04   3.9103934e-04  -6.5589772e-05
  -8.5848810e-03   3.7744411e-03  -4.8507694e-03   2.5346439e-04   1.7946545e-04  -1.7405437e-05
   8.6164161e-03  -1.9565765e-02   2.8329462e-03   1.1096171e-03  -8.0116726e-05   3.6403150e-04
  -1.2665582e-02   6.2694772e-03  -7.7713157e-03   5.6688771e-04  -1.0973122e-05  -1.7807575e-04
  -1.7346254e-02  -2.1898705e-02   1.5407097e-02   9.9761616e-04   2.9030371e-04   4.4927667e-05
  -2.9451898e-02  -1.1833365e-02   1.5270848e-02   6.7594126e-04   4.8828364e-04  -3.7152443e-04
  -2.4141482e-02  -2.0894997e-02   2.5861533e-02   1.1401146e-03   2.8480268e-04  -1.3855875e-04
  -5.0342826e-02  -1.6876905e-02  -1.3642471e-02   6.7552597e-04   7.3075350e-04  -3.2111987e-04
  -3.5901053e-02   4.8373413e-03   7.6872568e-03   1.0282075e-03   6.9057597e-04  -9.7300832e-04
  -5.1030873e-02  -2.9060937e-02  -1.2794417e-02   3.4416437e-04   7.0212638e-04  -9.5354702e-04
  -3.5765314e-02  -2.3233656e-02   5.8306751e-03   3.6522827e-04   3.8920704e-04  -1.1766137e-03
  -4.1980827e-02  -5.2312337e-02   4.1646096e-03   7.3393118e-04   8.8541113e-04  -9.6486333e-04
  -1.0952326e-01  -4.6254950e-02  -2.3290716e-02  -1.2387938e-04   6.8947349e-04  -2.1616360e-03
  -6.9361911e-02   1.7696419e-02  -3.1510480e-02  -8.7678912e-04   1.1663936e-03  -1.9405681e-03
  -9.1730298e-02  -3.2600147e-02  -5.6683544e-02  -6.5413019e-05   1.0978855e-03  -1.4761930e-03
  -6.9591731e-02   5.9428162e-03  -1.8758791e-02  -1.5679790e-04   7.4755944e-04  -1.5044275e-03
  -5.1445207e-02  -1.7224104e-02  -3.0806482e-03  -3.5498034e-05   7.3389301e-04  -1.2250272e-03
  -7.3512639e-02  -1.7188013e-02   8.5634891e-03  -3.4327584e-04   1.2397546e-03  -1.1260390e-03
  -4.3043241e-02   4.2510810e-02   1.1828873e-02  -1.2097551e-03   6.5556597e-04  -8.9117524e-04
  -4.7471662e-02   1.7238960e-02  -1.0277761e-02  -9.0882051e-04   9.2719121e-04  -6.6785479e-04
  -4.0116344e-02   4.8975361e-02  -5.6449986e-03  -1.2502674e-03   7.5696763e-04  -6.6689734e-04
  -1.7677318e-02   2.4069974e-02   3.4223514e-02  -8.8984505e-04   6.0859063e-04  -9.7746147e-04
  -3.3692980e-02   1.5266565e-02   4.2252339e-03  -1.2440372e-03   8.4981825e-04  -7.2706615e-04
  -3.1423863e-02   5.5870748e-02   2.9540349e-02  -1.6720756e-03   7.3678346e-04  -7.9821654e-04
  -2.6236605e-02   2.6453304e-02   2.8569873e-02  -1.0304549e-03   7.4479794e-04  -8.9719355e-04
  -4.7699667e-02   5.6228377e-03   1.2710455e-02  -1.2224619e-03   9.4182833e-04  -7.5746516e-04
  -3.8023788e-02   3.3816573e-02   2.6481778e-02  -1.4947899e-03   5.5639808e-04  -1.5086523e-03
  -6.2186928e-02  -3.0632443e-02  -8.2056473e-03  -1.3533761e-03   5.2283833e-04  -1.0736906e-03
  -6.4736653e-02   3.2834015e-02   5.9575489e-02  -9.6477959e-04   6.7847461e-04  -1.7255351e-03
  -8.9856489e-02  -1.1296102e-02   3.7295954e-02  -1.2153528e-03   8.1128319e-04  -1.9835713e-03
  -7.8662792e-02   3.2555750e-04   2.8066146e-02  -1.6166198e-03   6.0664084e-04  -1.9523363e-03
  -7.8661563e-02  -1.8229830e-02   7.3630267e-02  -1.0177825e-03   3.7024492e-04  -1.9277692e-03
  -9.1208679e-02  -2.5340151e-02   4.3823974e-02  -1.3993180e-03   4.7298417e-04  -1.8653514e-03
  -8.9093222e-02  -8.4197515e-03   4.2252497e-02  -1.5178544e-03   1.5618052e-05  -2.2495068e-03
  -8.9957992e-02   5.8433738e-04   4.9962004e-02  -1.4093460e-03   2.1315411e-04  -2.3099124e-03
  -1.1872225e-01  -3.7675062e-02   2.7132255e-02  -1.1584438e-03   3.3592009e-04  -2.4209188e-03
  -9.7202881e-02  -9.6508748e-03   3.9578832e-02  -1.3052540e-03  -2.4784370e-05  -2.6950554e-03
  -1.0300661e-01  -5.8226439e-02   2.7625922e-02  -1.0490390e-03  -5.1876123e-05  -2.6352932e-03
  -1.2117541e-01  -8.1555135e-03   4.7047028e-02  -1.3826492e-03   1.9276887e-04  -2.8274010e-03
  -9.7084812e-02   4.8978835e-03   9.9815472e-02  -6.8365425e-04   2.4337736e-04  -2.9041187e-03
  -1.1075364e-01  -4.1432468e-02   7.7946828e-02  -7.4432111e-04   2.9468644e-04  -2.4663711e-03
  -1.2480761e-01  -7.9944287e-03   8.5979299e-02  -1.6699857e-03   2.9796664e-04  -2.6629894e-03
  -1.0800782e-01  -1.9027892e-03   9.3635974e-02  -1.1304109e-03   1.1154492e-04  -2.5797418e-03
  -1.3259261e-01  -1.1817118e-02   9.1910127e-02  -1.1627497e-03   4.4075980e-04  -2.3858614e-03
  -1.0645414e-01  -1.6983177e-02   1.1782857e-01  -1.1085533e-03   1.9737072e-06  -2.6336617e-03
  -1.2144360e-01  -4.6326157e-02   9.9872790e-02  -9.5157766e-04   2.9170002e-04  -2.4427630e-03
  -1.2501102e-01  -1.5015602e-02   8.8957057e-02  -1.6284005e-03   1.2232687e-04  -2.5207506e-03
  -1.2017578e-01  -3.7500892e-02   1.1543408e-01  -1.1101768e-03   1.6796379e-04  -2.4162100e-03
  -1.3638663e-01  -4.3469582e-02   5.5741144e-02  -1.7187829e-03   3.1928563e-04  -2.7481445e-03
  -1.2053276e-01  -9.0493132e-03   1.0582945e-01  -8.7667790e-04   4.6512905e-04  -2.8914221e-03
  -1.3233417e-01  -4.9215424e-02   2.6963025e-02  -1.9370481e-03   5.0837690e-04  -2.3995121e-03
  -1.1865780e-01  -3.3953531e-02   8.9222899e-02  -9.4581099e-04   4.5204607e-04  -2.4371096e-03
  -1.2875685e-01  -2.7851957e-02   3.8516557e-02  -1.6208732e-03   7.4475253e-04  -2.5067324e-03
  -1.1704896e-01  -3.9510189e-02   1.0077445e-01  -1.1095710e-03   5.7101690e-04  -2.6454051e-03
  -1.1377815e-01  -7.1996176e-02   8.0928188e-02  -1.4580594e-03   5.0292900e-04  -2.4182645e-03
  -1.3441342e-01  -2.7255746e-02   6.7915829e-02  -1.9849822e-03   7.8056800e-04  -2.5127074e-03
  -1.2213073e-01  -2.3414262e-02   8.9308877e-02  -1.9670172e-03   5.1030500e-04  -2.6410066e-03
  -1.3181943e-01  -6.7046952e-02   7.2526539e-02  -2.2975190e-03   7.8289683e-04  -2.6301085e-03
  -1.5140515e-01  -4.7761817e-02   8.6163727e-02  -2.8737620e-03   8.2465669e-04  -2.7209687e-03
  -1.3545111e-01  -2.2225472e-02   9.8032256e-02  -1.8458897e-03   4.6758465e-04  -2.6736093e-03
  -1.6878245e-01  -5.2367559e-02   6.8350639e-02  -1.9790955e-03   7.5040326e-04  -2.3008957e-03
  -1.5538720e-01  -2.7309790e-02   8.3648262e-02  -2.3727636e-03   4.4079540e-04  -2.6648746e-03
  -1.7326857e-01  -3.8402101e-02   6.0755676e-02  -2.0784152e-03   8.0794876e-04  -2.2806726e-03
  -1.5799348e-01  -4.0350724e-03   1.0108886e-01  -1.3939408e-03   7.3852182e-04  -2.6757726e-03
  -1.6454583e-01  -3.5038630e-02   7.0751659e-02  -1.4563498e-03   6.5279150e-04  -2.5026404e-03
  -1.6214775e-01  -1.8468302e-02   6.7438626e-02  -2.0586102e-03   4.1319573e-04  -2.7531059e-03
  -1.5574816e-01  -2.6364780e-02   7.0194350e-02  -1.4286303e-03   1.0585532e-03  -2.7173482e-03
  -1.6878006e-01  -1.5647328e-02   6.3973302e-02  -1.7744924e-03   1.0196688e-03  -2.6901571e-03
  -1.4858995e-01  -8.5872465e-03   8.6753644e-02  -1.4753923e-03   3.6450693e-04  -2.8322516e-03
  -1.6215977e-01  -2.3287161e-02   6.2775955e-02  -1.5328063e-03   6.5238952e-04  -2.8393640e-03
  -1.6655306e-01   6.4290579e-03   7.5018909e-02  -1.3835860e-03   9.0747185e-04  -3.2363911e-03
  -1.5754407e-01  -2.2636378e-02   7.3414824e-02  -4.8234813e-04   6.1346474e-04  -2.9598295e-03
  -1.7303816e-01  -2.8418577e-02   7.7697471e-02  -6.7755203e-04   7.9233994e-04  -2.8255980e-03
  -1.5615949e-01  -4.3413640e-02   9.6872807e-02  -1.1945411e-03   7.1824102e-04  -3.6638038e-03
  -1.6913899e-01  -8.2688560e-02   4.6534070e-02  -2.0578610e-03   1.0976766e-03  -2.8882280e-03
  -1.4277698e-01  -3.8143370e-02   7.7617744e-02  -1.9430874e-03   7.1976192e-04  -3.1999656e-03
  -1.4527066e-01  -1.1665130e-01   7.9226740e-02  -1.6604778e-03   7.9590582e-04  -2.9565348e-03
  -1.6505979e-01  -9.0369696e-02   6.6617973e-02  -2.7883158e-03   9.0785767e-04  -3.0558255e-03
  -1.5639497e-01  -8.6660915e-02   9.0421216e-02  -1.6061376e-03   8.3165811e-04  -2.8816235e-03
  -1.8383394e-01  -1.1415298e-01   4.5046189e-02  -2.2120586e-03   7.8247570e-04  -2.8345711e-03
  -1.6313805e-01  -8.1381205e-02   7.0586828e-02  -1.5121201e-03   4.8678445e-04  -3.0314734e-03
  -1.6537673e-01  -1.1659372e-01   7.4092976e-02  -1.0629796e-03   5.5082412e-04  -3.0920883e-03
  -1.7822994e-01  -1.0776397e-01   5.9967464e-02  -1.5840540e-03   6.1498931e-04  -3.0330442e-03
  -1.6082715e-01  -1.0872546e-01   8.6567496e-02  -1.2895766e-03   6.8183820e-04  -3.1872789e-03
  -1.8038830e-01  -1.2243457e-01   5.3561490e-02  -1.8242374e-03   8.3985209e-04  -2.9668410e-03
  -1.7463884e-01  -9.3447228e-02   7.6417317e-02  -1.9630995e-03   5.8659537e-04  -3.2792284e-03
  -1.6589059e-01  -1.3187886e-01   1.0025097e-01  -9.9795412e-04   7.3448752e-04  -2.9879886e-03
  -1.8058172e-01  -1.2516916e-01   3.9019634e-02  -1.5518816e-03   8.5323685e-04  -2.8091350e-03
  -1.7083017e-01  -1.2111885e-01   9.5993107e-02  -1.1450859e-03   8.0939832e-04  -2.8409732e-03
  -1.8404813e-01  -1.4851371e-01   8.9487988e-02  -1.0353568e-03   1.2178556e-03  -2.6050789e-03
  -1.6882812e-01  -1.1417834e-01   7.9046422e-02  -1.9921851e-03   6.4368265e-04  -2.7996831e-03
  -1.6316132e-01  -1.1457982e-01   1.3265006e-01  -9.3980904e-04   1.0523400e-03  -2.6595398e-03
  -1.7760523e-01  -1.1091339e-01   1.0554085e-01  -1.8295611e-03   1.1398802e-03  -2.4661772e-03
  -1.6555840e-01  -8.1720235e-02   1.3229718e-01  -1.5990328e-03   1.0122701e-03  -2.4845526e-03
  -1.5328768e-01  -1.1492753e-01   1.1311413e-01  -8.0022477e-04   7.0303850e-04  -2.3334330e-03
  -1.7501399e-01  -8.2556022e-02   1.1587366e-01  -1.4683904e-03   1.0527472e-03  -2.5394217e-03
  -1.6776015e-01  -8.6552630e-02   1.2569448e-01  -1.2313735e-03   8.6805212e-04  -2.4421200e-03
  -1.7495190e-01  -6.8425674e-02   1.3081931e-01  -1.4106371e-03   1.1126505e-03  -2.5731371e-03
  -1.6443938e-01  -7.9592424e-02   1.4118706e-01  -8.7433640e-04   1.1373153e-03  -2.7706577e-03
  -1.6953830e-01  -1.0626453e-01   1.0252956e-01  -1.0956012e-03   1.2097128e-03  -2.4073914e-03
  -1.5502808e-01  -5.6425298e-02   1.3554265e-01  -6.9511803e-04   1.1044930e-03  -2.2520208e-03
  -1.6669674e-01  -1.1211542e-01   1.2752578e-01  -3.4035089e-04   1.2011802e-03  -2.1839539e-03
  -1.7995588e-01  -1.1374408e-01   1.1883428e-01  -2.7137101e-04   1.2455750e-03  -2.3433042e-03
  -1.6295429e-01  -1.4315464e-01   1.2159286e-01  -3.4285485e-04   1.2214775e-03  -2.4078818e-03
  -1.8177129e-01  -1.3803755e-01   1.0585035e-01   3.9279278e-05   1.5797442e-03  -2.2743588e-03
  -1.4349437e-01  -9.9557057e-02   1.3480051e-01   1.4987306e-04   1.6173760e-03  -2.4185934e-03
  -1.5670416e-01  -1.3659396e-01   1.3654944e-01  -5.2664360e-04   2.1560035e-03  -2.9228146e-03
  -1.5002615e-01  -7.8262037e-02   1.7588123e-01  -7.6257661e-04   1.6822451e-03  -2.6745696e-03
  -1.3995886e-01  -1.0005307e-01   1.7503960e-01   3.3408403e-05   1.7617992e-03  -2.6911570e-03
  -1.5475791e-01  -1.0772273e-01   1.3518024e-01  -4.0961762e-04   1.6451685e-03  -2.5170611e-03
  -1.4235549e-01  -6.7663344e-02   1.5516700e-01  -6.6539915e-04   1.5470216e-03  -2.6293973e-03
  -1.5701844e-01  -1.0416975e-01   1.6004565e-01  -6.8108399e-04   1.7041783e-03  -2.6579267e-03
  -1.6733273e-01  -1.0075518e-01   1.5259051e-01  -2.3004764e-04   1.9485802e-03  -2.3596554e-03
  -1.5792906e-01  -1.1017726e-01   1.6807870e-01   9.3676904e-04   1.7677476e-03  -2.1347769e-03
  -1.7479926e-01  -1.3776148e-01   1.4660311e-01   2.2287548e-04   2.2030367e-03  -3.2071046e-03
  -1.6871269e-01  -1.0529665e-01   1.6618300e-01   9.6006745e-04   1.7859660e-03  -2.6053024e-03
  -1.8265394e-01  -1.5504414e-01   1.4236206e-01   2.6386465e-04   2.2909531e-03  -3.4985610e-03
  -1.8023582e-01  -1.0054052e-01   1.2595013e-01  -2.6059381e-04   2.2713531e-03  -4.5288502e-03
  -1.6162858e-01  -1.9198937e-01   9.6627184e-02   3.9322878e-04   2.0406320e-03  -3.6727522e-03
  -1.8194738e-01  -1.3430782e-01   1.1281875e-01  -5.1999217e-04   2.2762242e-03  -3.9052340e-03
  -1.5382388e-01  -1.7101927e-01   1.4572921e-01   6.4233008e-04   2.1833437e-03  -3.8344358e-03
  -1.6366252e-01  -1.6439694e-01   9.1239042e-02  -1.6968990e-04   1.9599807e-03  -2.9785476e-03
  -1.5237867e-01  -1.5459797e-01   1.5630318e-01  -1.7255532e-04   2.0408529e-03  -3.5850663e-03
  -1.5501518e-01  -1.9130772e-01   1.4288791e-01   1.6497606e-04   1.9344200e-03  -3.0006410e-03
  -1.5151903e-01  -1.5561215e-01   1.2871411e-01  -3.9355640e-04   1.8224148e-03  -2.8916519e-03
  -1.4798927e-01  -2.0126105e-01   1.4983723e-01  -5.5090298e-04   1.8809718e-03  -3.3755181e-03
  -1.6786002e-01  -1.8846310e-01   1.1870413e-01  -8.3572597e-04   1.8609799e-03  -2.8104185e-03
  -1.4124764e-01  -1.3996890e-01   1.4329367e-01  -9.8047236e-04   1.5674538e-03  -2.7998652e-03
  -1.5180196e-01  -1.9703493e-01   1.4568251e-01  -5.4846170e-04   1.5997915e-03  -2.7803842e-03
  -1.6001499e-01  -1.9558003e-01   1.3245781e-01  -1.1323679e-03   1.7534821e-03  -2.9611658e-03
  -1.3893888e-01  -1.4191430e-01   1.4864248e-01  -7.2486300e-04   1.4099215e-03  -2.7664352e-03
  -1.6315391e-01  -2.0448197e-01   1.3442113e-01  -3.9280020e-04   1.8341913e-03  -3.0584140e-03
  -1.5114572e-01  -1.5566538e-01   1.6289822e-01  -6.6074826e-04   1.1965797e-03  -3.3196940e-03
  -1.5543741e-01  -2.0867764e-01   1.5389983e-01  -2.9499223e-04   1.4553818e-03  -3.2266063e-03
  -1.7548754e-01  -1.8932072e-01   1.3853593e-01  -8.2556384e-04   1.6710533e-03  -3.5705501e-03
  -1.6031438e-01  -1.4849669e-01   1.4850309e-01  -9.2150941e-05   1.3725022e-03  -3.1038985e-03
  -1.7594885e-01  -1.8500408e-01   1.2747695e-01  -3.2678754e-04   1.4233420e-03  -3.1604750e-03
  -1.7393821e-01  -1.5177160e-01   1.5115063e-01  -7.7803927e-04   1.2277634e-03  -3.4853029e-03
  -1.6837678e-01  -2.0675995e-01   1.4987644e-01   1.1523638e-04   1.3065499e-03  -3.4252588e-03
  -1.8015254e-01  -2.0025872e-01   1.4602315e-01  -3.5216152e-04   1.5918164e-03  -3.5302241e-03
  -1.8626579e-01  -1.5419343e-01   1.5651959e-01   1.2209200e-04   1.3082425e-03  -3.4681108e-03
  -2.0306071e-01  -2.1107009e-01   1.4786798e-01   2.4906605e-04   1.3120176e-03  -3.1401504e-03
  -2.0143833e-01  -1.8509649e-01   1.5786493e-01  -3.2716867e-04   1.1287075e-03  -3.3236684e-03
  -2.0106708e-01  -2.3887107e-01   1.6099107e-01  -5.1977752e-05   1.1623642e-03  -3.5340144e-03
  -2.0634456e-01  -2.0579267e-01   1.5526329e-01  -6.9221244e-04   1.2870253e-03  -3.7746503e-03
  -1.9788647e-01  -1.8688417e-01   1.8057540e-01   2.2921942e-04   1.1316719e-03  -3.8520426e-03
  -2.0821636e-01  -2.2467500e-01   1.6460368e-01   5.7060737e-04   1.5506940e-03  -3.4333261e-03
  -1.9887465e-01  -2.0412962e-01   1.5126430e-01  -3.3065871e-04   1.4800721e-03  -3.5595967e-03
  -1.8956480e-01  -2.0704604e-01   1.6760215e-01   7.8428341e-06   1.5732423e-03  -3.5099080e-03
  -2.0631934e-01  -2.3053509e-01   1.3588892e-01  -1.7381107e-04   1.9935695e-03  -3.4658309e-03
  -2.0252406e-01  -1.5355711e-01   1.3813881e-01  -5.6940281e-04   1.8105008e-03  -4.2375652e-03
  -1.6459743e-01  -2.4554525e-01   9.0248517e-02  -1.0125470e-03   1.7574290e-03  -4.2599795e-03
  -1.3777754e-01  -2.2827684e-01   1.1584563e-01  -7.4049253e-05   1.5811299e-03  -4.8359056e-03
  -1.5469452e-01  -2.8400234e-01   1.2644013e-01   6.4217223e-05   1.7602368e-03  -4.2735513e-03
  -1.5378900e-01  -2.7061982e-01   1.3396226e-01   1.2035157e-04   1.5949947e-03  -3.5597086e-03
  -1.4313400e-01  -2.9083642e-01   1.8212648e-01   1.1224572e-03   1.3347260e-03  -4.2979647e-03
  -1.5163631e-01  -2.5002847e-01   1.4879508e-01   2.6355246e-04   1.5840606e-03  -3.3936825e-03
  -1.3865379e-01  -1.9781188e-01   1.6242601e-01  -2.8800948e-04   1.4135551e-03  -3.7017210e-03
  -1.3568678e-01  -2.3761854e-01   1.6577246e-01   4.0750374e-04   1.6012399e-03  -3.5929094e-03
  -1.4695105e-01  -2.1387989e-01   1.5376426e-01   3.5836729e-05   1.6949041e-03  -3.4598346e-03
  -1.2670307e-01  -2.6835624e-01   1.7671925e-01   5.4910675e-04   1.4894666e-03  -3.8525902e-03
  -1.3756913e-01  -2.5427636e-01   1.6423687e-01   6.1107981e-04   1.9247938e-03  -3.5979595e-03
  -1.2818431e-01  -2.2596785e-01   1.7289626e-01   1.0737494e-03   2.0845047e-03  -3.7705005e-03
  -1.4098757e-01  -2.5997633e-01   1.5148864e-01   1.1035491e-03   2.3314489e-03  -4.1005467e-03
  -1.4552778e-01  -2.4397466e-01   1.6150686e-01   1.0373263e-03   2.8659513e-03  -4.6138841e-03
  -1.5198623e-01  -2.6660606e-01   1.3200250e-01   6.7149866e-04   2.5221464e-03  -4.2963995e-03
  -1.5750679e-01  -2.6719636e-01   1.3853816e-01   1.4961346e-03   2.5996898e-03  -4.9774627e-03
  -1.7152450e-01  -2.7354815e-01   1.3105991e-01   1.3568415e-03   2.8835004e-03  -4.9512527e-03
  -1.6699759e-01  -2.5565858e-01   1.7106741e-01   1.8501358e-03   2.7961848e-03  -5.0186408e-03
  -1.5797037e-01  -3.0446877e-01   1.5383154e-01   2.0405953e-03   2.6185776e-03  -4.6687722e-03
  -1.6841690e-01  -2.7188998e-01   1.4964017e-01   1.1046904e-03   2.7791355e-03  -4.7867988e-03
  -1.6866273e-01  -2.8681420e-01   1.8247526e-01   1.6884601e-03   2.7166146e-03  -4.8192252e-03
  -1.7146391e-01  -2.9140213e-01   1.3737579e-01   1.1740645e-03   2.4524284e-03  -4.3858100e-03
  -1.6420225e-01  -2.6952300e-01   1.7408896e-01   1.6125796e-03   2.5047089e-03  -4.4817283e-03
  -1.6808819e-01  -2.9476517e-01   1.4795820e-01   1.2366029e-03   2.4111087e-03  -4.2259530e-03
  -1.5936868e-01  -2.6344431e-01   1.4772054e-01   1.1356919e-03   2.2681732e-03  -4.3060564e-03
  -1.5856308e-01  -2.8831266e-01   1.6155163e-01   1.2975878e-03   2.3258945e-03  -4.4498320e-03
  -1.6575126e-01  -2.9612364e-01   1.5426284e-01   8.4605384e-04   2.4442814e-03  -4.3434091e-03
  -1.5400269e-01  -2.8084516e-01   1.7364638e-01   1.1290566e-03   2.3433923e-03  -4.3434237e-03
  -1.6750411e-01  -2.9947358e-01   1.5803473e-01   1.0639041e-03   2.7317491e-03  -3.8715020e-03
  -1.5152616e-01  -2.8331012e-01   1.5755558e-01   8.9018816e-04   2.3662451e-03  -4.1381926e-03
  -1.6577703e-01  -3.0302901e-01   1.6010372e-01   1.5251100e-03   2.4784863e-03  -3.9635916e-03
  -1.7001969e-01  -3.1267115e-01   1.4772394e-01   5.6386902e-04   2.3540496e-03  -4.2100178e-03
  -1.6445023e-01  -3.1887606e-01   1.3677609e-01   7.0046041e-04   2.3415099e-03  -4.2420302e-03
  -1.7207662e-01  -3.2904211e-01   1.2071334e-01   5.4876375e-04   2.2397634e-03  -4.1841545e-03
  -1.7048121e-01  -3.0902543e-01   1.5228690e-01   7.5528066e-04   2.2618179e-03  -4.1642508e-03
  -1.7169085e-01  -3.6673868e-01   1.3785960e-01   9.8049894e-04   2.2916998e-03  -4.0945632e-03
  -1.6476963e-01  -3.0416894e-01   1.5159865e-01   1.0880971e-03   2.1918108e-03  -3.8434723e-03
  -1.6025885e-01  -3.6459587e-01   1.6341337e-01   1.1817120e-03   2.4384289e-03  -4.6086698e-03
  -1.6150967e-01  -3.2431397e-01   1.6715918e-01   4.2541279e-04   2.4291957e-03  -4.4091409e-03
  -1.5383552e-01  -3.2803325e-01   1.6868675e-01   8.7624019e-04   2.4700247e-03  -4.3918497e-03
  -1.6746052e-01  -3.3854967e-01   1.6318216e-01   2.6899267e-04   2.8297701e-03  -4.3805398e-03
  -1.5464517e-01  -3.3946788e-01   1.5337435e-01   1.6252962e-05   2.4817288e-03  -4.2459607e-03
  -1.4759721e-01  -3.5870974e-01   1.7016790e-01   8.6276287e-04   2.3668629e-03  -4.4656666e-03
  -1.6730453e-01  -3.5179637e-01   1.8598978e-01   3.9908592e-04   2.9406022e-03  -4.2442640e-03
  -1.5179709e-01  -3.5100434e-01   1.6495866e-01   8.3616888e-04   2.7770731e-03  -4.4794451e-03
  -1.5920031e-01  -3.6942448e-01   1.4813279e-01   6.6127526e-04   2.7663390e-03  -4.3713984e-03
  -1.6395338e-01  -3.2467721e-01   2.0385653e-01   6.8884947e-04   3.0111266e-03  -4.7241857e-03
  -1.8286117e-01  -3.7044148e-01   2.0329158e-01   1.1657583e-03   3.4571670e-03  -5.2495224e-03
  -1.8792040e-01  -3.3939482e-01   1.9291948e-01   4.4053066e-04   3.7463826e-03  -5.2937759e-03
  -1.8386448e-01  -3.3984067e-01   2.1262586e-01   1.4626602e-03   3.5855174e-03  -4.6773693e-03
  -1.8727264e-01  -3.6884145e-01   1.8644431e-01   7.4784078e-04   3.3902464e-03  -4.8345927e-03
  -1.7815729e-01  -3.4885510e-01   1.9823708e-01   1.3371823e-03   3.6264384e-03  -5.0427243e-03
  -1.7063641e-01  -3.8659701e-01   1.8542580e-01   9.6393774e-04   3.4779632e-03  -4.8992817e-03
  -1.8063910e-01  -3.6921303e-01   2.0841857e-01   2.3441550e-04   3.5288856e-03  -4.8847124e-03
  -1.8419147e-01  -4.0998679e-01   2.3293723e-01   1.4316118e-03   3.3928145e-03  -4.8178588e-03
  -1.9283047e-01  -4.3155703e-01   2.0356440e-01   6.4913153e-04   3.4820452e-03  -4.7176515e-03
  -1.7889142e-01  -4.1050254e-01   2.0653062e-01   1.0093376e-03   3.2748324e-03  -4.3989070e-03
  -1.8251888e-01  -4.4584655e-01   2.3075235e-01   1.5629550e-03   3.2304116e-03  -4.7261040e-03
