   0.0000000e+00   0.0000000e+00   0.0000000e+00   0.0000000e+00   0.0000000e+00   0.0000000e+00
   1.1384254e-02  -1.0813171e-02   1.4282532e-01  -2.0938262e-03   3.8391341e-04   3.0853331e-04
  -2.3792486e-02   4.7669297e-04   2.7891497e-02  -1.0244553e-03   4.3293887e-04   1.2315101e-04
   1.1591852e-02  -4.7407779e-02   1.8151174e-01  -2.0408742e-03  -1.6203495e-04   4.0737356e-04
  -4.5755770e-03  -1.7692914e-02   1.0140337e-01  -8.5314983e-05   8.7048079e-06  -2.7322923e-04
   1.1987501e-02  -9.9641125e-02   9.3087911e-02   3.6939368e-04   8.6084393e-05   3.8786014e-04
  -3.5016321e-02  -6.9084333e-02   8.0199773e-02   8.4695909e-04   1.0019159e-03  -6.3145653e-05
  -2.3803509e-02  -1.2867867e-01   4.6012940e-02   3.0936688e-03   3.5920392e-04  -3.7341330e-05
  -1.1406568e-02  -1.3382842e-01   1.3964608e-01   1.5569594e-03   3.9319768e-04   1.9769256e-04
  -2.3195752e-02  -7.5619487e-02   1.0017911e-01   1.6931953e-03   5.2661121e-04   9.4775219e-05
  -2.5046399e-02  -1.5595515e-01   1.2593118e-01   1.7699767e-03   4.0596058e-04  -2.9423429e-04
  -4.4980972e-02  -8.3939384e-02   1.4282248e-01  -2.0742271e-04   1.0885096e-03   5.0116538e-06
  -7.6755701e-02  -1.1840626e-01   1.6187028e-01   1.0272745e-03   1.3584503e-03  -2.5842638e-04
  -4.0192880e-02  -1.1254280e-01   1.7691788e-01   4.9862152e-04   7.9228373e-04  -2.6404776e-04
  -3.9830712e-02  -5.9439000e-02   1.9465223e-01  -6.1609488e-04   1.0085299e-03  -3.9032188e-04
  -3.0475564e-02  -5.4593027e-02  -7.7829866e-02  -6.4628590e-06   1.1061038e-03  -1.1226173e-03
  -4.5932553e-02  -1.9788111e-02   1.4549535e-01  -1.7279078e-03   1.3044946e-03  -4.3612665e-04
  -4.9277518e-02  -6.5251743e-02   1.3349378e-01  -2.9627599e-04   1.0676624e-03  -2.0477362e-04
  -8.4715708e-03  -7.2023162e-02   2.4542999e-01  -2.0160009e-03   1.3824659e-03   8.6521609e-05
  -3.9915717e-02  -5.5999804e-02   1.7287390e-01  -9.0013867e-04   1.6512689e-03  -5.5194414e-04
  -3.2037977e-02  -2.7882224e-02   2.1504785e-01  -1.4998809e-03   1.3430433e-03  -1.3167056e-04
  -1.8868854e-02  -5.8933275e-02   1.6931209e-01  -5.8319269e-04   9.3089351e-04  -6.4589732e-05
  -5.7136761e-02  -2.8952061e-02   2.1845749e-01  -2.0371871e-03   2.0366855e-03  -2.3707076e-04
  -3.1421108e-02  -1.3127411e-01   1.5255624e-01   1.3746390e-03   1.3051257e-03   1.4505121e-04
  -1.8514955e-02  -1.2718188e-01   2.1652033e-01  -3.9791349e-04   1.0133770e-03   2.8896893e-04
  -5.5013077e-02  -4.6304454e-02   1.3035734e-01   3.4787157e-04   1.7731756e-03  -4.7437273e-04
  -4.2831014e-02  -9.4881668e-02   2.3208449e-01  -1.0295671e-03   1.7205190e-03   1.1846208e-04
  -1.9719163e-02  -6.6062962e-02   1.6719514e-01   2.5580058e-04   1.0914086e-03   3.8969177e-04
  -2.1991934e-02  -1.5886119e-01   2.0393253e-01   8.8049157e-04   1.1594403e-03   1.2538921e-04
  -1.9985320e-02  -8.0691115e-02   1.9269075e-01  -3.7500855e-04   1.1552402e-03   4.1856972e-04
  -4.9637695e-02  -1.1264407e-01   1.6231860e-01   4.9147156e-04   1.5605895e-03  -2.5712132e-04
  -2.8688755e-02  -1.5807017e-01   2.1840848e-01   4.1557377e-04   1.3128512e-03   8.4344414e-04
  -4.8504319e-02  -1.1467466e-01   1.3587281e-01   1.8596528e-03   1.5659623e-03   7.1174629e-04
  -6.1074770e-02  -1.6375445e-01   2.4828658e-01   3.2021750e-04   2.0940998e-03   4.9632741e-04
  -5.3924880e-02  -7.8200424e-02   1.2534537e-01   1.0274306e-03   1.8847483e-03   5.7920628e-04
  -5.1223599e-02  -1.4107982e-01   2.5358188e-01   1.8154082e-05   1.7406879e-03   1.1342820e-03
  -9.0271027e-02  -1.0055868e-01   1.8210100e-01   1.3842671e-03   2.0196324e-03   6.5616731e-04
  -4.1558148e-02  -1.4177228e-01   2.6405237e-01   2.9150134e-05   1.2983059e-03   8.9178761e-04
  -6.4831272e-02  -7.5492822e-02   2.4080719e-01   1.5526736e-04   2.3455362e-03   6.5969589e-04
  -4.8982491e-02  -1.7762498e-01   2.7494117e-01  -2.3631784e-04   2.0078611e-03   1.2366300e-03
  -4.8325967e-02  -1.1877139e-01   2.5545286e-01  -1.0290308e-04   1.9452863e-03   9.2314865e-04
  -5.2616637e-02  -1.8555435e-01   1.1764619e-01   1.7707517e-03   1.9973990e-03   3.7012486e-04
  -1.4510699e-02  -2.2388111e-01   1.6971988e-01  -4.2232952e-05   1.3110202e-03   9.3803653e-04
  -7.3801587e-02  -1.9233787e-01   1.5595618e-01   6.2962050e-04   2.1936944e-03   9.4521540e-05
  -6.2775256e-02  -2.2607387e-01   1.3706499e-01   1.2623252e-03   1.7580171e-03  -1.5537922e-04
  -8.4106127e-02  -1.3659485e-01   8.0687414e-02   9.2248775e-04   2.0602884e-03   2.6747919e-04
  -6.5161573e-02  -2.3916705e-01   1.8971332e-01   1.0763739e-03   2.3004731e-03   6.3922481e-04
  -8.9023970e-02  -1.4933026e-01   5.2333187e-02   9.1013300e-04   2.1765551e-03   3.1189133e-04
  -5.7995788e-02  -1.7145104e-01   1.7068632e-01   6.3142330e-05   2.0398930e-03   4.2125219e-04
  -5.2664717e-02  -2.2525234e-01   1.9602146e-01   5.3466252e-04   1.5768842e-03   8.4478105e-04
  -5.3810843e-02  -1.5155983e-01   1.0763633e-01   2.9355150e-04   2.0221603e-03   1.1096591e-03
  -4.2448061e-02  -1.9959287e-01   1.6621656e-01  -1.0032582e-03   1.8327348e-03   1.2998771e-03
  -9.3120572e-02  -9.6056331e-02   1.3628189e-01  -1.1306841e-03   2.7585628e-03   8.5631210e-04
  -1.2264879e-01  -2.3608446e-01   2.3414821e-01  -9.9936594e-05   2.3343357e-03   9.4959007e-04
  -1.5183367e-01  -1.1562472e-01   2.3322010e-01  -1.6218036e-03   3.5878339e-03   7.1944087e-04
  -1.0127955e-01  -2.1290630e-01   2.7893529e-01  -5.4095242e-04   2.5692739e-03   1.1168952e-03
  -6.7764857e-02  -9.9766796e-02   1.8222681e-01  -9.6742654e-04   2.7634566e-03   1.4087838e-03
  -7.5590283e-02  -2.0116507e-01   2.2654805e-01  -4.5607077e-04   2.8960641e-03   1.5225386e-03
  -3.1373435e-02  -9.9024770e-02   1.0168226e-01  -6.9249887e-04   2.5342554e-03   1.5530129e-03
   4.1871356e-02  -2.3247388e-01   2.5363880e-01  -1.4114904e-04   1.7455265e-03   1.9377864e-03
  -4.3032216e-02  -1.6069162e-01   2.1687838e-01  -2.4643279e-04   3.0150698e-03   1.2538143e-03
  -9.4639858e-03  -2.5732167e-01   2.6155879e-01   7.1837228e-04   2.1082019e-03   1.9069082e-03
  -2.0121483e-02  -1.5538226e-01   1.8927827e-01   3.3071839e-04   2.3757615e-03   1.8556902e-03
  -3.8816679e-03  -2.2944398e-01   2.7308759e-01  -5.6002509e-04   1.9892997e-03   1.8008551e-03
  -1.8459780e-02  -1.9878773e-01   2.2792889e-01   1.5023319e-05   2.0788679e-03   1.4769928e-03
  -2.2445230e-02  -2.9272091e-01   2.4071820e-01   1.5984376e-03   2.2951557e-03   1.4325200e-03
  -2.6604326e-02  -2.4938998e-01   2.6927770e-01   7.6018354e-04   2.1651352e-03   2.2520708e-03
  -2.7730389e-02  -2.7755935e-01   2.2630287e-01   1.7146642e-03   2.0869022e-03   2.0396574e-03
  -1.1730091e-02  -2.4737386e-01   2.8014521e-01   2.4600607e-04   2.2138916e-03   1.9350995e-03
  -8.4946756e-03  -2.6132328e-01   2.2919098e-01   9.1789245e-04   1.9465133e-03   1.9305071e-03
  -2.3239219e-02  -2.3948908e-01   2.8584000e-01  -1.4341631e-04   2.4374445e-03   1.9909122e-03
  -2.7484286e-02  -3.1227823e-01   3.0699929e-01   1.2973602e-03   2.5906211e-03   1.4750429e-03
  -1.4501625e-02  -3.0424827e-01   3.4416870e-01   4.3481291e-04   2.4919359e-03   1.8630693e-03
  -2.8242768e-02  -2.6357180e-01   2.3548141e-01   1.8106909e-03   2.3698299e-03   1.4609721e-03
  -2.5988481e-04  -3.1234132e-01   3.2375056e-01   8.0113853e-04   2.1445095e-03   2.0875341e-03
   1.5865990e-02  -2.8310195e-01   2.0902146e-01   2.3655455e-03   1.7737832e-03   1.8263887e-03
   4.1753815e-02  -3.5262021e-01   4.2247705e-01   1.2081880e-03   1.8296993e-03   2.2184684e-03
   1.8969563e-02  -3.1231369e-01   3.8786694e-01   8.1547993e-04   2.4575577e-03   1.8861765e-03
   4.2615853e-02  -3.2176961e-01   2.9644994e-01   1.4154339e-03   2.0616732e-03   1.7742581e-03
   4.4197358e-02  -3.2450267e-01   3.6617006e-01   6.7405998e-05   2.1286353e-03   2.0207292e-03
   5.4825529e-02  -3.0590278e-01   2.9232657e-01   1.0683199e-03   1.7780938e-03   2.0914925e-03
   3.8906242e-02  -3.8290530e-01   3.0632247e-01   1.1741680e-03   2.0183704e-03   1.7753167e-03
   6.1714366e-02  -3.4488888e-01   3.5505185e-01   2.2741636e-04   1.5908733e-03   2.0599718e-03
   3.4779450e-02  -3.2825048e-01   2.7516763e-01   1.2699215e-03   1.8053037e-03   2.2980390e-03
   3.3669227e-02  -3.7526616e-01   3.4992704e-01   1.3852097e-03   2.0918644e-03   2.2492578e-03
   2.6285982e-02  -2.6107340e-01   2.9352118e-01   9.1338812e-04   2.2014192e-03   1.9172567e-03
   1.4034545e-02  -3.2664700e-01   2.4070060e-01   1.1510502e-03   2.3330830e-03   1.9636004e-03
   2.8667459e-02  -3.0498820e-01   3.4960355e-01  -3.3276829e-04   2.3478493e-03   2.1133913e-03
   1.1770696e-02  -3.3595521e-01   2.7248170e-01   1.0204324e-03   2.4121437e-03   2.1107104e-03
   1.3835018e-02  -3.7578665e-01   6.6374093e-01   7.7278573e-04   3.1275215e-03   2.1931768e-03
   2.9680009e-02  -4.9221952e-01   6.2655420e-01   5.5303630e-03   3.0527086e-03   2.5293353e-03
   1.7040830e-02  -4.9246012e-01   7.4327663e-01   3.7404854e-03   3.3597292e-03   2.3200514e-03
   2.2978274e-02  -4.3549114e-01   6.1918562e-01   5.1057353e-03   3.2455947e-03   2.2509969e-03
  -7.5550674e-03  -5.1534496e-01   5.3339325e-01   5.6901888e-03   3.4962348e-03   2.2233539e-03
  -5.8352788e-02  -4.2923270e-01   6.2258436e-01   4.5684258e-03   4.7940980e-03   3.8079997e-03
   1.4241239e-02  -5.6504248e-01   6.0160065e-01   5.3038823e-03   3.2502015e-03   2.8201265e-03
   5.0453603e-02  -6.0743332e-01   5.6691114e-01   4.4761578e-03   2.4783879e-03   2.8082215e-03
   4.5771717e-02  -5.8505939e-01   5.6248969e-01   3.2878664e-03   2.7000410e-03   2.7514531e-03
   3.4329448e-02  -5.2853778e-01   4.9050844e-01   3.9991464e-03   2.6355875e-03   2.6065212e-03
   4.2384812e-02  -5.9921185e-01   4.7986086e-01   4.7597087e-03   2.5552025e-03   2.6279566e-03
   3.2054783e-02  -5.3019270e-01   5.1458875e-01   3.3114601e-03   2.9313408e-03   3.0261947e-03
   2.7509988e-02  -5.6953305e-01   4.2443638e-01   5.3228858e-03   2.8797940e-03   2.8938813e-03
   4.5090178e-02  -6.3918351e-01   4.8371422e-01   4.9509260e-03   2.8760889e-03   2.9635338e-03
   3.6786858e-02  -5.4072057e-01   4.7586174e-01   4.4777353e-03   3.0080540e-03   2.8100263e-03
   5.5963570e-02  -6.0478923e-01   5.2524728e-01   2.9665446e-03   2.5908629e-03   3.0739646e-03
   4.4914914e-02  -5.7019362e-01   5.0792125e-01   3.0958776e-03   2.7983971e-03   3.2459196e-03
   1.0246517e-02  -5.5810096e-01   4.5187753e-01   4.4562808e-03   3.4575933e-03   2.6331468e-03
   2.6761046e-02  -6.5284863e-01   4.7992818e-01   4.8437069e-03   3.1645111e-03   2.9904250e-03
   1.7907329e-02  -5.3678478e-01   4.6147768e-01   3.9750376e-03   3.3193846e-03   3.0408600e-03
   1.8143868e-02  -6.0691723e-01   4.4943587e-01   4.3174807e-03   3.2976554e-03   2.7806067e-03
  -1.0860714e-02  -5.7346615e-01   4.8953907e-01   3.1907816e-03   4.0669318e-03   3.0424884e-03
  -5.1695351e-03  -5.7925353e-01   4.7181431e-01   4.5720306e-03   4.1473612e-03   3.6467872e-03
   8.7705671e-05  -6.5558612e-01   4.3845690e-01   4.9359143e-03   3.6925602e-03   2.9383053e-03
   3.8754032e-03  -5.9000248e-01   4.1279481e-01   3.6837656e-03   3.7144750e-03   2.9839266e-03
   1.6537466e-02  -6.2530921e-01   3.5684042e-01   4.6695922e-03   3.4389748e-03   2.7937642e-03
   1.6949743e-02  -6.8999450e-01   4.3877817e-01   4.2333006e-03   3.5692448e-03   2.8536856e-03
   1.5238593e-02  -5.7718591e-01   4.2266505e-01   4.0394282e-03   3.6637373e-03   2.8576881e-03
   4.3538982e-02  -6.2022584e-01   4.2932677e-01   4.1174400e-03   3.0559729e-03   3.1387048e-03
   2.7170573e-02  -5.7804652e-01   4.4318796e-01   3.4774160e-03   3.4698622e-03   2.9738311e-03
   1.8059989e-02  -5.7313954e-01   3.8368277e-01   4.4802363e-03   3.4203537e-03   2.7114726e-03
   2.7785137e-02  -6.3311099e-01   4.3222382e-01   4.0366748e-03   3.3728046e-03   3.1418854e-03
   1.1747438e-02  -6.2081933e-01   4.1357372e-01   4.9231770e-03   3.7913195e-03   2.8345123e-03
   1.5197451e-02  -6.4579211e-01   3.6067715e-01   5.7240691e-03   3.6186635e-03   2.8281539e-03
   3.1531307e-03  -5.7820406e-01   3.8531801e-01   4.6198068e-03   4.1293602e-03   2.8864671e-03
   6.7413940e-03  -5.8106283e-01   3.8264343e-01   4.9230375e-03   4.1090253e-03   2.8974411e-03
  -1.0655019e-01  -4.8971552e-01   2.5827866e-01   3.9327334e-03   6.8871261e-03   2.1264293e-03
  -4.8593712e-02  -6.4237616e-01   4.4937898e-01   2.5449861e-03   5.8712634e-03   2.7602167e-03
  -2.2607802e-02  -5.5531116e-01   3.7552598e-01   2.6401350e-03   5.3313269e-03   2.7517807e-03
   3.9708380e-02  -7.3912383e-01   1.9268717e-01   6.7099225e-03   4.1373783e-03   3.0247305e-03
   4.9448084e-02  -6.1382809e-01   2.4779944e-01   3.5762485e-03   3.7990642e-03   3.2067613e-03
   3.4312552e-02  -6.1240474e-01   2.3647847e-01   5.2171450e-03   3.8511715e-03   3.0446800e-03
   5.0284862e-02  -6.7065332e-01   3.0715333e-01   4.6355545e-03   3.6997564e-03   2.9870184e-03
   3.5058168e-02  -6.4035258e-01   3.0502265e-01   4.5799393e-03   4.1225760e-03   3.0549398e-03
   3.5751600e-02  -6.7527706e-01   3.0697313e-01   4.9203030e-03   4.0307377e-03   2.7681514e-03
   4.4578481e-02  -7.3319100e-01   3.3564326e-01   4.5544761e-03   3.9790725e-03   3.0652979e-03
   3.8554351e-02  -6.7900158e-01   3.4495637e-01   4.5016514e-03   4.1563169e-03   2.9778259e-03
   3.0150661e-02  -7.0070234e-01   3.0761587e-01   5.2696216e-03   4.1244649e-03   2.6116998e-03
   4.9050819e-02  -6.9480536e-01   3.5068563e-01   4.3091951e-03   4.0364132e-03   3.3075101e-03
   4.1285346e-02  -6.4768136e-01   3.1982924e-01   5.0066944e-03   4.0984804e-03   3.1866587e-03
   4.8423262e-02  -7.3055490e-01   3.8261279e-01   4.5717358e-03   4.2218178e-03   2.7396898e-03
   1.9997611e-02  -6.8294995e-01   3.4295457e-01   5.7184906e-03   4.5813498e-03   2.8559473e-03
   5.6900984e-02  -7.3101617e-01   3.9717976e-01   4.8262972e-03   3.9542725e-03   3.0588825e-03
   4.5783437e-02  -6.4090599e-01   3.6010107e-01   4.5013069e-03   4.0513423e-03   2.8656018e-03
   6.5781608e-02  -7.4404207e-01   3.7137402e-01   4.6972198e-03   3.6277623e-03   2.9413811e-03
   4.6702821e-02  -6.7789101e-01   3.5280727e-01   3.5067714e-03   4.0748443e-03   2.8826487e-03
   4.2954547e-02  -6.9241874e-01   3.2099864e-01   4.4199096e-03   3.8943211e-03   2.8631305e-03
   5.5237388e-02  -7.8318473e-01   3.7130691e-01   4.6498596e-03   3.8535523e-03   3.2582412e-03
   5.3244938e-02  -6.9768825e-01   3.4771785e-01   5.2047181e-03   3.8343761e-03   3.2335078e-03
   5.9007153e-02  -7.5837350e-01   3.5215579e-01   5.6548233e-03   3.7966553e-03   3.2137775e-03
   6.7482746e-02  -6.5195038e-01   3.2574499e-01   4.5434982e-03   3.6516294e-03   3.3477780e-03
   3.5884345e-02  -7.8796010e-01   4.1178408e-01   6.5356157e-03   4.4890075e-03   2.7721226e-03
   7.4746239e-02  -6.8215798e-01   3.7480193e-01   5.0397063e-03   3.7617707e-03   2.9564825e-03
   8.1189825e-02  -7.6315486e-01   4.0795762e-01   4.2970496e-03   3.5798746e-03   3.1795759e-03
   3.5713980e-02  -6.5278186e-01   3.3158485e-01   3.9750238e-03   4.2548155e-03   2.8380635e-03
   4.3133457e-02  -7.2572893e-01   3.3120910e-01   4.0349119e-03   4.1339312e-03   2.8292942e-03
  -5.0815533e-02  -6.3807573e-01   1.8597179e-01   4.2488081e-03   5.4142043e-03   2.8120255e-03
   3.3989274e-02  -7.7417039e-01   3.5250509e-01   4.3195405e-03   4.2843562e-03   3.6643622e-03
   1.4836152e-02  -6.6685878e-01   2.8755438e-01   4.3905810e-03   4.7871347e-03   3.0175467e-03
   4.5307443e-02  -7.4222355e-01   3.1472900e-01   4.0050771e-03   4.2766374e-03   3.2158927e-03
   6.1761238e-02  -6.7706082e-01   3.1854063e-01   2.8353272e-03   4.1600978e-03   3.8596359e-03
   4.7650408e-02  -7.5232454e-01   3.2226213e-01   3.8857206e-03   4.2334089e-03   3.2443666e-03
   6.4844315e-02  -7.9048908e-01   3.7486330e-01   2.0573127e-03   4.2846672e-03   3.5294356e-03
   3.1731459e-02  -7.4156671e-01   3.5624474e-01   3.1546894e-03   4.6822391e-03   3.0773236e-03
   4.6055302e-02  -8.1549670e-01   4.1751895e-01   2.6391337e-03   4.5628446e-03   3.2860104e-03
   3.7390701e-02  -7.0713069e-01   3.5334774e-01   2.8132600e-03   4.3780171e-03   3.2238618e-03
   5.0844474e-02  -7.5362500e-01   4.1699152e-01   2.2552991e-03   4.4328649e-03   3.5528962e-03
   3.9500031e-02  -7.2370067e-01   3.7047395e-01   2.7422438e-03   4.5197196e-03   3.2133785e-03
   4.4462903e-02  -8.1265787e-01   3.5093759e-01   2.9652693e-03   4.0618539e-03   3.3485331e-03
  -2.5135758e-02  -7.4225204e-01   3.2701673e-01   3.3323602e-03   5.5344078e-03   3.0317427e-03
   5.1547089e-03  -8.4281146e-01   3.5373341e-01   4.1919677e-03   4.9272823e-03   3.0666934e-03
   3.4668991e-03  -7.4726358e-01   3.3546777e-01   3.6446776e-03   5.0814603e-03   3.1003947e-03
   3.0448381e-02  -7.9238402e-01   3.1027939e-01   3.8266674e-03   4.2472861e-03   3.4145336e-03
   4.0685061e-02  -8.1250272e-01   3.4347456e-01   3.8426100e-03   4.2422126e-03   4.0532964e-03
   2.9148595e-02  -7.5358731e-01   3.1486602e-01   3.6065597e-03   4.3528729e-03   3.6201462e-03
   5.6902016e-02  -8.4431698e-01   3.5623299e-01   4.1779505e-03   4.0097747e-03   3.6050680e-03
   6.7983188e-02  -8.3270781e-01   3.9443770e-01   3.3564440e-03   4.1935840e-03   3.9657495e-03
   6.0286805e-02  -8.1257676e-01   3.4518030e-01   4.0473696e-03   4.1734136e-03   3.5059465e-03
   7.5065113e-02  -8.6848760e-01   4.3022352e-01   3.7568391e-03   4.3101892e-03   3.9286587e-03
   7.5412532e-02  -8.2368367e-01   3.7535096e-01   4.1865215e-03   4.2792734e-03   4.0806365e-03
   5.9331322e-02  -8.2259489e-01   4.6404914e-01   2.8768826e-03   4.6486923e-03   4.0594040e-03
   4.8284513e-02  -8.2604025e-01   3.7797432e-01   4.0658937e-03   4.4228829e-03   3.8401501e-03
  -3.9928606e-02  -7.8342531e-01   4.5967187e-01   2.0893756e-03   6.4473991e-03   3.8399736e-03
   2.6825737e-05  -8.3851928e-01   4.5639910e-01   3.6358233e-03   5.5105847e-03   4.1949601e-03
   3.7883608e-02  -8.9234975e-01   4.3960032e-01   3.7322840e-03   4.8596872e-03   4.7079887e-03
   2.3264856e-02  -8.3089759e-01   3.5124816e-01   5.1154243e-03   4.9632727e-03   4.2160653e-03
   4.2902520e-02  -8.8015094e-01   3.3259914e-01   6.7588623e-03   4.3233492e-03   4.1473496e-03
   3.8511543e-02  -9.0210246e-01   3.6466127e-01   6.6090488e-03   4.5253124e-03   3.8891994e-03
   3.0579800e-02  -8.7311502e-01   3.2706053e-01   7.4802529e-03   4.6359242e-03   3.8476753e-03
   4.1871841e-02  -9.6608961e-01   3.7867212e-01   7.1394257e-03   4.6064767e-03   3.9522101e-03
   3.8396845e-02  -9.1986527e-01   3.7209970e-01   6.7332556e-03   4.7525188e-03   3.7598843e-03
   4.2311173e-02  -9.5895639e-01   3.4841007e-01   7.6734438e-03   4.5702313e-03   3.5696199e-03
   5.7798394e-02  -9.2520480e-01   4.0017060e-01   6.5348913e-03   4.4699457e-03   3.9309433e-03
   2.8285064e-02  -9.4308164e-01   3.5751880e-01   7.7929553e-03   4.9327902e-03   3.5411347e-03
   4.9650152e-02  -9.9255118e-01   3.9922025e-01   7.4686045e-03   4.6562325e-03   3.5785918e-03
   4.1058922e-02  -8.9212513e-01   3.9008570e-01   6.7430023e-03   4.8483605e-03   3.6695897e-03
   4.7481541e-02  -9.2102988e-01   3.4526902e-01   6.6765627e-03   4.3630209e-03   3.4165321e-03
  -3.3843586e-03  -8.6053310e-01   2.9559269e-01   6.0848061e-03   5.5755098e-03   3.6156380e-03
   1.1959934e-02  -9.6744593e-01   3.1640871e-01   8.6580307e-03   5.1024599e-03   3.7569907e-03
   4.0542446e-02  -9.4864713e-01   3.8164605e-01   6.0526973e-03   4.8214278e-03   4.0410205e-03
   5.4536799e-02  -9.4712154e-01   3.6880272e-01   5.6407335e-03   4.3914041e-03   4.0515699e-03
   4.8880959e-02  -9.1827368e-01   4.1711080e-01   4.3605092e-03   4.6618920e-03   4.1931786e-03
   2.4294437e-02  -8.8499436e-01   3.1838236e-01   5.6176903e-03   4.7867176e-03   3.9125040e-03
   1.5289559e-02  -8.9696207e-01   3.2732112e-01   5.0626633e-03   4.7518883e-03   3.8544191e-03
  -2.8095352e-02  -8.4352626e-01   2.7425450e-01   5.6939472e-03   5.2241827e-03   3.5597835e-03
  -1.8875719e-03  -9.2185849e-01   3.0017539e-01   6.5654850e-03   4.8170637e-03   3.1017231e-03
  -5.7943565e-02  -8.1156960e-01   1.1754693e-01   6.2015229e-03   5.1786519e-03   2.2041423e-03
  -7.0210730e-03  -9.3612875e-01   3.7157018e-01   5.2723081e-03   4.6691684e-03   3.6996482e-03
  -4.2737849e-03  -8.9510836e-01   3.4489617e-01   6.5713630e-03   4.6417920e-03   3.3096473e-03
  -1.4805334e-04  -9.6971391e-01   3.5213315e-01   5.7097426e-03   4.8973163e-03   3.6142230e-03
  -7.7702756e-03  -8.8746064e-01   2.9252171e-01   4.8127567e-03   5.0330645e-03   3.4815010e-03
