   0.0000000e+00  -2.8421709e-14   0.0000000e+00   0.0000000e+00   0.0000000e+00   3.4694470e-18
   5.7872705e-03  -5.7917285e-02   6.7471475e-02  -9.2055544e-04   2.3106305e-04   3.5304337e-04
   9.1707791e-04   2.2080405e-02   2.4499282e-02   3.3886129e-04  -5.2099184e-05   3.4883064e-04
   4.1615524e-03  -1.4394660e-02   1.0974001e-02   3.9275983e-04   4.8427103e-04   3.5575878e-04
   1.3210383e-02  -1.5631851e-02   6.1862461e-02  -3.8929662e-04   8.1561778e-05   4.9135973e-04
   1.4959768e-03   2.5293082e-02  -2.7669755e-02   8.9986158e-04   5.1119120e-04   4.5239460e-04
   1.0502816e-02  -5.2653493e-02   6.1584795e-02  -2.6980520e-04   5.1180229e-04   8.5179347e-05
   2.6175546e-03  -1.7993431e-02   4.8071136e-02   1.8798299e-04   7.1793617e-04   2.0990374e-04
   7.4072896e-03  -1.5472560e-02   7.2922233e-03   1.1312220e-03   9.8584959e-04  -4.5160322e-05
   2.7709416e-03  -5.4984654e-02   6.9992762e-02   5.3791395e-04   1.0119372e-03  -5.8691119e-05
  -1.1431806e-04  -4.2674629e-02   5.8049897e-02   3.4153855e-04   8.8397177e-04  -2.9186078e-04
   5.7014543e-03  -1.1022458e-01   9.8257116e-02   4.4102772e-04   1.0890039e-03  -6.4290872e-04
   4.4646552e-03  -5.7553881e-02   6.9240748e-02   5.3750036e-04   9.1638571e-04  -1.0738578e-04
   4.9201331e-04  -9.5726075e-02   6.0909705e-02   7.8084871e-04   1.0210413e-03  -3.3771647e-04
   2.2627998e-03  -1.3935301e-01   1.4604263e-01  -9.3715777e-04   1.1625967e-03  -8.3012346e-04
   8.8058495e-03  -8.0507388e-02   5.7399424e-02   5.6231109e-04   1.1136872e-03  -1.7468607e-04
   1.3967719e-02  -1.7342966e-01   1.0033827e-01   3.9433201e-05   9.4566379e-04  -1.9930563e-04
   7.8080375e-03  -1.2453854e-01   8.7627049e-02  -1.3623369e-04   9.0296587e-04  -3.1836173e-05
   1.3717466e-02  -1.5913519e-01   4.2960765e-02   3.2372594e-04   1.0645622e-03  -3.5656123e-04
   1.1160766e-02  -1.5089557e-01   9.1178891e-02  -2.9531616e-04   8.7053540e-04  -2.9772253e-04
   1.2040664e-02  -1.0708964e-01   2.8577448e-02   1.0051285e-03   8.0146914e-04  -3.1830301e-05
   1.2024937e-02  -1.8348586e-01   6.8343850e-02   1.8006274e-04   7.0695356e-04  -1.5579425e-04
   1.7996475e-02  -1.3303592e-01   6.6676529e-02   5.4085733e-04   8.7083389e-04  -2.4463474e-05
   1.4401959e-02  -1.5680968e-01   2.3314461e-02   5.3328707e-04   6.7290956e-04   7.4953438e-05
   1.9006786e-02  -2.1313609e-01   9.3819003e-02  -4.0670406e-04   7.8881598e-04   2.6975447e-04
   3.0177376e-02  -1.1820723e-01   3.8272551e-02   1.0795310e-03   9.5582532e-04   2.4665535e-04
   1.2607872e-02  -1.5863205e-01   3.0567389e-02   1.7601998e-03   8.0065576e-04   1.3122105e-04
   1.9537107e-02  -1.9366732e-01   7.7366330e-02  -1.5664466e-04   8.9064316e-04   4.8620819e-04
   1.3064225e-02  -2.5449713e-01   9.2287516e-02  -1.2770831e-03   8.4530040e-04  -8.8492127e-05
   1.2060458e-02  -2.3453377e-01   6.4251796e-02  -1.7743756e-04   8.5495502e-04  -3.1474846e-04
   7.2165001e-03  -1.6502820e-01   5.2697450e-02   5.3116875e-04   9.2894544e-04  -2.3219661e-04
   1.8598591e-02  -1.9925015e-01   3.8894396e-02   8.2142152e-04   1.0566231e-03  -1.1983159e-04
   1.6479361e-02  -2.1330145e-01   8.6410223e-02   3.2593564e-06   8.9089426e-04   8.1073281e-05
   1.4151974e-02  -1.8036847e-01   2.2423951e-02   1.0103479e-03   1.0312168e-03   2.3472052e-04
   1.2117936e-02  -2.3583294e-01   7.9489434e-02   2.4848989e-04   8.3322413e-04   3.8670979e-05
   1.6075010e-02  -1.5078856e-01   5.1116937e-02   1.2262625e-03   8.6220968e-04   4.9250496e-04
   2.0606155e-02  -2.0580022e-01   4.5968180e-02   1.4162006e-03   6.9966291e-04   3.8595030e-04
   2.0279547e-02  -1.8659763e-01   8.9954509e-02   5.6340908e-04   7.0882560e-04   7.2187252e-04
   9.8138955e-03  -1.8455341e-01   1.3972121e-02   2.1564931e-03   6.5876758e-04   3.4761227e-04
   1.1682059e-02  -2.0463688e-01   1.1066837e-01   8.0353732e-04   8.5118156e-04   3.3580717e-04
   1.7567674e-02  -1.2335057e-01   2.9729391e-02   3.2790751e-03   7.8369120e-04   8.5918693e-04
   2.3032951e-02  -1.9734794e-01   1.1564099e-01   2.0580759e-03   1.4264634e-03   1.3072956e-04
   2.3979094e-02  -1.5360634e-01   1.8342777e-01   3.4198886e-03   1.4819578e-03   1.1681449e-04
   5.1464867e-02  -1.5439821e-01   1.4587331e-01   3.7298916e-03   2.0453087e-03  -3.3611960e-04
   3.0153423e-02  -2.3416289e-01   1.5739270e-01   8.0523607e-04   1.6442669e-03  -7.6136455e-05
   2.6175163e-02  -1.9506603e-01   7.8647790e-02   1.8901703e-03   1.6365735e-03  -2.0854741e-04
   2.7836644e-02  -2.5808408e-01   1.6258406e-01   7.2286751e-04   1.8515666e-03  -2.8735611e-04
   2.2509920e-02  -1.6305057e-01   1.2326745e-01   3.9947288e-03   1.6364686e-03  -2.1617920e-04
   2.3737696e-02  -2.4720073e-01   1.6331256e-01   2.7779393e-03   1.7315038e-03  -1.0082616e-04
   3.2861999e-02  -2.2553276e-01   2.1004252e-01   2.8051310e-03   2.2180477e-03  -3.8733112e-04
   2.1941928e-02  -2.2279740e-01   1.3525479e-01   3.7259558e-03   1.9983190e-03  -2.8139213e-05
   2.4728822e-02  -2.9461230e-01   2.1023728e-01   2.5552177e-03   2.3663351e-03  -3.5928772e-04
   3.1871934e-02  -2.0492558e-01   1.5290828e-01   4.2230814e-03   1.6422627e-03  -2.8689115e-04
   4.8950410e-02  -2.3740665e-01   1.2275736e-01   3.6983793e-03   2.3640865e-03  -3.2642962e-04
   5.1317136e-02  -2.6402981e-01   2.0718761e-01   2.2492355e-03   1.8994586e-03  -2.1061503e-04
   4.2302185e-02  -2.1684120e-01   1.0592166e-01   3.6096022e-03   2.2665384e-03  -2.8077535e-04
   4.3699620e-02  -3.1008204e-01   1.9166616e-01   1.8748838e-03   2.0724926e-03  -3.0305091e-04
   4.5330498e-02  -2.4565011e-01   1.5657229e-01   3.3190436e-03   2.3215998e-03  -3.0665064e-04
   4.8286506e-02  -2.7766167e-01   1.1595683e-01   3.4045006e-03   2.2298844e-03  -4.3372920e-04
   3.7832654e-02  -3.2086739e-01   2.0388252e-01   2.5544063e-03   2.2836458e-03  -8.0425118e-04
   4.0674108e-02  -2.5918410e-01   1.5946827e-01   3.6922959e-03   1.8646408e-03  -4.6337849e-04
   3.7280097e-02  -3.4033923e-01   1.6685022e-01   3.4659846e-03   2.2954194e-03  -8.5870079e-04
   3.0702980e-02  -3.6441099e-01   2.2794782e-01   2.1244052e-03   1.9375576e-03  -5.7193291e-04
   3.8697590e-02  -3.0606251e-01   1.1755978e-01   3.8596819e-03   2.4410265e-03  -6.2742222e-04
   3.3607897e-02  -4.0003849e-01   2.2233795e-01   1.8675921e-03   2.0513705e-03  -7.3908016e-04
   3.6324174e-02  -3.1573115e-01   1.5527961e-01   3.6879816e-03   2.1520189e-03  -5.5795896e-04
   3.2083754e-02  -3.6847939e-01   2.0393435e-01   2.9625050e-03   2.1109006e-03  -5.9268662e-04
   3.8794836e-02  -3.3282192e-01   1.9310690e-01   3.0984092e-03   2.4002701e-03  -4.3664172e-04
   3.8819565e-02  -3.6566632e-01   1.4592154e-01   3.4209165e-03   2.5191427e-03  -5.9578865e-04
   3.8282687e-02  -3.8454224e-01   1.9775693e-01   2.3817772e-03   2.1000996e-03  -1.9425284e-04
   3.3711894e-02  -4.1742122e-01   1.8716456e-01   1.7816822e-03   2.5705008e-03  -9.2764728e-04
   2.2408509e-02  -4.4498828e-01   1.7561591e-01   2.2887013e-03   2.2017537e-03  -1.1394277e-03
   6.5494085e-03  -3.8118606e-01   1.5846856e-01   2.8341371e-03   1.9951916e-03  -5.2473698e-04
   7.5194927e-04  -4.7523761e-01   1.4438051e-01   2.1126998e-03   2.4904633e-03  -1.5610033e-03
   1.2325785e-03  -4.6095758e-01   1.5762113e-01   8.4524586e-04   2.6240975e-03  -1.3480668e-03
   2.8912778e-03  -4.3065707e-01   9.2771549e-02   1.8310498e-03   2.6777948e-03  -1.1952843e-03
   7.7873632e-03  -4.5083515e-01   6.1815643e-02   2.1390533e-03   2.5439793e-03  -1.0026154e-03
   4.3928962e-03  -3.9444754e-01   1.1560326e-01   7.9733925e-04   2.2649240e-03  -6.4913659e-04
  -3.2309554e-03  -3.7481737e-01   2.0516962e-02   2.6684239e-03   2.1435970e-03  -8.5336836e-04
   4.1248828e-03  -4.3257037e-01   8.3763513e-02   1.6569292e-03   2.3389872e-03  -5.7557105e-04
   5.2278501e-04  -3.8479209e-01   8.1825796e-02   1.9680272e-03   2.0444611e-03  -4.3970499e-04
   1.2922543e-02  -4.3543203e-01   5.8787548e-02   2.7005878e-03   2.1759092e-03  -4.6757742e-04
   1.5851078e-02  -4.3852776e-01   1.2279138e-01   1.0179744e-03   2.2106877e-03  -3.7621667e-04
   1.0499116e-02  -4.3434945e-01   3.3735286e-02   1.9749728e-03   2.1630164e-03  -5.4893618e-04
   7.9694476e-03  -4.9857997e-01   1.1392924e-01   1.4030393e-03   2.4178034e-03  -7.9191428e-04
   3.4771680e-03  -4.1895477e-01   6.7026574e-02   2.3179727e-03   2.1076329e-03  -1.6804604e-04
   6.6253527e-03  -4.6103063e-01   8.3440888e-02   2.6661383e-03   2.2810323e-03  -2.8228589e-04
   3.6802941e-03  -4.4463612e-01   1.3372481e-01   1.8556570e-03   2.1506586e-03   1.1012775e-04
   4.9255880e-03  -4.2142819e-01   7.7067162e-02   3.9829990e-03   2.5230242e-03  -3.5935859e-04
   2.5975197e-03  -4.9198682e-01   1.9283880e-01   2.0976636e-03   2.6469472e-03  -7.1982141e-04
   6.3658783e-03  -4.1309757e-01   8.6520650e-02   3.9457390e-03   2.7023979e-03  -1.2251395e-04
   2.8323459e-03  -4.9059391e-01   1.5768900e-01   2.7810272e-03   2.9492303e-03  -9.1585902e-04
   1.5471954e-02  -4.1852006e-01   1.4004956e-01   3.7231359e-03   2.9298863e-03  -2.1226980e-04
   2.8478547e-02  -4.5919425e-01   1.2040172e-01   3.9486230e-03   3.3112495e-03  -2.9237336e-04
   2.3552608e-02  -4.6178799e-01   1.7290292e-01   3.3664652e-03   3.1327594e-03  -7.5981251e-04
   3.7184517e-02  -4.3050727e-01   8.7185800e-02   4.4434894e-03   3.5882325e-03  -5.0633269e-04
   5.1670183e-02  -4.6134946e-01   1.6781594e-01   3.5102733e-03   3.8429448e-03  -3.0529446e-04
   6.3848700e-02  -4.0458982e-01   9.9777383e-02   5.5025834e-03   3.8375016e-03  -7.6913358e-04
   8.4597236e-02  -4.7363827e-01   1.7146537e-01   3.9119907e-03   4.0677700e-03  -8.8832698e-04
   6.6556782e-02  -5.6052643e-01   1.9874322e-01   2.4290065e-03   4.4392271e-03  -1.2525205e-03
   5.7682802e-02  -5.0994098e-01   1.4005873e-01   3.3653648e-03   3.6951707e-03  -4.4527360e-04
   6.3201050e-02  -5.6356036e-01   1.5542257e-01   2.7852604e-03   4.3313649e-03  -1.1756418e-03
   5.2781203e-02  -5.3891425e-01   1.7594738e-01   3.2690596e-03   3.9374767e-03  -9.1005697e-04
   5.0553441e-02  -5.5695366e-01   1.5570652e-01   4.0884430e-03   3.6930371e-03  -8.8957258e-04
   5.6872372e-02  -5.9951615e-01   2.2112271e-01   2.9985570e-03   4.1161333e-03  -8.4546452e-04
   5.8109520e-02  -5.2325970e-01   1.6001773e-01   5.0575611e-03   3.6798109e-03  -7.5268133e-04
   5.6666949e-02  -6.1261820e-01   2.2467721e-01   3.6294022e-03   4.3078423e-03  -1.3098738e-03
   6.3427355e-02  -5.7198162e-01   2.4101728e-01   4.2714505e-03   3.8998086e-03  -1.2358816e-03
   7.9773690e-02  -5.6613258e-01   1.5081351e-01   5.0119738e-03   4.4228275e-03  -1.1952683e-03
   9.9345439e-02  -5.8366374e-01   2.3044183e-01   3.4241911e-03   4.3607190e-03  -1.3607353e-03
   7.4622476e-02  -5.3293873e-01   1.3281804e-01   4.8247464e-03   5.4101026e-03  -1.6593135e-03
   7.0324773e-02  -6.5780761e-01   2.0295114e-01   2.2606878e-03   5.4023727e-03  -2.1189391e-03
   7.2461775e-02  -5.5027909e-01   1.5847469e-01   3.5235842e-03   5.0977423e-03  -1.4486046e-03
   9.3857604e-02  -5.5994426e-01   1.1452858e-01   4.2623274e-03   5.3669139e-03  -1.6491661e-03
   1.2331855e-01  -6.0643980e-01   2.4690897e-01   2.6396504e-03   5.1735233e-03  -2.3368941e-03
   1.1897069e-01  -5.5610517e-01   1.6438553e-01   5.1395528e-03   5.2285471e-03  -1.9897672e-03
   1.2726587e-01  -6.2558616e-01   1.8316629e-01   2.7505430e-03   5.5236201e-03  -2.0257291e-03
   1.6327390e-01  -5.6134553e-01   1.5323523e-01   4.1004246e-03   4.8505847e-03  -2.1232389e-03
   1.5521846e-01  -7.0061483e-01   2.3322629e-01   1.8445224e-03   5.2546114e-03  -2.4363433e-03
   1.4272725e-01  -6.5246012e-01   2.3081141e-01   2.3045182e-03   5.4544928e-03  -2.7349288e-03
   1.6433682e-01  -6.4288474e-01   1.2862755e-01   4.1989649e-03   5.6554118e-03  -2.3167260e-03
   1.6329056e-01  -6.8284592e-01   2.3124206e-01   2.5854959e-03   5.2546508e-03  -2.4391689e-03
   1.9297396e-01  -6.2175266e-01   2.0220264e-01   3.0444385e-03   5.3617391e-03  -2.3766864e-03
   2.0065951e-01  -7.2063759e-01   2.3077045e-01   2.0378693e-03   5.6582033e-03  -2.5724579e-03
   2.0654373e-01  -7.0307451e-01   2.7126348e-01   1.8473246e-03   5.4818472e-03  -2.1321677e-03
   2.1031674e-01  -6.5729003e-01   1.6133891e-01   3.7774275e-03   5.9713690e-03  -2.3810061e-03
   2.0127360e-01  -6.7146608e-01   2.4069449e-01   2.8027647e-03   5.8636720e-03  -1.9878865e-03
   2.0265382e-01  -6.2704864e-01   1.9350930e-01   4.9343878e-03   5.4763474e-03  -1.8742971e-03
   2.1091455e-01  -7.0449070e-01   2.3490667e-01   3.3228547e-03   5.6209801e-03  -2.0513494e-03
   2.0179659e-01  -7.1404531e-01   2.6255244e-01   2.2253299e-03   5.2122725e-03  -2.4172048e-03
   2.0320783e-01  -6.8937403e-01   1.9304725e-01   3.0477292e-03   5.6257577e-03  -2.2133627e-03
   1.9657431e-01  -7.6265322e-01   2.3568860e-01   1.5867868e-03   5.6606724e-03  -2.2763742e-03
   1.9411657e-01  -7.0390965e-01   1.5926614e-01   3.1655440e-03   5.5322821e-03  -2.2351173e-03
   1.9613647e-01  -7.6839456e-01   2.0810593e-01   3.3089993e-03   5.6187698e-03  -2.1511246e-03
   2.0799075e-01  -7.1952104e-01   2.0255616e-01   3.6325509e-03   5.8184481e-03  -2.0570965e-03
   1.9930601e-01  -7.3695687e-01   1.8159003e-01   3.4473317e-03   5.8301062e-03  -2.3147988e-03
   1.9600594e-01  -7.3461185e-01   2.4110894e-01   3.0193642e-03   5.6429632e-03  -2.2937695e-03
   1.9819163e-01  -6.9521310e-01   1.6993939e-01   4.9555451e-03   5.6419779e-03  -2.4223408e-03
   2.0145381e-01  -7.7886468e-01   2.4498603e-01   2.8055995e-03   5.5670998e-03  -2.1666741e-03
   2.1209546e-01  -7.0109207e-01   1.7604297e-01   4.2770214e-03   5.5460454e-03  -2.0174914e-03
   2.0614013e-01  -7.6241269e-01   1.9575767e-01   3.0876967e-03   6.0951793e-03  -2.2950906e-03
   2.4050696e-01  -7.2152874e-01   2.2255039e-01   3.0891015e-03   5.9810830e-03  -1.8723730e-03
   2.1668020e-01  -8.6627678e-01   1.8827739e-01   2.8080403e-03   5.7523715e-03  -2.1303406e-03
   2.0862792e-01  -7.7906759e-01  -6.2381633e-01   6.6013318e-03   6.4020346e-03  -2.4347802e-03
   1.8401740e-01  -5.6440682e-01  -4.8835321e-01   5.5352913e-03   6.0971166e-03  -2.0613857e-03
   1.6315650e-01  -5.7324325e-01  -4.9841291e-01   5.2729501e-03   6.1947837e-03  -1.8270514e-03
   1.6213802e-01  -6.1651038e-01  -3.5770499e-01   2.9076514e-03   5.7308796e-03  -1.9190489e-03
   1.5935568e-01  -5.7476114e-01  -4.1803410e-01   4.2832672e-03   5.7839522e-03  -1.5399495e-03
   1.6790923e-01  -6.6445029e-01  -3.4743019e-01   3.2405146e-03   5.7390282e-03  -1.3500991e-03
   1.5522045e-01  -5.8908858e-01  -3.9495296e-01   3.9874427e-03   5.8413540e-03  -1.4616737e-03
   1.5861714e-01  -6.6984588e-01  -4.0333630e-01   3.3842033e-03   6.0572253e-03  -1.5485965e-03
   1.5968174e-01  -6.8969371e-01  -3.4671327e-01   2.7680651e-03   5.6922898e-03  -1.1746730e-03
   1.4992031e-01  -6.5941618e-01  -4.2031293e-01   3.9189538e-03   6.0221222e-03  -1.1959109e-03
   1.5378328e-01  -7.2936615e-01  -3.3146415e-01   2.4105419e-03   5.8396226e-03  -1.4447418e-03
   1.5453324e-01  -6.4850105e-01  -4.0149704e-01   3.8910213e-03   6.0013259e-03  -1.3083346e-03
   1.6465331e-01  -7.2253339e-01  -3.9075008e-01   3.0560529e-03   6.1773800e-03  -1.0771201e-03
   1.6331510e-01  -7.1074397e-01  -3.4153459e-01   2.9062934e-03   5.8426835e-03  -1.0998053e-03
   1.6493337e-01  -6.8862343e-01  -4.1248350e-01   4.2478894e-03   6.4516768e-03  -1.0808391e-03
   1.7444510e-01  -7.5992684e-01  -2.6511567e-01   2.3685788e-03   6.0614653e-03  -1.1283011e-03
   1.7362156e-01  -6.5782529e-01  -3.3908191e-01   4.7745574e-03   6.4243777e-03  -1.1871884e-03
   1.8511245e-01  -7.1250085e-01  -2.4888483e-01   3.7753703e-03   6.3855925e-03  -1.6359429e-03
   2.1607159e-01  -7.4387616e-01  -5.7593047e-02   4.0798094e-03   6.2294157e-03  -2.6654775e-03
   2.1434045e-01  -7.4031700e-01  -1.6510741e-01   4.1899639e-03   6.3560292e-03  -1.8277989e-03
   2.1019914e-01  -7.9447058e-01  -1.0507719e-01   3.0238627e-03   6.6781416e-03  -1.9439970e-03
   2.0376796e-01  -7.2239989e-01  -1.9369749e-01   4.2690446e-03   6.6780126e-03  -1.8852671e-03
   2.0377805e-01  -8.1630449e-01  -2.7741823e-01   3.7917049e-03   6.9034836e-03  -2.3941421e-03
   2.1235779e-01  -6.8484494e-01  -4.2643503e-01   6.8237490e-03   6.8781454e-03  -2.1617433e-03
   2.2652062e-01  -7.8789208e-01  -3.0678733e-01   4.9781878e-03   6.8131760e-03  -1.6535056e-03
   2.1650226e-01  -7.1717260e-01  -3.3338443e-01   4.7216293e-03   6.7489946e-03  -1.7884941e-03
   2.1264946e-01  -7.6208275e-01  -3.5001599e-01   5.7038658e-03   6.7835149e-03  -1.4413372e-03
   2.1189665e-01  -7.9574794e-01  -2.2663822e-01   4.2678450e-03   6.8461354e-03  -1.7434605e-03
   2.1749342e-01  -7.1883601e-01  -2.2201212e-01   6.2231039e-03   7.2582226e-03  -1.8725513e-03
   2.2391380e-01  -8.3732645e-01  -1.1999370e-01   3.9452189e-03   6.8524683e-03  -1.5913219e-03
   2.2507732e-01  -8.2432742e-01  -4.5502507e-02   4.2358802e-03   7.1931226e-03  -1.9928153e-03
   2.3304612e-01  -7.6513689e-01  -1.4335781e-01   5.4392638e-03   8.1085794e-03  -1.7983446e-03
   2.3406547e-01  -8.6083558e-01   1.0758687e-02   3.8073092e-03   7.2565703e-03  -1.7629771e-03
   2.6178641e-01  -7.7409057e-01  -6.7853248e-02   6.5826009e-03   7.7820033e-03  -1.8721284e-03
   2.7636146e-01  -8.3492771e-01   1.3961954e-02   3.5609096e-03   8.1573284e-03  -2.8173762e-03
   2.5505769e-01  -7.4951631e-01  -1.2564791e-01   6.5470375e-03   7.4115610e-03  -3.0899541e-03
   2.6843296e-01  -8.7657008e-01  -4.6872739e-02   3.6902136e-03   7.8894759e-03  -2.7376263e-03
   2.6769091e-01  -7.9175743e-01  -2.5240673e-02   5.0292870e-03   8.0070509e-03  -2.6926710e-03
   2.8081014e-01  -8.1326777e-01  -7.7497352e-02   5.3582208e-03   8.6059603e-03  -2.8438284e-03
   2.9465656e-01  -8.4977577e-01   1.3485215e-01   4.1952542e-03   7.4612995e-03  -3.2558634e-03
   2.9391772e-01  -7.9108873e-01   1.6481797e-02   7.1300127e-03   7.7493128e-03  -3.3978473e-03
   2.8308899e-01  -9.4332172e-01   1.3546246e-01   3.3512541e-03   7.5181195e-03  -3.2128333e-03
   2.7552273e-01  -8.8261642e-01   1.3157629e-01   4.8082942e-03   7.6445348e-03  -3.3469301e-03
   3.0790387e-01  -8.7573310e-01   1.8718946e-02   5.7521792e-03   7.0558456e-03  -2.8252609e-03
   3.0247884e-01  -9.6385690e-01   1.6328752e-01   3.1391405e-03   7.5075563e-03  -2.8202311e-03
   2.9251186e-01  -8.8035278e-01   7.6663489e-02   6.3302878e-03   7.5634213e-03  -3.0548790e-03
   2.9337465e-01  -9.9106273e-01   1.6922138e-01   2.8189322e-03   8.0379912e-03  -3.3707020e-03
   2.8735493e-01  -8.8031889e-01   2.5352360e-02   6.1745210e-03   7.6515479e-03  -3.7267365e-03
   3.1640586e-01  -9.9196996e-01   1.1465256e-01   3.1599680e-03   7.1660034e-03  -3.2241163e-03
   3.0960877e-01  -9.4435995e-01   1.0287745e-01   4.5501334e-03   7.4422904e-03  -2.8670469e-03
   3.1626980e-01  -1.0003145e+00   5.7782310e-02   4.4579096e-03   7.7714681e-03  -3.1603262e-03
   3.1126125e-01  -9.9702571e-01   1.0916286e-01   3.5347109e-03   7.7591515e-03  -3.1618601e-03
   2.9619108e-01  -9.7015256e-01  -2.8920548e-03   5.5284468e-03   7.7209939e-03  -3.1273813e-03
   3.0364082e-01  -1.0056572e+00   9.7194335e-02   3.7725565e-03   7.6207041e-03  -2.9513428e-03
   3.1080873e-01  -9.4386922e-01   2.2553132e-02   5.6050984e-03   7.8301315e-03  -2.7459692e-03
   3.1862107e-01  -1.0484960e+00   1.7272449e-01   2.5908356e-03   7.5983023e-03  -2.8540436e-03
   3.1616393e-01  -9.5419945e-01   9.2655092e-02   5.4434883e-03   7.4499325e-03  -3.3318226e-03
   3.2338763e-01  -1.0403239e+00   1.0264070e-01   4.1270869e-03   8.0329685e-03  -3.5210093e-03
   3.3799307e-01  -9.8091553e-01   1.0949512e-01   4.9713767e-03   7.4691771e-03  -3.0930324e-03
   3.2531621e-01  -9.6939753e-01   2.9374725e-02   4.4607400e-03   7.9207909e-03  -3.4000114e-03
   3.4255160e-01  -1.0508856e+00   2.1588148e-01   1.7217329e-03   6.8989741e-03  -3.4173172e-03
   3.4312950e-01  -1.1625015e+00   1.3597193e-01  -1.7616607e-04   7.3035948e-03  -3.7323453e-03
   3.4494911e-01  -1.1269409e+00   3.0586550e-02   4.8183532e-04   6.9375019e-03  -2.9883009e-03
   3.2306007e-01  -1.0459827e+00  -1.9019261e-05   1.9131497e-03   6.8829813e-03  -3.4512455e-03
   3.2434299e-01  -1.0594386e+00  -4.5791981e-02   2.7381073e-03   6.8250318e-03  -3.2246921e-03
   3.2143056e-01  -1.0779017e+00   2.9379918e-02   1.8041899e-03   6.7684054e-03  -3.0999302e-03
   3.3664029e-01  -1.0317005e+00  -3.4647172e-02   4.0396229e-03   7.2005341e-03  -2.5463137e-03
