   0.0000000e+00   0.0000000e+00   0.0000000e+00   0.0000000e+00   0.0000000e+00   0.0000000e+00
  -2.2508771e-03  -9.3963489e-03   2.3245488e-02  -1.9839150e-04  -2.3257460e-04   2.3182326e-05
   1.6942616e-02  -4.2836643e-02   2.9394691e-02   1.1116624e-03  -4.0139319e-04   1.5307451e-04
   1.0051543e-02  -3.4994815e-02   9.8633211e-03   1.8662658e-04  -2.2921574e-04   2.7549643e-04
  -4.4601131e-03  -4.1963761e-02   4.3889912e-02   5.5073519e-04  -2.7185519e-04   3.6107898e-04
   1.1519614e-02  -4.0477597e-02   1.6749652e-02   8.1018975e-04  -7.2304792e-04   3.2610858e-04
  -1.4887277e-03  -3.9181081e-02   2.4829581e-02   3.4902730e-04  -7.3985315e-04   1.4902192e-04
  -4.2763234e-03  -3.9499577e-02   1.8150577e-02   2.4755011e-04  -4.3820359e-04   3.1891795e-04
  -1.5269291e-02  -6.5862039e-02   1.4993960e-02   3.2859833e-05  -2.7215223e-04   1.8478762e-04
   2.9479366e-03  -5.9301151e-02   3.6561367e-02   6.7032520e-04  -5.4671852e-04   2.2475360e-04
  -3.7567537e-03  -7.2061886e-02   1.3455528e-02   9.2505667e-04  -2.9321649e-04   2.9504338e-04
  -1.7087039e-02  -7.1708465e-02   3.4491093e-02   5.4777572e-04  -2.1886964e-04   3.6560636e-04
  -1.0982287e-02  -8.0072308e-02   2.8938013e-02   9.3377852e-04   1.2653586e-04   9.8984360e-06
  -1.9196844e-02  -2.9635532e-02   6.0885451e-02  -5.6254592e-04   8.5910432e-05  -2.8516095e-05
  -1.5126953e-03  -6.7699405e-02   4.5899573e-02   2.2818457e-04  -3.4921665e-04  -3.8382254e-05
  -2.8672072e-03  -8.9534125e-02   3.4324423e-04   8.5348554e-04  -2.4863140e-04  -1.5672968e-04
  -2.1357070e-02  -7.8330326e-02   2.9761358e-02  -7.1711929e-05   1.6148093e-04   9.2098647e-06
  -1.4615928e-02  -9.6875566e-02   3.1447762e-02   1.1759442e-03   1.0593118e-04   6.4932754e-05
  -1.6407142e-02  -9.4351876e-02   2.9024673e-02   3.7488632e-04   1.1098248e-04   5.1399628e-05
  -5.2357110e-03  -1.1074502e-01   5.9965479e-02   8.5241189e-04  -1.2132048e-04   1.9547923e-04
  -1.1720835e-02  -1.2573864e-01   1.4303755e-02   1.0688264e-03   2.5463282e-06   2.4497984e-04
  -9.2526410e-03  -1.1507248e-01   2.2818798e-02   6.9668285e-04  -2.8058325e-05   3.5675914e-04
   5.8744387e-03  -1.2002693e-01   3.1694359e-02   1.3468550e-03  -9.4367204e-05   3.8410119e-04
  -5.1665011e-03  -1.3413442e-01   8.0868032e-03   1.3634610e-03   1.8589786e-04   4.1472794e-04
   3.3479066e-03  -1.3770249e-01   4.3282228e-02   1.0156335e-03   9.4368012e-05   4.6085511e-04
   6.2604680e-03  -1.4851061e-01   2.7494889e-02   1.6082487e-03   1.9773607e-04   5.3878256e-04
   2.2292709e-04  -1.6006479e-01   2.8342793e-02   1.1394251e-03   6.9953132e-04   9.9766387e-04
   5.8185113e-03  -1.6314013e-01   4.3122556e-02   1.6874256e-03   1.9774893e-04   1.0725967e-03
   1.0506488e-02  -1.8001261e-01   1.2979802e-02   1.8973589e-03   2.9507783e-04   7.9722243e-04
   1.2052488e-03  -1.7212177e-01   5.6792208e-02   1.1039840e-03   1.5849655e-04   5.9473604e-04
  -2.2367884e-02  -2.1011046e-01  -1.6865019e-02   2.1369326e-03   8.3708686e-04   6.0967260e-04
  -1.9542674e-02  -2.6426744e-01   5.8795436e-02   1.2818176e-03   1.0723364e-03  -1.5087226e-04
  -6.8339499e-02  -1.5457501e-01   8.6453192e-02  -8.0481003e-04   2.4089032e-03  -1.3534355e-03
  -3.4983865e-02  -2.2679970e-01   1.0201208e-01  -5.1368162e-04   1.9256567e-03   2.4592986e-04
   3.6591640e-03  -3.1876420e-01   2.2605377e-01  -9.2228701e-04  -2.9050602e-04   2.2495287e-03
   5.3721367e-03  -2.5814200e-01  -6.2718930e-02  -2.2652448e-03  -3.5883614e-04   1.7717380e-04
   9.2168139e-02  -3.6576371e-01   2.5300885e-03  -1.4527854e-04  -3.2003391e-04   1.2488550e-03
  -4.4395633e-02  -3.2579160e-01   1.8953037e-01   1.2074758e-03   3.0982914e-04   7.2006059e-04
  -2.6655148e-02  -2.9679493e-01   8.6279003e-02   2.1907734e-03   5.6113028e-05   9.5935640e-04
  -4.0026438e-02  -2.9367479e-01   3.3591262e-03   2.0846035e-03   4.6412088e-04   1.0288303e-03
  -1.7144268e-03  -2.7499780e-01   6.8174316e-02   1.5013077e-03  -9.0629212e-05   1.4998194e-03
   6.1078461e-03  -2.9345129e-01   1.6883944e-02   2.0969714e-03  -1.5618608e-04   1.4423101e-03
   1.1155477e-02  -2.7483242e-01   3.1388640e-02   1.2354758e-03  -2.2882863e-05   1.5476882e-03
  -1.6885779e-02  -3.2092467e-01   4.9097905e-02   1.9918764e-03  -1.2376607e-04   8.0709823e-04
  -3.3236016e-02  -3.1158359e-01   7.6796315e-02   9.8140739e-04   6.2167988e-04   6.2551089e-04
  -2.2399312e-02  -3.1817332e-01  -6.9592608e-02   2.2699469e-03   5.3336711e-04   9.7384778e-05
   1.1289214e-02  -3.2154704e-01  -1.4498841e-02   2.4024845e-03  -6.4678720e-05   4.7906085e-04
   1.8976844e-03  -3.2391517e-01  -5.9403936e-02   3.0667705e-03   9.7966102e-05   6.5071198e-04
  -7.8602346e-03  -3.3090997e-01  -1.1852232e-02   1.6198410e-03   2.9509035e-04   6.4852373e-04
  -3.4715088e-03  -3.6321517e-01   1.3549757e-02   2.2573878e-03  -1.8520574e-05   4.5565594e-04
  -6.5402661e-02  -4.0447616e-01  -1.4693429e-03   2.3540848e-03   4.8008481e-04   3.9740235e-04
   1.3626705e-02  -5.0806273e-01   3.2982800e-01   8.7483768e-04  -1.8183740e-03  -3.4067705e-03
   1.6311929e-01  -5.1762221e-01   9.9952602e-01  -5.3412459e-03  -3.1612550e-03  -3.2085676e-03
   3.2741642e-01  -4.0559567e-01   1.0532131e+00  -5.8789672e-03  -3.6953179e-03  -2.7177809e-03
   2.5743022e-01  -5.0034780e-01   8.3151165e-01  -2.5505499e-03  -2.0551829e-03  -1.7344276e-03
   1.0616033e-01  -5.1218413e-01   6.4169582e-01   1.8144948e-04  -7.9366016e-04   7.2297355e-04
   9.9376873e-02  -4.5017491e-01   4.7602948e-01   8.2754311e-04  -1.3989369e-03   1.0730526e-03
   7.3322325e-02  -4.4608311e-01   5.5739639e-01  -5.5031790e-04  -3.6825106e-04   1.2117159e-03
   6.8693903e-02  -3.5950534e-01   4.5133453e-01  -1.4271651e-03  -6.5309499e-04   1.6696411e-03
   6.0106898e-02  -3.3379648e-01   4.4814189e-01  -1.9744565e-03  -8.4960054e-04   1.7002046e-03
   2.0954912e-02  -4.3332381e-01   4.9168048e-01  -1.3306900e-03   1.5705793e-05   1.1148128e-03
  -5.1153775e-03  -5.4511978e-01   3.3672601e-01   2.5403169e-04   1.5361162e-03   7.6699506e-04
   7.3750484e-02  -5.2396787e-01   4.2885007e-01  -7.9538724e-04   4.4621323e-04   1.2598887e-03
   7.3423299e-02  -4.4011551e-01   4.2753636e-01  -2.5085951e-03   4.9654912e-04   1.4216109e-03
   7.3522245e-02  -4.9670923e-01   4.4592660e-01  -1.3641753e-03   1.8607124e-04   1.0396597e-03
   5.8308947e-02  -5.0606229e-01   3.9961710e-01  -5.6978900e-04   8.6200136e-05   6.1632713e-04
   5.8050236e-02  -4.8036091e-01   4.4982852e-01   2.1043743e-04  -4.4589505e-06   8.9202127e-04
   5.5445969e-02  -4.4197864e-01   4.4760299e-01   5.3469076e-05   2.9341500e-05   1.3804579e-03
   1.5696416e-02  -4.8333343e-01   4.6479049e-01   2.8143734e-04   9.2556609e-04   1.3740307e-03
   4.0347729e-02  -4.7098100e-01   4.9221725e-01   4.0104949e-04   8.4519519e-04   1.6180490e-03
   2.1203154e-02  -4.8323438e-01   4.4818797e-01   7.2676509e-04   7.6267566e-04   1.9339179e-03
   2.1723459e-02  -4.9302824e-01   4.9463653e-01   4.9574803e-04   7.0781309e-04   2.0626158e-03
  -2.4065357e-02  -5.1380531e-01   3.5463398e-01   9.4914647e-04   1.2827381e-03   1.7997736e-03
  -8.1033013e-03  -4.5411645e-01   3.6810791e-01  -1.4078548e-04   8.8130467e-04   2.0947496e-03
  -7.1601921e-03  -4.9660330e-01   5.0632952e-01  -8.8459611e-04   1.2777434e-03   2.3793417e-03
  -1.2703382e-02  -4.9386424e-01   4.7236425e-01  -3.6423597e-04   1.4449325e-03   2.7603577e-03
  -1.0222687e-02  -4.8470981e-01   5.1132043e-01  -5.2699988e-04   1.0188380e-03   2.3343276e-03
  -2.3207840e-02  -5.2045153e-01   5.0694194e-01   5.0708104e-04   1.2650697e-03   1.9972483e-03
  -8.9947430e-03  -5.1153957e-01   5.7343698e-01   3.4193638e-04   1.2467778e-03   2.4697053e-03
  -2.7130814e-02  -5.1876075e-01   5.7385605e-01   1.9359533e-04   1.7520313e-03   2.2552628e-03
  -4.1061200e-02  -5.2400184e-01   5.5822942e-01   9.9687091e-06   1.8083796e-03   2.3441291e-03
  -3.6387360e-02  -5.0286441e-01   5.6650297e-01   6.0381386e-04   1.7674517e-03   2.2086799e-03
  -4.5049574e-02  -5.1861409e-01   5.8053761e-01   9.3411214e-04   2.0556125e-03   2.1797196e-03
  -2.3517186e-02  -5.3375121e-01   6.3884429e-01   1.1705785e-03   1.1031418e-03   2.4327421e-03
  -4.9934440e-02  -5.6389221e-01   5.4806610e-01   6.8978122e-04   2.7242602e-03   2.1366129e-03
   2.6437419e-02  -5.5619169e-01   4.6408947e-01   1.4786517e-04   1.1867014e-03   1.9956027e-03
   1.0708689e-01  -6.4628012e-01   6.5572112e-01   1.2411281e-04  -1.2616578e-05   1.3362345e-03
  -5.1595218e-03  -9.0613676e-01   1.1677413e+00  -1.9304021e-03   2.9427760e-04  -2.1881774e-04
   1.3410310e-01  -8.9025193e-01   1.3982221e+00  -4.9916609e-03  -5.5687064e-04   1.3807736e-03
   9.0069366e-02  -8.6211903e-01   1.0663457e+00  -7.7122525e-04  -8.2636810e-04   2.8992803e-03
  -1.7484836e-03  -8.5766285e-01   8.2224244e-01   1.5868461e-03   6.6865251e-04   1.7855963e-03
  -1.4553794e-03  -7.6967593e-01   8.3641385e-01   6.9044410e-04   1.0751741e-03   2.2865504e-03
  -4.4066557e-02  -7.6327041e-01   7.6587386e-01  -3.7632006e-05   1.3291698e-03   1.9071966e-03
  -2.2674577e-02  -7.5276149e-01   8.0545347e-01   9.1256219e-05   6.7624215e-04   1.9728345e-03
  -2.8976594e-02  -7.2930229e-01   6.8207859e-01   4.8987896e-04   9.6103208e-04   1.8945443e-03
  -1.6286701e-02  -7.1461254e-01   7.1930525e-01  -3.4240327e-05   9.2818222e-04   1.9067359e-03
  -4.1033955e-03  -6.8646947e-01   6.9345024e-01   3.5858497e-04   8.2761987e-04   2.2095045e-03
  -8.1705230e-02  -7.6037978e-01   6.5309015e-01   4.4662671e-04   2.3731832e-03   1.2777418e-03
  -9.3242558e-02  -9.0685746e-01   3.5569063e-01   2.6991363e-03   2.7708765e-03   1.3262702e-03
   5.8718594e-04  -8.8774500e-01   6.1903800e-01   4.4134289e-04   1.5979102e-03   1.4356792e-03
  -6.8241239e-02  -8.0671525e-01   5.5977556e-01  -7.3470791e-04   2.4774188e-03   1.5009587e-03
  -5.9621364e-02  -7.7287761e-01   5.1097954e-01   1.5246579e-04   1.8635590e-03   1.3487154e-03
  -8.8046602e-02  -8.0790732e-01   3.8612670e-01   1.5235469e-03   1.8657477e-03   4.7532053e-04
  -8.0305214e-03  -8.3228213e-01   4.7918735e-01   1.7463502e-03   1.4202535e-04   2.0824283e-03
  -1.2300484e-02  -8.1775201e-01   6.0323913e-01   2.4179216e-03   6.6806620e-04   2.6088813e-03
  -3.8817167e-02  -7.8105301e-01   6.0800622e-01   2.0734185e-03   1.6016664e-03   2.8050260e-03
  -9.3044159e-02  -7.5045525e-01   5.9843636e-01   1.1499572e-03   1.6933428e-03   2.8581388e-03
  -6.6566354e-02  -7.7551638e-01   5.8789148e-01   1.8022737e-03   1.6701962e-03   3.0302233e-03
  -6.8415919e-02  -7.6104395e-01   5.9957697e-01   1.0823176e-03   1.4524588e-03   2.5639539e-03
  -5.1845972e-02  -8.0392360e-01   6.3475226e-01   1.2205691e-03   9.8135288e-04   2.9417455e-03
  -5.9859954e-02  -7.8519910e-01   6.0928021e-01   1.9459992e-03   3.1252001e-04   1.9953423e-03
  -9.1414074e-02  -7.8391442e-01   5.5847370e-01   1.5638739e-03   4.7179503e-04   1.6753719e-03
  -9.2439039e-02  -7.9245456e-01   6.1291982e-01   1.0074759e-03   9.6496817e-04   1.8583407e-03
  -1.1151312e-01  -8.1355663e-01   6.2636557e-01   1.9727567e-04   1.2193516e-03   2.1539891e-03
  -9.2449861e-02  -7.8492219e-01   5.7309208e-01   1.0267626e-03   4.7918648e-04   2.0026575e-03
  -1.1360842e-01  -7.5923547e-01   5.2108894e-01   1.1738118e-03   2.0597538e-04   1.9612886e-03
  -1.1928201e-01  -7.6712922e-01   5.5012520e-01   1.3588812e-03   2.1643267e-04   1.3871547e-03
  -1.4272668e-01  -7.8110088e-01   5.1993924e-01   1.1910451e-03   8.4957454e-04   1.4210635e-03
  -1.2961361e-01  -7.7839737e-01   5.2863822e-01   7.4599437e-04   6.3909788e-04   1.7000896e-03
  -1.4747667e-01  -8.1283846e-01   5.0060627e-01   1.4846558e-03   8.8344189e-04   1.7695359e-03
  -1.5734075e-01  -8.1737334e-01   5.1641408e-01   1.7016340e-03   8.7508286e-04   1.5744297e-03
  -1.6009362e-01  -7.8774335e-01   4.8430463e-01   1.5121537e-03   8.4698240e-04   1.3551875e-03
  -1.4722325e-01  -8.3167996e-01   4.9294751e-01   1.6717158e-03   6.6602456e-04   1.1670039e-03
  -2.1971097e-01  -8.6397246e-01   4.6597467e-01   1.2298000e-03   2.9472656e-03  -3.2895353e-04
  -1.5110536e-01  -8.1572570e-01   4.4611406e-01   1.1727512e-03   1.7007331e-03   8.2885953e-05
  -1.9859088e-01  -8.6674832e-01   3.7407173e-01   9.9703456e-04   2.6598784e-03   1.0792728e-03
  -2.5923274e-01  -9.5253606e-01   4.9271210e-02   2.5384886e-03   1.0003197e-03   2.9890000e-03
  -1.3010938e-01  -9.2292803e-01   5.2497815e-01  -1.3036332e-03   4.3981507e-05   1.4235055e-03
  -4.5677139e-02  -8.1103041e-01   3.3920533e-01  -2.7147526e-03  -1.5782896e-03   3.7388848e-03
  -1.4823198e-01  -9.6695856e-01   3.9309888e-01   2.4544906e-03  -7.2676277e-04  -2.3741188e-04
  -2.1772464e-01  -1.0424733e+00   1.6992337e-01   4.1658395e-03   5.1522612e-04  -2.8904626e-04
  -1.8588510e-01  -9.9221287e-01   2.8970923e-02   4.8317684e-03  -3.3427049e-04  -4.7542036e-04
  -1.7742820e-01  -9.1736000e-01   1.5225710e-01   2.5439346e-03  -7.6496479e-04  -2.0219452e-04
  -1.7626739e-01  -8.9135903e-01   2.7025020e-01   1.2706047e-03  -4.0831529e-04  -1.9736848e-03
  -1.5235142e-01  -9.2494748e-01   3.4645265e-01   1.2774866e-03  -1.0722561e-03  -8.6225206e-04
  -1.7455494e-01  -9.3229754e-01   3.3706179e-01   1.9874209e-03  -5.0585026e-04  -4.8129260e-04
  -1.7523421e-01  -9.4215752e-01   3.7250822e-01   1.1355299e-03  -4.5928720e-04  -5.5899547e-04
  -1.7435742e-01  -9.5809312e-01   3.3510099e-01   1.9972357e-03  -3.9164029e-04  -5.0293812e-04
  -1.5274104e-01  -9.2317162e-01   3.5405113e-01   8.8971689e-04  -8.8518868e-04  -3.7747547e-05
  -1.5347109e-01  -9.4113798e-01   3.3005762e-01   1.8532313e-03  -8.0060091e-04  -2.7652591e-04
  -1.5170277e-01  -9.5631880e-01   2.9802736e-01   1.6335825e-03  -9.8238320e-04  -2.6598234e-04
  -1.5025309e-01  -9.5677423e-01   3.0752707e-01   1.9120201e-03  -1.0417648e-03  -4.7484642e-05
  -1.5192083e-01  -9.4455697e-01   2.5673988e-01   2.2350225e-03  -1.0049756e-03  -1.3255927e-04
  -1.3843898e-01  -9.6034843e-01   2.6913239e-01   1.7282304e-03  -1.1315872e-03  -5.8800348e-05
  -1.5555448e-01  -9.6693242e-01   2.4256211e-01   2.4651101e-03  -9.6695959e-04   1.0261262e-04
  -1.4828024e-01  -9.6161857e-01   2.3985287e-01   2.0800953e-03  -1.2112737e-03   3.3736332e-04
  -1.4727942e-01  -9.7469807e-01   2.6269663e-01   1.7672501e-03  -1.1370843e-03   3.5530067e-04
  -1.6786940e-01  -9.9832791e-01   1.8552850e-01   2.1123086e-03  -9.6017603e-04   3.5449507e-04
  -1.7764201e-01  -9.8340535e-01   9.5908909e-02   3.0512990e-03  -8.7281566e-04  -1.1280122e-04
  -1.8683072e-01  -1.0013022e+00   2.1201395e-01   2.4140038e-03  -5.8053403e-04  -3.7890571e-04
  -1.9666262e-01  -1.0179197e+00   2.3998782e-01   1.9474854e-03  -2.6637853e-04  -6.3055114e-04
  -1.8623872e-01  -9.3342958e-01   2.6425630e-01  -3.1810515e-04  -1.2947725e-04  -3.2850674e-04
  -1.6918026e-01  -9.8466330e-01   3.0066472e-01   1.3502350e-03  -6.8546616e-04   1.0722655e-04
  -1.8919845e-01  -1.0133992e+00   2.5847538e-01   1.7032504e-03  -5.3801867e-04  -3.9917125e-04
  -1.6430342e-01  -1.0310719e+00   2.8954101e-01   2.2819013e-03  -1.0075769e-03   5.3877462e-04
  -1.9912200e-01  -1.0399357e+00   1.2725990e-01   3.2583202e-03  -4.4118972e-04  -1.9280772e-04
  -1.6355889e-01  -1.0189366e+00   2.0166139e-01   3.0194739e-03  -1.2004569e-03   4.9890857e-04
  -2.2048310e-01  -1.0751111e+00   2.3399376e-01   2.5426078e-03   6.4779132e-05  -2.2318514e-04
  -1.2882691e-01  -1.2190222e+00   6.2886610e-01   1.6948096e-03   3.9824059e-04   1.4445294e-03
  -9.0280991e-02  -1.2166598e+00   6.0074294e-01   1.5693040e-03   6.4780049e-04   3.8056733e-04
  -8.1726897e-02  -1.1828168e+00   4.2173139e-01   2.0378434e-03   2.8031243e-04  -4.7236597e-04
  -7.4837072e-02  -1.1849854e+00   3.5804956e-01   3.5115959e-03  -3.0012897e-04  -4.2547771e-04
  -7.6006713e-02  -1.1741078e+00   4.1451928e-01   3.3577897e-03  -4.3838863e-04   1.0618558e-04
  -6.2403154e-02  -1.1288999e+00   4.4632194e-01   3.0504591e-03  -5.1799418e-04   6.4909295e-04
  -6.2136245e-02  -1.1712864e+00   3.3938027e-01   3.3429347e-03  -9.7180899e-04   8.4972585e-04
  -4.0461533e-02  -1.1281705e+00   3.7522810e-01   3.6266064e-03  -1.5303067e-03   1.6765039e-03
  -6.8273496e-02  -1.1661864e+00   4.3071166e-01   1.5823481e-03  -5.8950411e-04   1.5610773e-03
  -3.2212395e-02  -1.1784310e+00   5.1912756e-01   2.1062289e-03  -1.0275163e-03   2.3095145e-03
  -4.7898929e-02  -1.1584497e+00   5.2648931e-01   2.0833675e-03  -1.0126961e-03   2.3786149e-03
  -2.6471962e-02  -1.1682789e+00   5.8877184e-01   1.8193133e-03  -1.4498147e-03   2.4183282e-03
  -8.6215162e-03  -1.1679990e+00   5.7084103e-01   2.2511698e-03  -1.6101450e-03   2.5396204e-03
  -2.6128100e-02  -1.1965946e+00   6.1186988e-01   1.8499811e-03  -1.1705391e-03   2.3684208e-03
  -3.2208345e-02  -1.1908308e+00   4.4811959e-01   3.0595187e-03  -1.4647110e-03   2.4416305e-03
  -3.7998281e-02  -1.1784173e+00   4.1795250e-01   2.6836055e-03  -1.2734637e-03   2.4183562e-03
  -3.0858419e-02  -1.1907740e+00   4.3763994e-01   3.2354128e-03  -1.4139719e-03   2.7021650e-03
  -2.8148245e-02  -1.2016141e+00   4.4284731e-01   3.0706641e-03  -1.3400282e-03   2.5666463e-03
  -2.0100607e-02  -1.2052202e+00   4.6168899e-01   3.3722013e-03  -1.4566117e-03   2.6900184e-03
  -5.7805409e-02  -1.2182522e+00   4.4960109e-01   2.2467574e-03  -7.8733902e-04   2.3196932e-03
  -4.2115256e-02  -1.2219765e+00   4.7132958e-01   2.4507689e-03  -1.0252974e-03   2.5154809e-03
  -2.7374678e-02  -1.2311059e+00   4.6818012e-01   3.0728888e-03  -1.1814210e-03   2.6066589e-03
  -3.4584869e-02  -1.2137576e+00   4.7717200e-01   2.7071445e-03  -8.3579001e-04   2.6993383e-03
  -3.4988838e-02  -1.2373769e+00   5.1311607e-01   2.4491863e-03  -3.4846546e-04   2.5771404e-03
  -3.8361925e-02  -1.2350828e+00   4.7437127e-01   2.5183529e-03  -3.6943124e-04   2.9761291e-03
  -1.7107828e-02  -1.2300897e+00   5.0462262e-01   2.5607352e-03  -7.4046942e-04   3.0493193e-03
  -2.7085672e-02  -1.2701727e+00   4.4923427e-01   2.7296427e-03  -7.7574944e-04   2.7693903e-03
  -1.6102282e-02  -1.2304310e+00   5.2916271e-01   1.8566944e-03  -1.2940816e-03   2.9781554e-03
  -6.4093629e-03  -1.2719378e+00   5.6822414e-01   1.1373833e-03  -1.2295865e-03   3.1744259e-03
   3.6595432e-03  -1.3066146e+00   5.5472635e-01   3.0106565e-03  -1.1233596e-03   3.2144823e-03
  -7.0768760e-03  -1.3416702e+00   5.7833726e-01   2.7767352e-03  -9.9342873e-04   3.0395296e-03
  -1.2088016e-02  -1.3517217e+00   6.0558264e-01   2.7156427e-03  -9.1862997e-04   2.7543037e-03
   1.4040875e-02  -1.2769941e+00   6.2681150e-01   1.1574520e-03  -1.4871155e-03   2.5237440e-03
   2.5314397e-03  -1.3213439e+00   7.6863959e-01   7.3613146e-04  -9.5703180e-04   2.9379476e-03
   7.9567812e-03  -1.3497504e+00   7.2130632e-01   1.8679815e-03  -1.0062942e-03   2.7016367e-03
   2.0856776e-02  -1.3571379e+00   7.5573488e-01   1.1994618e-03  -1.5139119e-03   2.9804831e-03
   1.2433583e-02  -1.3452592e+00   7.7218343e-01   2.0413868e-03  -1.2731573e-03   2.8787414e-03
   4.9515694e-03  -1.3497936e+00   7.4147831e-01   2.1099165e-03  -1.2826609e-03   2.6316922e-03
   2.0484832e-02  -1.3172148e+00   8.4100089e-01   1.6709638e-03  -1.7497587e-03   3.3902768e-03
  -1.6080903e-02  -1.3163332e+00   7.7850394e-01   2.4175455e-03  -1.8401141e-03   3.1936997e-03
  -4.6527792e-02  -1.3577948e+00   9.0240783e-01   2.3782307e-03  -1.3704057e-03   3.2438482e-03
  -6.0637635e-02  -1.3674194e+00   8.7857797e-01   2.9167694e-03  -9.7166458e-04   2.9339432e-03
  -2.2485315e-02  -1.3947628e+00   9.6565135e-01   2.2962787e-03  -1.9265253e-04   3.2895805e-03
  -3.8686036e-02  -1.4152884e+00   9.4612020e-01   1.6143988e-03   1.1121326e-04   3.1257373e-03
  -3.6147211e-02  -1.4313648e+00   8.9579073e-01   2.6017196e-03   2.0698041e-04   3.6458069e-03
  -4.8657508e-02  -1.4309447e+00   9.2888155e-01   2.4690824e-03   5.2502872e-04   3.5750829e-03
  -6.0482930e-02  -1.4533162e+00   8.6570694e-01   3.2909595e-03   5.5000123e-04   3.6306385e-03
  -2.5968753e-02  -1.4417885e+00   9.6215407e-01   2.4515531e-03  -1.6367431e-04   3.8060435e-03
  -4.3503108e-02  -1.4720215e+00   9.1053106e-01   3.3577827e-03   2.1512141e-04   3.7442601e-03
  -3.1467177e-02  -1.4507080e+00   9.7818542e-01   2.4889414e-03   2.2002016e-04   3.8913940e-03
  -2.9101087e-02  -1.4577537e+00   9.0145142e-01   3.1618162e-03   7.5409234e-05   3.9777458e-03
  -3.3665541e-02  -1.4793048e+00   9.3338945e-01   2.7648079e-03   3.1054792e-04   3.8394645e-03
