   0.0000000e+00   0.0000000e+00  -7.1054274e-15  -8.6736174e-19   1.3877788e-17   1.2037062e-35
  -6.2118128e-03   8.3703158e-03  -3.2154545e-02   5.1011962e-05   8.2542845e-05   1.0362944e-04
  -1.4975770e-02   1.5075615e-02  -7.0025507e-02   5.0450185e-04   4.5249580e-06  -5.6291154e-04
  -1.0548083e-02   3.6689928e-02  -5.5101278e-02   2.7245346e-04  -6.0841949e-05  -2.6744467e-04
   1.6601776e-02   3.2313931e-02  -9.9475783e-02   7.7796338e-04  -4.7401963e-04   4.0307190e-04
   1.7656873e-02   3.5305263e-02  -2.6267967e-02   2.3497388e-04  -5.9797316e-04   2.5368405e-04
  -1.4710729e-02   2.4556967e-02  -4.4137906e-02  -2.5230342e-04  -2.1930291e-04  -1.2658073e-05
  -2.1989519e-03   3.2305755e-02  -6.4956949e-02   4.8026006e-04  -1.3360867e-04   5.8662065e-04
  -1.7945168e-02   1.5167080e-02  -9.3008129e-02   5.0508847e-04  -1.0885130e-05  -1.5276774e-04
   8.5778807e-03   3.4891971e-02  -1.2015158e-01   1.3953999e-03  -2.9821783e-04   8.0360471e-04
   1.1086955e-03   2.7769676e-02  -8.4873164e-02   9.0874323e-04   5.1042658e-05   5.3447950e-04
  -2.6400266e-02  -2.6023245e-02  -4.7041553e-02  -1.1206066e-03   2.7868561e-04   1.7918696e-04
   1.0015732e-03  -1.1203220e-03  -5.9557981e-02  -7.2985319e-04   7.6013815e-06   5.0942581e-04
  -3.6406363e-03  -1.0125611e-02  -2.5247435e-02  -9.2018963e-04   3.4840243e-04   4.1124694e-04
  -6.6106511e-03  -2.4056716e-03  -8.3620593e-02  -3.9672661e-04   2.8484290e-04   9.3066328e-05
  -3.2182237e-02   2.3498125e-02  -6.7465787e-02  -1.8086551e-03   3.7377402e-04  -3.2898082e-04
  -3.8095663e-02   7.1546028e-03  -7.1041695e-02  -6.4935020e-04   9.0529858e-04  -3.1866516e-04
  -1.5414405e-02  -8.4644328e-02  -3.8896163e-02  -7.9175714e-07   9.8789137e-04  -3.7651055e-04
  -1.3421948e-02  -2.3064308e-01  -2.3154941e-02   1.2668401e-03   1.2751815e-03  -9.5008984e-04
  -3.5480043e-02  -2.9964848e-01   1.4165088e-01   4.2447968e-04   2.2630899e-03  -1.5384694e-03
  -3.4913769e-02  -2.0556649e-01   1.3614022e-01  -8.5307912e-04   2.1576278e-03  -5.9135452e-04
  -1.5601117e-02  -1.0322387e-01   6.4682256e-02  -1.6778309e-03   1.7606075e-03  -1.4187930e-06
  -2.2021556e-02  -5.8801387e-02   1.9953326e-02  -1.9156652e-03   2.0985988e-03  -1.5751790e-06
  -2.8868507e-02  -6.5734225e-02  -2.7013030e-02  -2.3980027e-04   2.0335294e-03   1.1628917e-04
  -5.6949743e-03  -5.0918220e-02  -2.8812574e-02   1.9801934e-04   1.5594401e-03   7.0146450e-06
  -1.2895992e-02  -9.7713629e-02  -2.4574174e-02   5.6489195e-04   1.6000017e-03  -4.7579176e-04
  -5.5032172e-02  -1.0150473e-01  -1.0984104e-01   2.6202746e-04   1.6705349e-03  -6.2727072e-04
  -5.7836397e-02  -1.0558298e-01  -1.0804650e-01  -3.5224568e-04   8.9740762e-04  -7.7986695e-04
  -3.9127423e-02  -1.1568190e-01  -1.0288732e-01  -1.7908217e-04   1.2053392e-03  -6.4508190e-05
  -5.7031920e-02  -9.1374015e-02  -1.2258073e-01   2.6623352e-04   1.7156311e-03   1.2779077e-04
  -4.1377403e-02  -9.3105743e-02  -8.3190266e-02  -8.9309475e-05   1.5194738e-03   1.9144933e-04
  -3.9528090e-02  -1.0462940e-01  -1.2226415e-01   6.3616759e-04   1.3057398e-03   1.8416529e-05
  -2.6559897e-02  -9.7465191e-02  -8.6869910e-02   3.1574266e-04   1.0606459e-03   2.1604406e-04
  -4.1241091e-02  -1.0832001e-01  -1.2284938e-01   3.3343700e-04   1.1158311e-03  -5.3198010e-05
  -4.8800233e-02  -9.2404398e-02  -1.1448630e-01   2.3489159e-04   1.3269525e-03   1.3837809e-04
  -4.0210057e-02  -1.2149943e-01  -6.0096550e-02  -6.9211782e-04   1.1673710e-03  -1.3262962e-07
  -4.3171192e-02  -8.3293942e-02  -1.1645323e-01  -5.4928130e-05   9.7258575e-04   1.8816500e-04
  -4.9062226e-02  -7.6719542e-02  -1.3768859e-01   1.1967124e-04   1.3314108e-03   1.3697293e-04
  -6.7737494e-02  -9.6780368e-02  -1.1818061e-01  -1.0208576e-03   1.3490175e-03  -3.1643358e-04
  -1.2554189e-01  -5.4583149e-02  -2.1960950e-01  -1.3863735e-03   8.6067007e-04  -1.2802633e-03
  -1.2938206e-01  -5.5557777e-02  -1.4928742e-01  -1.4541175e-03   1.1419860e-03  -1.2635755e-03
  -8.1605108e-02  -9.4897819e-02  -1.2330565e-01  -1.3706285e-03   1.1655248e-03  -2.9063140e-04
  -7.0941797e-02  -7.8626767e-02  -1.3742057e-01  -6.6239013e-04   1.0266434e-03  -4.1367173e-04
  -5.2013965e-02  -8.5736088e-02  -1.2428677e-01  -9.0911431e-04   3.9129808e-04  -4.1676920e-04
  -8.0917531e-02  -7.3105193e-02  -1.6036830e-01  -1.1175516e-03   7.8032424e-04  -6.4164707e-04
  -8.0516377e-02  -8.0575453e-02  -1.3365766e-01  -1.2884291e-03   7.2388983e-04  -5.7550720e-04
  -9.4089991e-02  -9.2568924e-02  -1.3605057e-01  -7.4222318e-04   6.3938088e-04  -8.7578028e-04
  -1.1370952e-01  -5.2683045e-02  -1.4746937e-01  -9.3159077e-04   5.1186522e-04  -1.2145296e-03
  -1.3607020e-01  -1.7692704e-02  -1.5830601e-01  -2.2144330e-03  -2.4111462e-04  -1.5032576e-03
  -1.2751161e-01  -4.6984314e-02  -1.2568184e-01  -2.1944856e-03  -3.1667307e-04  -1.6763645e-03
  -1.0940982e-01  -1.0847396e-01  -1.4085464e-01  -2.2453934e-03   5.1245594e-05  -1.1786835e-03
  -1.0811733e-01  -7.6324408e-02  -1.4293271e-01  -1.7233058e-03   6.0286999e-06  -1.2601622e-03
  -9.1761796e-02  -1.0457035e-01  -8.9940145e-02  -1.4916236e-03  -3.0311883e-04  -1.6165196e-03
  -1.0210283e-01  -1.0322575e-01  -1.4144833e-01  -3.8276844e-04  -3.2726371e-04  -1.5708900e-03
  -7.2788568e-02  -9.5115396e-02  -1.1264469e-01  -4.9116193e-04  -6.0380935e-04  -1.1107169e-03
  -7.7223066e-02  -9.8310107e-02  -1.3624703e-01  -4.6357301e-04  -5.6873482e-04  -1.2864904e-03
  -7.8208203e-02  -1.1532282e-01  -1.1114993e-01  -1.5507238e-03  -7.2370514e-04  -1.2528453e-03
  -7.9234387e-02  -2.0890274e-01  -7.8483186e-02  -2.3663267e-03  -8.4337964e-04  -1.5325373e-03
  -1.0999019e-01  -2.1978231e-01   2.9136154e-02  -2.5465557e-03   6.1048799e-04  -1.9978019e-03
  -1.1006912e-01  -8.3518720e-02   5.7838864e-02  -5.1832041e-03  -1.1089606e-04  -1.1543354e-03
  -1.0040686e-01  -9.2271921e-02  -1.0783199e-01  -3.7936273e-03  -5.9981417e-04  -1.8389551e-03
  -1.0924758e-01  -9.2669829e-02  -3.9665196e-02  -3.8649082e-03  -3.8940285e-04  -1.3405429e-03
  -1.0278332e-01  -7.4507447e-02  -3.3475555e-02  -3.4794761e-03  -6.1932419e-04  -1.2846983e-03
  -8.2778409e-02  -1.5022175e-01  -1.0178940e-02  -2.9817386e-03  -6.9844034e-04  -1.4531133e-03
  -8.8896460e-02  -1.4385436e-01  -8.2895312e-03  -2.2340774e-03  -7.2849367e-04  -1.3843107e-03
  -7.7836180e-02  -1.4224380e-01   2.1777564e-03  -2.9277001e-03  -6.6758140e-04  -1.3514602e-03
  -7.4599666e-02  -1.3180477e-01  -1.7404163e-02  -2.1323971e-03  -5.0466657e-04  -9.9013778e-04
  -8.2341447e-02  -1.7360675e-01  -2.9053839e-02  -2.5083871e-03  -4.2629691e-04  -1.1757004e-03
  -7.8945743e-02  -1.3936048e-01  -5.6206676e-02  -1.8674194e-03  -4.5379801e-04  -1.0222892e-03
  -7.8963577e-02  -1.4157871e-01  -5.0018533e-02  -1.8560129e-03  -2.8856365e-04  -1.0905655e-03
  -9.7012418e-02  -1.7619738e-01  -8.8914487e-02  -1.5346381e-03  -2.3070337e-04  -1.3338374e-03
  -1.0755580e-01  -1.8275108e-01  -1.2991498e-01  -4.3505280e-04  -2.2243539e-04  -1.3792796e-03
  -9.8405608e-02  -1.9894961e-01  -1.0543959e-01  -6.5219206e-04  -3.9226776e-04  -1.4277146e-03
  -1.1794914e-01  -1.9147506e-01  -1.1610200e-01  -8.4557769e-04  -4.2701739e-04  -1.8185464e-03
  -1.2649247e-01  -1.3881988e-01  -1.3121929e-01  -3.2131030e-03  -7.6122129e-04  -2.4256467e-03
  -1.0971336e-01  -2.0942091e-01  -1.4242284e-01  -1.5560709e-03  -1.9203976e-04  -1.7299597e-03
  -1.0865941e-01  -2.0035273e-01  -1.5522193e-01  -3.5348261e-04   5.6264147e-07  -1.5937665e-03
  -1.0237747e-01  -2.1992767e-01  -1.1068289e-01  -4.5895407e-04   4.5589953e-04  -1.4452806e-03
  -1.0457150e-01  -2.4329067e-01  -1.5401975e-01   3.6872321e-04   6.0134867e-04  -1.3608229e-03
  -9.0013019e-02  -2.4464135e-01  -1.3035751e-01  -7.7494415e-04   4.9540822e-04  -1.1606979e-03
  -8.5651823e-02  -2.2936317e-01  -1.0632078e-01  -3.9037981e-04   3.9448237e-04  -1.1528573e-03
  -8.5062293e-02  -2.3188947e-01  -6.8731276e-02  -1.4462433e-03   8.1494048e-04  -1.2609134e-03
  -8.0886207e-02  -2.0296814e-01  -7.9710421e-02  -9.3216568e-04   7.8204648e-04  -1.0482104e-03
  -7.9254215e-02  -2.3035502e-01  -7.6683726e-02  -1.2316319e-03   1.1514646e-03  -1.1296835e-03
  -6.4837773e-02  -2.2368201e-01  -6.9034892e-02  -5.2052791e-04   1.2047529e-03  -9.1768222e-04
  -7.7730765e-02  -2.5715704e-01  -1.2255234e-01   1.4026292e-04   1.5204223e-03  -6.3678967e-04
  -7.9772870e-02  -2.6694455e-01  -1.1597015e-01  -2.8290051e-06   1.8422090e-03  -8.0930316e-04
  -7.8882844e-02  -2.7049114e-01  -1.2370199e-01   6.7463155e-04   1.7737636e-03  -4.1541237e-04
  -9.2342341e-02  -2.2343939e-01  -1.0448214e-01  -1.5865186e-03   1.0097315e-03  -1.0278192e-03
  -8.9644624e-02  -2.5273952e-01  -5.6364060e-02  -1.5949503e-03   7.9252190e-04  -1.5788939e-03
  -8.5613219e-02  -2.7096919e-01  -8.8969078e-02  -2.2846671e-03   9.9535721e-04  -1.5901303e-03
  -8.6616057e-02  -2.2733830e-01  -1.1502436e-01  -2.0931999e-03   1.4561182e-03  -1.1007349e-03
  -7.7748556e-02  -2.7757146e-01  -7.9070800e-02  -2.0499041e-03   1.4437898e-03  -1.2188736e-03
  -6.2225981e-02  -2.5849220e-01  -4.5579094e-02  -1.9497172e-03   1.2969036e-03  -1.0431037e-03
  -5.5853459e-02  -2.7605834e-01  -8.2560052e-02  -1.4870496e-03   1.4324136e-03  -9.8242285e-04
  -5.0721954e-02  -3.0208842e-01  -4.0382414e-02  -1.7618391e-03   1.3956929e-03  -8.5576334e-04
  -6.3189376e-02  -2.9593708e-01  -7.8618893e-02  -6.6590572e-04   1.5958442e-03  -6.8398977e-04
  -4.7660392e-02  -3.0079540e-01  -6.6861478e-02  -1.7265401e-03   1.0778147e-03  -9.2688047e-04
  -4.2199843e-02  -4.2905021e-01  -4.8192206e-02  -1.5112136e-03   1.1575319e-03  -1.3240583e-04
  -5.5081606e-02  -4.2748741e-01   1.1106259e-01  -2.7325761e-03   1.9147314e-03  -1.6697602e-03
  -6.7440631e-02  -3.3392445e-01  -1.2771865e-02  -3.1581516e-03   2.1298605e-03  -1.7482392e-03
  -6.4515963e-02  -3.9935159e-01   5.7069478e-02  -2.3982267e-03   2.5305765e-03  -1.1833444e-03
  -6.3223798e-02  -3.6777115e-01   3.4192072e-02  -1.9131476e-03   2.2688427e-03  -1.1276455e-03
  -4.1469085e-02  -3.3713326e-01   2.6754608e-02  -1.4440022e-03   1.9155631e-03  -7.3159660e-04
  -3.5360877e-02  -3.3076195e-01   7.7054070e-02  -1.1136939e-03   1.7722542e-03  -6.3193636e-04
  -4.4036407e-02  -3.7751667e-01   3.7271467e-02  -7.3556996e-04   1.9839776e-03  -6.1464961e-04
  -4.4877943e-02  -3.5382704e-01   5.5967884e-02  -1.0853251e-03   2.1098457e-03  -3.7311416e-04
  -6.1678070e-02  -3.7159272e-01   7.3872259e-03  -6.9693752e-04   2.2380513e-03  -5.2519954e-04
  -5.9138159e-02  -3.6945520e-01   2.6765800e-02  -6.7793340e-04   2.3244726e-03  -2.0728527e-04
  -5.4822558e-02  -3.7233256e-01   1.0483827e-02  -3.8363626e-04   2.6016448e-03   3.7379049e-05
  -5.5595316e-02  -3.7077300e-01  -6.7913315e-03  -2.6982443e-04   2.8911483e-03   3.4113183e-04
  -7.0115846e-02  -3.7035886e-01  -4.1805006e-02  -7.0006955e-05   2.7570440e-03   4.1615310e-04
  -6.3526944e-02  -3.5630035e-01  -1.0123217e-01   3.2766659e-04   2.5191121e-03  -2.0981242e-04
  -8.1648340e-02  -3.1683498e-01  -1.6808603e-01  -3.1925832e-04   1.7461181e-03  -6.5775149e-04
  -8.3065176e-02  -3.7217932e-01  -1.1362894e-01  -7.0798185e-04   1.9780120e-03  -6.1356000e-04
  -8.7170397e-02  -3.9900354e-01  -1.2399562e-01  -2.5875216e-05   2.1228070e-03  -7.2686951e-04
  -8.0843265e-02  -3.6796101e-01  -1.3483126e-01   2.3166883e-04   2.4439891e-03  -8.4267694e-04
  -6.6909362e-02  -3.8009295e-01  -1.2726955e-01   3.8987858e-04   2.3840921e-03  -6.0047779e-04
  -5.6897742e-02  -3.6490213e-01  -1.3136234e-01   1.0606174e-03   2.1576109e-03  -3.1477328e-04
  -6.7141765e-02  -3.7506163e-01  -1.4839866e-01   4.6707250e-04   2.3457578e-03  -6.2630644e-04
  -5.5062300e-02  -3.6748281e-01  -1.5999472e-01   5.0915559e-04   2.1758730e-03  -1.8319689e-04
  -4.6179080e-02  -3.4789891e-01  -1.4792868e-01   2.3290064e-04   2.3772522e-03   1.5868776e-04
  -4.7366276e-02  -3.6474311e-01  -1.5976729e-01   1.5179537e-04   2.2371183e-03  -8.1730862e-06
  -4.9905760e-02  -3.7084176e-01  -1.7415854e-01   9.0176163e-04   2.4426542e-03  -7.7302639e-05
  -4.5172360e-02  -3.8406944e-01  -1.4211671e-01   5.5817484e-04   2.2483433e-03  -4.4055472e-04
  -3.4741979e-02  -3.8923062e-01  -1.7024094e-01   8.6152086e-04   2.2996030e-03  -9.0492642e-05
  -2.8729601e-02  -3.9170820e-01  -1.4168910e-01   9.5454766e-04   2.2778801e-03  -4.2195287e-04
  -2.4447424e-02  -3.9825467e-01  -1.7927212e-01   1.2469657e-03   1.9641991e-03   5.5704280e-05
  -2.9279615e-02  -3.8578624e-01  -1.6674277e-01   1.4782758e-03   1.9363140e-03  -2.1867164e-04
  -1.6334503e-02  -3.8856566e-01  -1.8157847e-01   1.3798816e-03   1.5302522e-03   4.4653431e-04
  -3.4817447e-02  -3.8180898e-01  -1.7205531e-01   1.5525071e-03   1.4956143e-03   1.8951818e-04
  -4.9318490e-02  -3.7311645e-01  -1.8351832e-01   1.3350080e-03   1.5778039e-03  -1.0895682e-04
  -6.1090086e-02  -3.7554948e-01  -1.6768171e-01   1.7267718e-03   1.7807876e-03  -4.2554271e-04
  -5.4878643e-02  -3.8660044e-01  -1.8173675e-01   1.8773424e-03   1.6597169e-03  -4.0071662e-04
  -5.1529722e-02  -3.9602463e-01  -1.2769378e-01   8.1755737e-04   1.8002075e-03  -4.2979625e-04
  -5.0850347e-02  -4.0910424e-01  -1.8007238e-01   1.9491912e-03   1.5047477e-03  -1.8425725e-04
  -6.5077040e-02  -4.1850735e-01  -1.4666205e-01   2.0644051e-03   1.8156969e-03  -4.7833760e-04
  -7.3175833e-02  -4.3073960e-01  -1.7995637e-01   1.8122584e-03   1.7474665e-03  -5.4081701e-04
  -6.3677629e-02  -4.3614434e-01  -1.1662804e-01   1.2179815e-03   1.7746599e-03  -7.0102464e-04
  -6.2456230e-02  -4.4175464e-01  -1.6323981e-01   2.1659824e-03   1.6555328e-03  -5.2562789e-04
  -7.3673919e-02  -4.4943654e-01  -1.6925208e-01   1.1532228e-03   1.4013015e-03  -1.2295017e-03
  -7.4424885e-02  -4.9853421e-01  -1.0207653e-01   9.4165775e-04   1.3248361e-03  -1.2148851e-03
  -9.9149070e-02  -5.2853332e-01  -6.4321622e-02   4.2613888e-04   1.6422226e-03  -1.7683680e-03
  -6.9669988e-02  -4.7517878e-01  -9.2294510e-02   3.7266056e-04   1.5340912e-03  -9.3740877e-04
  -4.9442495e-02  -5.1524793e-01  -3.7438110e-02   4.8019052e-04   1.7975356e-03  -1.1714164e-03
  -5.9082793e-02  -5.0600819e-01  -8.4351040e-02   7.0523703e-04   1.6245263e-03  -1.2647730e-03
  -4.5536676e-02  -4.5201436e-01  -1.1808213e-01  -1.2644974e-04   6.9386895e-04  -1.5120325e-03
  -4.2129494e-02  -5.1895803e-01  -1.2775144e-03   3.0739824e-05   1.0418568e-03  -1.1279583e-03
  -4.9672194e-02  -5.3139262e-01  -4.3691976e-02   1.6543821e-04   1.4797891e-03  -1.4304677e-03
  -3.8158037e-02  -4.8057787e-01  -2.4082463e-02   2.8638588e-05   1.6213755e-03  -8.1035411e-04
  -4.3443601e-02  -5.4279198e-01  -3.4212100e-02   5.2898316e-04   1.7920844e-03  -1.3837059e-03
  -3.7814987e-02  -5.2081771e-01  -6.7703219e-02   1.1310865e-03   1.5612021e-03  -1.0064166e-03
  -3.5390816e-02  -5.4361998e-01  -3.4756389e-02   1.0706487e-03   1.7623283e-03  -1.2291604e-03
  -3.8793068e-02  -5.4944592e-01  -7.6667861e-02   1.3625438e-03   1.4860253e-03  -1.1202030e-03
  -2.9713172e-02  -5.4835820e-01  -3.2965257e-02   3.7461811e-04   1.3975164e-03  -1.2686471e-03
  -3.3645431e-02  -5.7378678e-01  -7.6678586e-02   1.4049807e-03   1.2615904e-03  -1.4537923e-03
  -5.0445164e-02  -5.1296824e-01  -5.2612549e-02   4.4738330e-04   1.6946264e-03  -1.2660426e-03
  -7.9326560e-02  -5.1097112e-01  -6.2570284e-02  -1.7964786e-04   1.1233297e-03  -1.6034112e-03
  -9.8280737e-02  -4.7662933e-01  -7.1305594e-02  -1.2100203e-03   7.8420154e-04  -2.0093680e-03
  -1.2602903e-01  -4.6022740e-01  -6.3151763e-02  -1.1092998e-03   1.3818306e-03  -2.2994417e-03
  -7.7794097e-02  -5.3969155e-01  -4.2532231e-02  -1.5917919e-03   1.4955998e-03  -1.4228459e-03
  -8.9470511e-02  -5.0643814e-01  -6.9159739e-02  -8.6482978e-04   1.3555310e-03  -1.3570301e-03
  -9.1971803e-02  -5.4581974e-01  -7.4579343e-02  -4.6163082e-04   1.7638905e-03  -1.3341740e-03
  -7.9508291e-02  -5.2515058e-01  -8.6677063e-02   2.8618373e-04   1.6035500e-03  -1.1704684e-03
  -7.8836649e-02  -5.6054942e-01  -5.2388946e-02   4.6537981e-05   1.5356874e-03  -1.4763635e-03
  -9.2707196e-02  -5.3586690e-01  -1.1626654e-01   2.3296985e-04   1.4511488e-03  -1.4761639e-03
  -9.6209244e-02  -5.1407022e-01  -1.0239506e-01   1.9107835e-04   1.5564355e-03  -1.6128100e-03
  -1.0444013e-01  -5.8905008e-01  -1.0342290e-01  -1.0152321e-03   1.6186107e-03  -1.7025457e-03
  -1.1350825e-01  -7.2535775e-01  -3.2416033e-02  -1.3102334e-05   2.3120186e-03  -1.3958621e-03
  -1.2026403e-01  -6.7462808e-01   8.8014086e-02  -1.2956006e-03   2.2552867e-03  -2.0071668e-03
  -1.4125395e-01  -5.8882594e-01  -7.8960159e-02  -1.1218902e-03   2.5927152e-03  -1.7035440e-03
  -1.4997725e-01  -6.1659109e-01  -9.4385331e-03  -1.9024331e-03   2.6355741e-03  -1.3536714e-03
  -1.3941787e-01  -5.9308736e-01   7.1196984e-03  -1.7108465e-03   2.7353014e-03  -1.5216872e-03
  -1.2919655e-01  -5.8333459e-01  -1.3413560e-01  -8.9800228e-05   3.1346784e-03  -7.6841030e-04
  -1.0027727e-01  -5.5419202e-01  -1.0413428e-01   1.3069001e-04   2.9078719e-03  -2.4194184e-05
  -8.4760425e-02  -5.6830501e-01  -2.9646982e-02   3.1450125e-04   3.1426506e-03   4.4520471e-04
  -9.9327778e-02  -5.8313150e-01  -5.3422088e-02   1.7107261e-04   2.7830858e-03  -1.8087366e-04
  -8.9826314e-02  -5.5438719e-01  -8.2481205e-02   3.1796808e-04   2.5971323e-03  -9.3057514e-05
  -8.4222348e-02  -5.5254687e-01  -9.1504630e-02   5.2329788e-04   2.2946289e-03   1.5984939e-04
  -9.1701438e-02  -5.7603707e-01  -6.6532207e-02   3.6994642e-04   2.1882878e-03  -2.0025871e-04
  -1.1595200e-01  -5.6916759e-01  -1.3787129e-01   1.3555415e-03   3.0303931e-03   9.2710445e-05
  -8.3552726e-02  -5.4804894e-01  -9.9054104e-02   1.0899248e-03   2.9576212e-03   2.9769826e-04
  -4.6032561e-02  -5.5374897e-01  -1.5170289e-01   2.4238361e-03   3.0194169e-03   1.2156971e-03
  -6.1599507e-02  -5.7335890e-01  -1.6173832e-01   2.8004662e-03   3.5751201e-03   7.2789854e-04
  -6.4982618e-02  -5.7533872e-01  -1.9455497e-01   3.0396279e-03   3.8420452e-03   1.0409635e-03
  -5.9030476e-02  -5.7060864e-01  -1.8444983e-01   2.9895320e-03   3.9598637e-03   9.7717847e-04
  -5.0680898e-02  -5.5250658e-01  -1.5771727e-01   1.9974544e-03   3.8750395e-03   8.7249861e-04
  -4.6411494e-02  -5.6107808e-01  -1.6438124e-01   1.4034982e-03   3.7184391e-03   7.3828749e-04
  -4.1456865e-02  -5.6144654e-01  -1.7289804e-01   2.2112629e-03   3.8081234e-03   8.6292601e-04
  -3.3662804e-02  -6.2163812e-01  -1.6737357e-01   2.0286436e-03   4.0036858e-03   8.2558348e-04
  -2.1573638e-02  -6.2448701e-01  -1.9988232e-01   3.0133042e-03   3.8982912e-03   1.0471096e-03
  -5.0060667e-03  -6.3854623e-01  -1.5697310e-01   2.6758592e-03   3.5288414e-03   8.8447862e-04
   5.3828820e-03  -5.7555746e-01  -1.9450639e-01   6.1310624e-04   2.7109083e-03   7.6729162e-04
   2.4262632e-03  -6.3341060e-01  -1.3444812e-01   1.0455067e-03   3.1893738e-03   1.1796493e-03
   1.0407525e-03  -6.7029518e-01  -1.5420456e-01   1.0348924e-03   3.3298321e-03   8.8495589e-04
   2.4549824e-03  -6.6317160e-01  -1.4429652e-01   1.6150085e-03   3.5379469e-03   1.2188687e-03
  -5.5932965e-03  -7.0836102e-01  -1.6601613e-01   2.3361835e-03   3.8102093e-03   9.4906734e-04
   1.2269530e-02  -6.7055346e-01  -1.1458338e-01   1.7277860e-03   3.8435581e-03   1.2711037e-03
  -1.2985668e-02  -6.8707051e-01  -1.5121872e-01   1.5979890e-03   4.4248446e-03   1.1455000e-03
  -6.8574725e-03  -6.5663993e-01  -1.8503716e-01   1.8476587e-03   4.2658371e-03   1.3774314e-03
  -2.0873250e-02  -6.6464410e-01  -2.1064072e-01   1.9652723e-03   4.0724251e-03   1.0909255e-03
  -1.6869278e-02  -6.8055409e-01  -1.7090036e-01   2.1353524e-03   4.2833811e-03   1.0786873e-03
   9.1236814e-03  -7.3908606e-01  -2.0539845e-01   2.9051870e-03   4.0890284e-03   1.1340330e-03
   2.9009497e-02  -7.1486813e-01  -1.5885653e-01   2.5128045e-03   3.9005629e-03   1.4448110e-03
   1.3188517e-02  -7.3796191e-01  -1.9813517e-01   3.2462466e-03   4.1164625e-03   1.1406898e-03
   2.9173823e-02  -7.2669381e-01  -1.3931831e-01   3.0166314e-03   3.9160516e-03   1.6834320e-03
   1.3608548e-02  -7.3699251e-01  -1.7864470e-01   2.8137606e-03   4.1571313e-03   1.1276640e-03
   1.4497328e-02  -7.3817608e-01  -1.4777730e-01   2.3933893e-03   4.2659168e-03   1.5188855e-03
   7.5773402e-03  -7.5337581e-01  -1.9933837e-01   3.1169616e-03   4.1333680e-03   1.1232116e-03
   1.4730274e-02  -7.4644795e-01  -1.5660629e-01   3.1665719e-03   4.0897175e-03   1.1999100e-03
