   0.0000000e+00   0.0000000e+00   0.0000000e+00   0.0000000e+00   0.0000000e+00   0.0000000e+00
   3.5238530e-02  -2.1180091e-02   1.3571383e-01  -1.1182008e-03   2.0152856e-04   5.6433026e-04
   3.2124984e-02  -7.6690542e-02   3.9411418e-02  -1.0661075e-04   2.9466456e-04   5.3160902e-04
   2.5855273e-03  -2.6129510e-02   6.0218609e-02  -2.2157989e-03   7.3977456e-04   1.1251340e-04
   2.9209209e-02  -9.8454707e-02   1.2010232e-01  -4.0101755e-03  -2.2333387e-04  -5.3105110e-05
   8.7434224e-03  -4.5935132e-02   1.2378186e-02  -2.9440310e-03   3.4021613e-04   4.2138374e-05
   3.7113748e-02  -8.0080176e-02   9.2125545e-02  -3.2460727e-03  -1.2666386e-04  -3.4928750e-05
   2.2142951e-02  -6.9476843e-02   2.0069191e-02  -1.7036700e-03  -2.7751687e-04  -4.4820955e-04
   6.4433018e-02  -9.3003629e-02   1.3666400e-01  -2.7312079e-03  -9.4724431e-04  -1.3336233e-03
   1.3862213e-02  -1.2058175e-01  -2.7811004e-02  -1.9155001e-03  -6.3637434e-04  -6.8387761e-04
  -3.8977855e-02  -6.3317533e-02   5.7711611e-02  -2.7661509e-03   9.1368809e-04  -1.1928215e-03
   2.3097982e-02  -1.3453084e-01   5.7729924e-02  -2.7895163e-03  -2.1344392e-04  -1.2600643e-03
  -2.6545973e-02  -3.4882764e-02   2.3975852e-02  -3.7917546e-03   1.7848029e-04  -1.7725766e-03
   1.9871438e-02  -9.9823291e-02   9.2714091e-02  -3.0941070e-03  -5.9887302e-04  -1.6770308e-03
  -4.7718621e-02  -4.4799281e-02   1.3425019e-02  -3.8518776e-03  -2.5365394e-04  -2.2228970e-03
   4.6663218e-03  -7.6275046e-02   1.8312658e-01  -6.1624664e-03  -4.3614430e-04  -1.2450234e-03
  -1.6561427e-03  -1.5015428e-01   4.0710158e-02  -3.6843639e-03  -6.4545883e-04  -9.7202433e-04
  -7.0174589e-02  -7.3536287e-02   7.5672449e-02  -4.2847920e-03   3.4474105e-04  -1.9025184e-03
  -5.8439698e-02  -1.2727508e-01   1.2275696e-01  -3.9010956e-03   9.8390858e-04  -2.7014814e-04
  -4.0650091e-02  -1.0444419e-01   3.4183272e-02  -3.8644966e-03   4.6463813e-04  -9.1105461e-04
  -1.7361137e-02  -1.4621744e-01   9.3435180e-02  -4.6083857e-03  -1.7807425e-04  -9.4632140e-04
  -9.4187064e-02  -1.3177416e-01  -1.4547856e-02  -3.9311877e-03  -1.0676959e-04  -1.7157352e-03
  -5.3670762e-02  -1.3653636e-01   1.6432038e-01  -4.8413832e-03   2.1303572e-04  -1.3893555e-03
  -2.5306835e-02  -1.5185883e-01   1.2347691e-01  -4.1081861e-03  -5.4378420e-04  -1.1427966e-03
  -3.3354991e-02  -1.3723652e-01   1.4327575e-01  -4.4983721e-03  -2.5854909e-04  -1.0644858e-03
  -2.2190301e-02  -2.2662009e-01   1.1355872e-01  -3.7023361e-03  -4.4573376e-04  -7.7882258e-04
  -8.1886962e-02  -1.6025934e-01  -2.2275979e-03  -4.2055628e-03  -2.3250904e-04  -1.8311157e-03
  -2.5152549e-02  -1.4652371e-01   1.6256660e-01  -5.2656324e-03  -3.5989211e-04  -1.1137424e-03
  -7.0177331e-02  -1.6535236e-01  -2.5424048e-02  -4.2331333e-03  -4.2148577e-04  -1.5495780e-03
  -7.1795736e-02  -1.9565181e-01   2.7219129e-02  -3.8078922e-03   7.0122566e-05  -1.6026035e-03
  -4.9482388e-02  -2.9350811e-01  -1.1570472e-02  -3.1142898e-03  -2.1321159e-04  -1.0901584e-03
  -7.4613853e-02  -1.8983639e-01   5.7826431e-02  -3.0913476e-03   2.8458489e-04  -1.9669510e-03
  -2.9002411e-02  -2.0911677e-01   6.3567265e-02  -3.8263302e-03  -7.2928596e-04  -1.1561942e-03
  -9.7182354e-02  -2.0139351e-01  -4.1122638e-02  -2.8653833e-03  -1.5622488e-04  -1.4224106e-03
  -7.2823397e-02  -2.0431144e-01   1.0421242e-01  -3.4760376e-03   4.0669339e-06  -1.5242352e-03
  -5.5888552e-02  -2.4610999e-01   9.5327700e-02  -3.1538179e-03  -2.5711980e-04  -9.2611766e-04
  -1.1513622e-01  -2.5486594e-01  -9.2339380e-03  -2.9923115e-03   2.5639660e-04  -1.5928677e-03
  -8.1701156e-02  -3.3207907e-01  -3.4967678e-02  -2.4074517e-03   1.3069047e-04  -8.7863824e-04
  -9.8053685e-02  -2.0078725e-01  -1.3833408e-02  -2.4234021e-03   4.4965160e-05  -1.5066754e-03
  -4.7181800e-02  -2.1770598e-01   1.1705427e-01  -2.7896635e-03  -3.0253742e-04  -8.4085780e-04
  -8.9753910e-02  -2.2929783e-01  -4.6514374e-03  -2.5943229e-03  -5.6525025e-04  -1.3762711e-03
  -1.1342841e-01  -1.9311193e-01   5.9841908e-02  -3.5276778e-03   3.5082456e-04  -1.6695071e-03
  -7.5851638e-02  -3.3998854e-01   5.9947891e-02  -2.8816777e-03   2.3229092e-04  -6.1279680e-04
  -1.0235481e-01  -2.4115095e-01  -1.1754547e-02  -3.1405118e-03   3.2258704e-04  -1.5812240e-03
  -1.0140181e-01  -2.2093321e-01   1.0786600e-01  -3.4574582e-03   9.5561281e-04  -7.5333692e-04
  -1.3676820e-01  -2.6048132e-01   4.3104904e-02  -2.0971151e-03   6.2854830e-04  -3.4062788e-04
  -1.3263087e-01  -2.1890465e-01   7.3236981e-03  -3.2031645e-03   2.5230735e-04  -1.3793473e-03
  -9.8161899e-02  -2.5980211e-01   1.3753552e-01  -2.8145819e-03   7.0267992e-04  -7.3620171e-04
  -9.1427066e-02  -3.4803925e-01   3.3191136e-02  -2.1200241e-03   1.2264510e-04  -6.8502412e-04
  -1.0013787e-01  -2.6140191e-01   4.2194006e-02  -2.4344917e-03   5.4703488e-04  -8.9110237e-04
  -6.3574207e-02  -3.1699846e-01   8.1921277e-02  -2.9549547e-03   2.3366728e-04  -1.6665117e-04
  -9.0899836e-02  -2.9048409e-01  -5.0460548e-02  -2.2382872e-03   3.5178984e-04  -1.2552313e-03
  -7.6384986e-02  -3.0077595e-01   8.4439689e-02  -2.9528566e-03   6.3634156e-04  -4.2402693e-04
  -1.1018543e-01  -2.9596772e-01  -5.0828636e-02  -2.0253462e-03   6.2461450e-04  -1.3812188e-03
  -6.6463865e-02  -2.9743823e-01   6.8312417e-02  -2.5187531e-03   5.3616496e-04  -5.3473961e-04
  -7.0320912e-02  -3.4360912e-01  -4.3954732e-02  -1.2169186e-03   4.9756657e-04  -9.2697736e-04
  -6.7409809e-02  -3.5261419e-01   9.6471332e-03  -1.0008737e-03   6.6433225e-04  -6.4501787e-04
  -5.7788380e-02  -3.6498015e-01  -4.7682709e-02  -5.9242372e-04   4.1817230e-04  -8.4123425e-04
  -6.4765581e-02  -3.2888392e-01  -5.4585671e-03  -8.9750377e-04   7.7654924e-04  -8.8296714e-04
  -4.8855653e-02  -3.8300282e-01   1.3251498e-02  -8.4674634e-04   1.5206285e-04  -7.3733005e-04
  -7.2841059e-02  -3.4764731e-01  -1.3495089e-02  -6.4585275e-04   6.1203265e-04  -9.6120530e-04
  -6.4461154e-02  -3.5471400e-01   7.4200426e-02  -3.7298192e-04   6.4063435e-04  -9.4491567e-04
  -5.7344998e-02  -3.7678549e-01   5.9712260e-02  -3.2793844e-04   1.6916877e-04  -7.0342742e-04
  -6.5724059e-02  -3.1633617e-01   4.9285384e-02  -1.8750381e-03   3.9063138e-04  -1.3848358e-03
  -4.0249002e-02  -3.3793443e-01   1.3842938e-01  -2.1174316e-03  -2.0714798e-04  -1.6479534e-03
  -7.3404295e-02  -3.4966291e-01   3.4072425e-02  -1.4353308e-03  -4.6327449e-06  -1.4471402e-03
  -6.3735236e-02  -3.6215120e-01   1.2050554e-01  -2.0267509e-03  -6.9408284e-05  -6.6236222e-04
  -7.1287833e-02  -3.7395287e-01   2.6606250e-02  -1.2782584e-03  -9.3667484e-05  -6.2017478e-04
  -7.3920945e-02  -3.2698113e-01   5.6934666e-02  -1.7911104e-03   1.9966148e-04  -6.7938927e-04
  -5.1177788e-02  -3.9830134e-01   7.6652585e-02  -1.2267549e-03  -8.7112931e-05  -2.2075261e-04
  -7.4550333e-02  -3.5390685e-01  -3.7839662e-02  -1.5850610e-03   8.8093038e-06  -7.3850731e-04
  -4.9215511e-02  -3.6567307e-01   1.0092240e-01  -1.5699027e-03  -9.8258539e-05  -2.9574608e-04
  -7.2721189e-02  -3.8519961e-01  -1.8263084e-02  -1.0127910e-03  -2.8833492e-04  -7.2073350e-04
  -8.2442085e-02  -3.3600463e-01   5.3722509e-02  -1.9404010e-03   1.9569423e-04  -8.2316390e-04
  -5.8910370e-02  -3.9053274e-01   4.2238510e-02  -1.6711132e-03  -3.7798679e-04  -4.4504097e-04
  -1.0088406e-01  -3.6027905e-01  -8.6761945e-03  -2.1403556e-03  -1.8728167e-04  -1.0934079e-03
  -5.8800698e-02  -4.1718987e-01   1.0931277e-01  -1.9268437e-03  -3.8410068e-04  -5.1752207e-04
  -8.9183256e-02  -4.7169536e-01  -1.1570269e-02  -1.2670298e-03  -4.6369122e-04  -9.4154374e-04
  -9.3417962e-02  -3.8831023e-01   3.0965271e-02  -2.3775488e-03   2.5575956e-05  -1.1762111e-03
  -6.2564437e-02  -4.8378058e-01   5.2527052e-02  -1.5892106e-03  -3.8709653e-04  -5.6700496e-04
  -1.0576599e-01  -3.8010256e-01  -6.7699407e-02  -2.2278339e-03  -3.8584229e-05  -1.3554201e-03
  -6.7836766e-02  -4.3305319e-01   7.0144349e-02  -1.9327112e-03   1.5925778e-04  -6.7362008e-04
  -8.9633421e-02  -4.4653959e-01  -3.9454664e-02  -1.3373148e-03  -5.6538995e-06  -1.1365680e-03
  -9.5252646e-02  -3.9158161e-01   4.0628282e-02  -2.2751636e-03   3.4771948e-04  -1.2722357e-03
  -6.2695780e-02  -4.5894450e-01   4.6319583e-02  -1.7451546e-03  -5.8532747e-05  -7.1672657e-04
  -7.4651869e-02  -4.1049007e-01   2.5400475e-02  -1.5361524e-03   7.2572277e-05  -1.0192625e-03
  -5.9190794e-02  -4.5450667e-01   1.1809508e-01  -1.8185605e-03  -2.5841263e-04  -7.2528455e-04
  -8.8129567e-02  -4.2294524e-01   3.2653808e-02  -1.4559699e-03  -2.0874210e-04  -1.1016789e-03
  -7.6098658e-02  -4.0658619e-01   1.3265200e-01  -1.9119753e-03  -1.0046204e-04  -8.6420316e-04
  -6.3044672e-02  -4.7221648e-01   1.5236125e-01  -1.3380576e-03  -3.8274640e-04  -8.5206171e-04
  -1.1179935e-01  -4.4883221e-01   5.2020712e-02  -2.5144017e-03  -2.3621242e-04  -1.1105871e-03
  -1.0453612e-01  -4.2495254e-01   2.2287496e-01  -5.8559816e-03   1.3701272e-04  -9.5778800e-04
  -9.7984172e-02  -4.3679273e-01   2.1547845e-01  -5.4300618e-03  -2.5222781e-04  -7.5581944e-04
  -1.1716204e-01  -3.9944415e-01   5.8409327e-02  -5.8244308e-03  -3.9949544e-04  -1.3093903e-03
  -9.5385162e-02  -4.2883890e-01   1.7583001e-01  -6.3076644e-03   6.8267024e-05  -1.1011583e-03
  -1.0622974e-01  -4.5240668e-01   5.5669644e-02  -5.6650859e-03  -4.8429804e-04  -1.1822389e-03
  -1.1670077e-01  -3.9837324e-01   5.9184029e-02  -6.5189801e-03  -3.7701000e-04  -1.8510074e-03
  -7.9518676e-02  -4.9455488e-01   1.3581732e-01  -5.7837313e-03  -5.8527608e-04  -1.6195151e-03
  -1.1144339e-01  -4.4110206e-01  -3.3071985e-02  -5.7671622e-03  -7.0444773e-04  -2.4574619e-03
  -8.7008755e-02  -4.5570659e-01   1.2571980e-01  -6.4883980e-03  -6.4674786e-04  -2.0632753e-03
  -9.6331101e-02  -4.6206230e-01   9.1216378e-02  -6.0978190e-03  -6.9101402e-04  -1.6715007e-03
  -1.2124990e-01  -4.8471767e-01  -7.8788872e-03  -4.9564745e-03  -6.4695375e-04  -2.5950311e-03
  -8.4633901e-02  -4.8210173e-01   1.9053341e-01  -6.8562260e-03  -8.4255308e-04  -1.9095481e-03
  -8.3260946e-02  -5.7813166e-01   4.4959572e-02  -4.7994734e-03  -1.4954008e-03  -1.6647680e-03
  -8.2149410e-02  -5.2748689e-01   6.6918017e-02  -5.2504876e-03  -1.2270858e-03  -8.0347361e-04
  -7.5526127e-02  -6.8271291e-01  -9.0891903e-02  -3.6350311e-03  -9.1034471e-04  -8.9043257e-04
  -1.1637143e-01  -6.1339726e-01  -1.0831006e-01  -3.4362608e-03   5.0628828e-04  -6.4835452e-04
  -1.0707360e-01  -6.7397038e-01  -9.7393462e-02  -2.1147169e-03   3.4907736e-04  -6.6099272e-04
  -1.0050619e-01  -6.3088250e-01  -7.8107889e-02  -2.0379911e-03   8.1983565e-04  -2.8144537e-04
  -1.0207749e-01  -6.4377174e-01  -9.6681839e-02  -6.6230465e-04   3.3064839e-04  -7.6278771e-04
  -1.1011329e-01  -5.7911840e-01  -3.1424481e-02  -1.2686959e-03   5.9929710e-04  -2.8674962e-04
  -1.1055161e-01  -6.1843287e-01  -5.4462661e-02   4.4113786e-05   1.4331511e-05  -8.6603669e-04
  -1.3797058e-01  -5.5025129e-01   9.9450614e-03  -5.6091768e-04   2.5462978e-04  -1.4287667e-03
  -1.2193568e-01  -5.6472388e-01   7.8393376e-02  -1.5190765e-03  -4.5237945e-05  -8.2460738e-04
  -1.3373786e-01  -5.5946919e-01  -1.4192822e-03  -8.1178095e-04  -1.9890921e-04  -1.3458322e-03
  -1.3145223e-01  -5.2951493e-01   5.4781858e-02  -1.6555108e-03  -2.8791043e-04  -1.4978646e-03
  -1.1705071e-01  -5.3240813e-01   1.1308309e-01  -3.2090695e-03  -5.3067612e-04  -1.3305406e-03
  -1.2801910e-01  -5.4892547e-01   1.7135600e-02  -2.4599078e-03  -8.1126294e-04  -1.7786600e-03
  -1.3302345e-01  -5.3426322e-01   6.7067009e-02  -3.2069497e-03  -7.6640970e-04  -1.8706102e-03
  -1.1089240e-01  -5.8062287e-01   1.6602917e-01  -5.6848009e-03  -1.1468429e-03  -1.3890307e-03
  -1.2845233e-01  -5.6696845e-01   1.2630913e-02  -4.6085687e-03  -9.4464060e-04  -1.7296713e-03
  -1.1044146e-01  -4.9974638e-01   6.4098176e-02  -5.1245496e-03  -8.4438992e-04  -1.8392697e-03
  -1.1547168e-01  -6.2512299e-01   3.4747803e-02  -4.9187198e-03  -8.0106770e-04  -1.2556631e-03
  -1.3145081e-01  -5.5336349e-01  -1.0703180e-02  -5.1953942e-03  -4.5131913e-04  -2.0222126e-03
  -1.3617577e-01  -6.1176456e-01   9.9534570e-02  -5.1482744e-03  -4.5877078e-04  -1.9793631e-03
  -1.4122315e-01  -5.7511068e-01  -1.4506100e-02  -5.6662553e-03  -1.6854614e-04  -2.3562037e-03
  -1.3834349e-01  -5.4909826e-01   9.6616292e-02  -6.4225233e-03  -1.9323778e-05  -2.3624711e-03
  -1.3964182e-01  -6.3357476e-01   5.4229216e-02  -6.2771427e-03   3.6968466e-05  -2.2167085e-03
  -1.3540475e-01  -5.2718892e-01   4.3702082e-02  -6.7246434e-03   2.2200721e-05  -2.4640598e-03
  -1.2084765e-01  -5.8971779e-01   8.0991524e-02  -6.9634477e-03  -1.7676154e-04  -1.9231164e-03
  -1.3965455e-01  -5.1174014e-01   3.5841255e-02  -7.0842423e-03  -7.3650152e-05  -1.9981523e-03
  -1.2747817e-01  -5.3291357e-01   1.4588416e-01  -7.5109262e-03  -5.4551643e-04  -1.6244231e-03
  -1.3190299e-01  -5.3817161e-01   2.3622494e-02  -6.2255402e-03  -7.4931971e-04  -1.8311550e-03
  -1.1098605e-01  -5.2916743e-01   1.1284357e-01  -6.4630282e-03  -8.1271173e-04  -1.5301887e-03
  -1.2718181e-01  -6.2679515e-01   2.7127319e-02  -5.1926608e-03  -5.7622949e-04  -1.3122712e-03
  -1.1407182e-01  -5.4912228e-01   5.7458001e-02  -6.1173030e-03  -6.5701449e-04  -1.7727826e-03
  -1.2745496e-01  -6.0461314e-01   7.0497481e-02  -7.9475953e-03  -4.1685183e-04  -2.0504655e-03
  -1.3084166e-01  -5.3697481e-01  -3.2847892e-03  -7.1167043e-03  -3.6506106e-04  -2.0689652e-03
  -1.1595047e-01  -5.5184519e-01   1.1148624e-01  -7.1706745e-03  -5.4151058e-04  -1.8014048e-03
  -1.2920597e-01  -6.1753120e-01   6.2501831e-02  -6.2453482e-03  -5.3625213e-04  -1.6618195e-03
  -1.3687540e-01  -5.3137338e-01   3.1858358e-02  -7.6467805e-03  -4.4421918e-04  -1.9309393e-03
  -9.9049986e-02  -6.0072286e-01   1.3040611e-01  -7.0171738e-03  -8.8120232e-04  -1.3397166e-03
  -1.0880773e-01  -5.9797809e-01   1.7275338e-02  -6.8700700e-03  -6.6436552e-04  -1.6282710e-03
  -1.1988733e-01  -5.8258878e-01   1.0243324e-01  -7.8231611e-03  -4.6479278e-04  -1.5690675e-03
  -1.2488002e-01  -6.3745903e-01   5.2753056e-02  -6.8286063e-03  -6.3967327e-04  -1.5547099e-03
  -1.2595943e-01  -6.1906458e-01   4.2658865e-02  -6.8507726e-03  -5.7259965e-04  -1.4887232e-03
  -1.2871846e-01  -7.2991162e-01  -2.8563940e-02  -6.4368351e-03  -4.9002651e-04  -1.4552422e-03
  -1.4515184e-01  -6.5137110e-01  -3.4360536e-02  -5.8237100e-03  -7.5284486e-05  -1.7914850e-03
  -1.2553602e-01  -7.0192292e-01   4.0117031e-02  -5.9148242e-03  -3.7396986e-04  -1.3661469e-03
  -1.3783214e-01  -6.4107481e-01  -2.5351401e-03  -5.6658784e-03  -2.1634676e-04  -2.1498506e-03
  -1.3707688e-01  -6.2253350e-01   1.6977653e-01  -7.2813030e-03   7.9615250e-05  -1.9311049e-03
  -1.4133799e-01  -6.2643866e-01   7.1735112e-02  -6.2363185e-03  -3.3942784e-04  -1.9174622e-03
  -1.3717066e-01  -6.1539550e-01   1.2890462e-01  -6.6074185e-03  -3.6175583e-04  -1.8614127e-03
  -1.1545631e-01  -6.5982502e-01   1.3512286e-01  -6.2920328e-03  -3.1876245e-04  -1.7039465e-03
  -1.2509714e-01  -6.2989440e-01   1.0232493e-01  -6.8802639e-03  -3.5349539e-04  -2.1033604e-03
  -1.3583254e-01  -6.8302117e-01   1.9097668e-01  -7.4974850e-03  -7.3559699e-06  -1.7748790e-03
  -1.4902406e-01  -7.2398915e-01   4.8134869e-02  -6.7780348e-03  -2.3365168e-04  -1.9232347e-03
  -1.5224293e-01  -6.7282704e-01   8.2787985e-02  -7.5752745e-03  -4.9097591e-04  -2.3467616e-03
  -1.5919272e-01  -7.3677716e-01   4.5640350e-02  -7.3525860e-03  -4.4829519e-04  -2.3097680e-03
  -1.6361100e-01  -6.8705751e-01  -3.5201147e-03  -6.9226416e-03  -1.2746451e-04  -2.5881073e-03
  -1.2672390e-01  -7.3739629e-01   7.1719835e-02  -5.7334873e-03  -5.6688407e-04  -1.8317977e-03
  -1.5133762e-01  -7.2294607e-01  -1.8112368e-02  -6.4533662e-03  -3.9937576e-04  -2.3467704e-03
  -1.3744811e-01  -6.9623242e-01   1.0908185e-01  -6.4752086e-03  -3.2110850e-04  -1.9097156e-03
  -1.3640766e-01  -7.7909158e-01   5.2405564e-02  -5.5955305e-03  -6.0723561e-04  -1.8352566e-03
  -1.6209919e-01  -6.9704934e-01   2.0358731e-03  -6.0768784e-03  -2.0795516e-04  -2.4010189e-03
  -1.3451773e-01  -7.1512091e-01   1.2870380e-01  -5.7654324e-03  -5.7471148e-04  -1.9609483e-03
  -1.5713632e-01  -6.8803388e-01   2.0668054e-02  -5.1798846e-03  -6.2173376e-04  -2.0640816e-03
  -1.5768008e-01  -6.4595231e-01   8.7307324e-02  -5.8227219e-03  -5.6468904e-04  -1.8859213e-03
  -1.4531168e-01  -6.8453931e-01   1.4070135e-01  -6.0584334e-03  -7.3030529e-04  -1.3002707e-03
  -1.4687883e-01  -6.9390784e-01   1.4464558e-01  -6.1011459e-03  -6.6148274e-04  -1.6997062e-03
  -1.5654447e-01  -7.3719210e-01   5.5771204e-02  -6.4265389e-03  -4.4576008e-04  -2.0702681e-03
  -1.5995954e-01  -7.0235821e-01   1.4874489e-01  -7.4912593e-03  -3.6047100e-04  -2.5739590e-03
  -1.3816529e-01  -8.1380722e-01   1.4504958e-01  -6.7260279e-03  -6.0013216e-04  -2.2757326e-03
  -1.5555146e-01  -7.6841304e-01   1.4262193e-02  -6.1988392e-03  -6.8936321e-04  -2.2383434e-03
  -1.3862437e-01  -7.7614612e-01   1.1602625e-01  -5.2803196e-03  -6.2246086e-04  -1.5408177e-03
  -1.2913086e-01  -8.0225214e-01   2.0197748e-02  -4.8166185e-03  -7.9795876e-04  -1.7723944e-03
  -1.5441033e-01  -7.4731701e-01   6.1450527e-02  -5.7182100e-03  -1.6979472e-04  -2.2836077e-03
  -1.3629455e-01  -8.5305914e-01   9.8785923e-02  -4.5297842e-03  -4.6509813e-04  -1.7654790e-03
  -1.9729296e-01  -8.4632712e-01  -4.4129520e-02  -3.5164857e-03   2.8696515e-04  -3.5891698e-03
  -1.5917379e-01  -8.1450876e-01   6.7044850e-02  -4.5844920e-03  -1.0680828e-04  -2.8446474e-03
  -1.6229630e-01  -8.7775281e-01  -4.3984273e-02  -3.4550751e-03  -4.0230978e-04  -2.8293703e-03
  -1.6914513e-01  -7.8557040e-01   2.3267092e-02  -4.7293019e-03  -4.7639040e-04  -2.7805216e-03
  -1.6772766e-01  -8.1427940e-01  -9.1046947e-03  -4.3897856e-03  -6.0605701e-04  -3.1187991e-03
  -1.8392717e-01  -7.5901849e-01   2.1447986e-02  -5.8665752e-03   1.1221679e-04  -3.4616145e-03
  -1.4573850e-01  -7.8509431e-01   1.5852722e-01  -6.2325734e-03  -2.8639426e-04  -2.9989517e-03
  -1.7736072e-01  -7.9317350e-01   5.2548223e-02  -5.8588947e-03  -2.9446649e-04  -3.0730947e-03
  -1.8024437e-01  -7.6310431e-01   8.5945864e-02  -7.0165633e-03  -1.4542640e-04  -3.3414317e-03
  -1.4538845e-01  -8.3251307e-01   1.9401162e-01  -7.4941667e-03  -8.3521182e-04  -2.8747554e-03
  -1.6458491e-01  -8.2973351e-01   3.4671498e-02  -7.6783149e-03  -8.8117548e-04  -3.1762538e-03
  -1.5989579e-01  -8.1237357e-01   9.4207214e-02  -7.8373844e-03  -6.9421272e-04  -3.4267142e-03
  -1.5014739e-01  -8.9282075e-01   7.9874299e-02  -7.1580909e-03  -7.3787132e-04  -3.0620249e-03
  -1.5652466e-01  -8.2517885e-01  -9.8842579e-03  -7.2093101e-03  -8.1515087e-04  -3.3396657e-03
  -1.3887178e-01  -8.0380909e-01   1.3261586e-01  -7.4444838e-03  -9.8787181e-04  -2.3611545e-03
  -1.4239183e-01  -8.3495129e-01   1.3696495e-02  -6.3180084e-03  -1.3227185e-03  -2.7216935e-03
  -1.5909432e-01  -7.7329436e-01   6.4734200e-02  -7.8624851e-03  -7.4106588e-04  -2.6972405e-03
  -1.5028544e-01  -8.9984684e-01   1.2942960e-01  -7.3341720e-03  -7.9899949e-04  -2.2576675e-03
  -1.6851876e-01  -8.6613616e-01  -2.1634062e-02  -7.4270534e-03  -8.5286517e-04  -2.8047914e-03
  -1.5481421e-01  -8.8294824e-01  -1.0379249e-02  -6.7183173e-03  -7.7514575e-04  -2.9209794e-03
  -1.5183218e-01  -9.8075074e-01  -7.6243011e-02  -4.3237625e-03  -1.1412269e-03  -2.5461473e-03
  -1.5467858e-01  -8.5599619e-01   2.9793829e-03  -4.3128062e-03  -8.1561302e-04  -2.7143931e-03
  -1.3086090e-01  -8.7233094e-01   9.0332680e-02  -4.6062485e-03  -1.2985865e-03  -2.2488374e-03
  -1.5204773e-01  -8.5419743e-01   1.7775517e-02  -4.5674985e-03  -1.3041985e-03  -2.6081446e-03
  -1.2091235e-01  -8.5254485e-01   1.2052412e-01  -5.1296166e-03  -1.4225633e-03  -2.2008982e-03
  -8.8963667e-02  -9.2072332e-01   9.1258453e-02  -4.5153614e-03  -2.1329444e-03  -2.4549793e-03
  -1.1849274e-01  -8.7046921e-01   1.4370734e-02  -5.1149632e-03  -1.9860143e-03  -2.5474526e-03
  -1.1345740e-01  -8.8816316e-01   1.0095944e-01  -5.7414879e-03  -1.6289790e-03  -2.0284471e-03
  -1.2077421e-01  -9.6274548e-01   2.5467302e-02  -5.5669547e-03  -1.7106590e-03  -2.0528491e-03
  -1.4648913e-01  -8.8807542e-01   6.1984074e-02  -7.7890402e-03  -9.2535346e-04  -2.7761574e-03
  -1.2082557e-01  -9.2364219e-01   1.2779921e-01  -7.0316453e-03  -1.4529306e-03  -2.0606862e-03
  -1.4172260e-01  -8.9446401e-01   3.9645219e-03  -5.8454578e-03  -1.5235090e-03  -2.2909090e-03
