   0.0000000e+00   0.0000000e+00   7.1054274e-15   0.0000000e+00   0.0000000e+00   0.0000000e+00
   7.3767264e-03  -1.1666367e-02  -2.2719876e-02  -3.6024166e-04   3.0046276e-04   2.5929174e-04
  -9.0760661e-03  -7.9653667e-03  -1.2391583e-02  -2.0032929e-03  -2.0406692e-04   1.3755377e-04
   1.8043427e-03  -1.1611467e-02  -4.4423771e-02  -7.2297280e-04   8.3847410e-05   3.5618353e-04
  -1.1705619e-02  -3.6537484e-02  -3.3053691e-02  -9.1362306e-04  -3.1743389e-04   1.6565499e-04
   9.4303659e-04  -2.3128517e-02  -2.8211768e-02  -9.3694801e-05  -3.9647286e-04   1.4022137e-04
  -1.9823339e-02  -5.4454031e-02  -2.9782511e-02  -1.3747419e-03  -4.6327434e-04  -3.7710923e-04
  -2.2886211e-02  -5.0643050e-02  -7.2214453e-03  -4.5375080e-04  -6.4452826e-04  -3.1619247e-04
  -3.0793485e-02  -6.9193903e-02  -3.8020982e-02  -9.0425563e-04  -6.0150362e-04  -5.6291312e-04
  -4.3271086e-02  -9.2644599e-02  -2.1762300e-02  -1.7341777e-03  -7.7134717e-04  -6.5318280e-04
  -3.3896817e-02  -7.0570376e-02  -3.1641775e-02  -5.5137366e-04  -8.3859408e-04  -2.7378770e-04
  -4.6835672e-02  -9.4958771e-02  -3.6954297e-02  -2.0458826e-03  -1.6532476e-04  -3.1863454e-04
  -3.2747514e-02  -6.8925787e-02  -5.1951906e-02  -4.9232864e-04  -8.1866690e-04  -4.2762196e-04
  -3.5219901e-02  -1.1771351e-01  -1.9362219e-02  -1.7042604e-03  -2.6584273e-04  -3.9547484e-04
  -2.4946337e-02  -8.4346375e-02  -6.5484917e-03  -1.4624147e-03  -7.4533100e-04  -3.8147708e-04
  -3.2963047e-02  -1.1954130e-01  -2.5394253e-02  -1.3629785e-03  -5.1247497e-05  -4.2331903e-04
  -2.4036741e-02  -1.2192826e-01   1.1339972e-02  -1.3952055e-03  -7.5209282e-04  -3.7566513e-04
  -2.3256288e-02  -1.0188569e-01  -6.8394130e-02   2.2252489e-05  -2.3537736e-04  -3.8233592e-04
  -3.3995152e-02  -1.1658857e-01  -2.5217382e-02  -2.0403117e-03  -6.3763289e-04  -3.9654290e-04
  -2.5810782e-02  -1.0985043e-01  -7.5106776e-03  -1.8233114e-04  -7.0700666e-04  -1.2124926e-04
  -3.8335349e-02  -1.4648202e-01  -3.5101984e-03  -1.4369306e-03  -6.6551188e-04  -4.7032142e-04
  -3.3073182e-02  -1.1410398e-01   1.2635596e-02   2.8670986e-05  -8.6120494e-04  -3.1998552e-04
  -2.5663513e-02  -1.4078614e-01   1.0887582e-02  -5.5420949e-04  -6.9786653e-04  -1.0415942e-04
  -1.5967745e-02  -1.5870417e-01   3.8653842e-02  -1.8272693e-03  -1.0555808e-03   3.9203695e-05
  -1.8303380e-02  -1.4853803e-01   1.7591473e-02  -1.9612568e-04  -9.1955435e-04   1.6745661e-04
  -1.0599595e-02  -1.8295761e-01   4.7005610e-02  -1.1756924e-03  -1.1929502e-03   5.7743733e-05
  -5.9436478e-03  -1.4474819e-01   6.0438166e-02  -6.7393758e-04  -1.5226191e-03   1.5688218e-04
  -3.7160419e-03  -1.4448794e-01   2.9092980e-02  -1.4031290e-04  -1.2867063e-03  -7.6103036e-05
  -7.8067753e-03  -1.6423260e-01   6.1851201e-02  -1.6499626e-03  -1.2043932e-03   3.4404067e-05
  -5.9823964e-04  -1.6215934e-01   4.1877512e-02  -3.6860508e-04  -1.3829210e-03  -1.0251547e-04
   6.0508673e-03  -1.8308234e-01   4.3155470e-02  -8.9361867e-04  -1.3883374e-03  -1.7405600e-04
  -1.0528729e-02  -1.5653120e-01   5.4235996e-02  -3.7173169e-04  -1.6314555e-03  -2.7760685e-04
  -1.2207411e-02  -1.9508715e-01   4.4026997e-02  -2.5574538e-04  -1.0479099e-03  -2.1621908e-04
  -5.3099729e-03  -1.7995441e-01   1.3137782e-02  -7.4708766e-05  -1.7166842e-03  -3.6323775e-05
   1.0677765e-03  -1.7703250e-01  -5.0999629e-02  -1.1424447e-04  -1.2476158e-03  -6.0824724e-05
  -1.4365861e-02  -1.7640217e-01   1.9831316e-02  -9.3489773e-04  -9.2006957e-04  -4.3202687e-04
  -8.2279506e-03  -1.6375207e-01   4.8192175e-02  -3.1499146e-04  -1.2951669e-03  -2.8042858e-04
  -1.6158090e-02  -2.1466083e-01   4.5959658e-02  -1.9488401e-03  -1.6079413e-03  -3.3915019e-04
   3.6638019e-04  -1.7227261e-01   3.9123647e-02   5.8814225e-05  -1.5055806e-03  -3.6847376e-04
   5.0833755e-03  -2.3329662e-01   2.7376219e-02  -1.1898868e-04  -1.3181606e-03  -3.3060044e-04
  -3.2398931e-03  -2.1041032e-01   2.5660391e-02   6.8045968e-04  -1.5874823e-03   1.4143657e-04
   1.5445091e-03  -2.0296995e-01   2.4541186e-02   5.2854722e-04  -1.4115726e-03   8.7197490e-05
  -9.4105203e-03  -2.4727589e-01   5.9308007e-02  -1.0397555e-03  -1.4941639e-03  -2.5824302e-04
  -1.5974176e-04  -2.0755335e-01   4.9690697e-02   5.5800486e-04  -1.5042359e-03  -3.2915999e-04
  -5.5575369e-03  -2.3941652e-01   5.5371979e-02  -6.5927009e-05  -1.4363237e-03  -2.1194906e-04
  -1.0440375e-02  -2.1342608e-01   9.5190202e-02   3.1579260e-04  -1.6528743e-03  -2.5259441e-04
  -1.7976920e-02  -2.3066066e-01   6.7287370e-02  -6.7750791e-04  -1.1913498e-03  -1.1751503e-04
  -2.2220979e-02  -2.2398345e-01   8.5188601e-02  -2.4696847e-04  -1.6964001e-03  -4.0308534e-04
  -2.6245897e-02  -2.0463381e-01   2.6118517e-02   2.1944021e-04  -1.8023357e-03  -3.6261458e-04
  -3.3399685e-02  -1.8109875e-01   2.8265105e-02  -4.6050788e-04  -1.6931055e-03  -4.9414019e-04
  -2.5569785e-02  -1.9579700e-01   4.2162324e-02   1.4268122e-04  -1.6260284e-03  -4.3123887e-04
  -2.1224497e-02  -2.2112669e-01  -1.2653318e-03  -7.8154162e-04  -1.7460068e-03  -4.4681742e-04
  -1.4101121e-02  -2.1243758e-01   3.2066827e-02   3.1144752e-04  -2.2908450e-03  -4.8239615e-04
  -2.6295855e-02  -2.1687507e-01   2.2444874e-03  -5.1366668e-04  -2.2390523e-03  -8.8161284e-04
  -1.8428978e-02  -2.0479881e-01   2.8052510e-02   1.5134282e-03  -2.4478388e-03  -1.2065830e-03
  -2.0859234e-02  -1.9901478e-01   4.9505459e-03   8.7268269e-04  -2.0651677e-03  -1.3428333e-03
  -1.5112753e-02  -1.7732322e-01   3.5788392e-02   2.3844314e-03  -2.7778191e-03  -8.9161715e-04
  -3.1287590e-02  -2.3448840e-01   2.5607612e-02   2.3747239e-04  -2.4969544e-03  -8.5384397e-04
  -2.1464102e-02  -2.0111053e-01   5.8661918e-02   1.1263892e-03  -2.7942546e-03  -7.4503251e-04
  -3.4578477e-02  -1.8954664e-01   2.3364129e-02   1.0662031e-03  -2.2720933e-03  -8.6546236e-04
  -3.7271115e-02  -1.6845778e-01   5.3571727e-02   9.4107801e-04  -2.6360198e-03  -1.1519633e-03
  -2.4063359e-02  -1.8654521e-01   6.4395955e-02   1.2295191e-03  -2.3188314e-03  -8.9096517e-04
  -3.5102394e-02  -2.1223722e-01   8.6706402e-02   1.0008407e-04  -2.3466728e-03  -7.8647485e-04
  -3.2737685e-02  -1.8807398e-01   8.4081922e-02   2.1670933e-03  -2.2532420e-03  -1.1711497e-03
  -4.4094866e-02  -2.0473022e-01   7.8829988e-02   1.3722762e-03  -2.0879315e-03  -1.1646302e-03
  -6.2565044e-02  -2.0698065e-01   9.9016221e-02   2.0492898e-04  -2.2581927e-03  -1.0014707e-03
  -5.6259979e-02  -2.1214161e-01   1.2674189e-01   6.7307667e-04  -2.4080791e-03  -1.0174138e-03
  -6.5257344e-02  -2.6368794e-01   7.8412121e-02   1.8982896e-04  -2.5043929e-03  -5.9851075e-04
  -6.4442692e-02  -2.7022614e-01   1.1030568e-01   3.8697388e-04  -2.8502068e-03  -1.0568067e-03
  -6.5120215e-02  -2.6525490e-01   8.8639159e-02   6.7613609e-04  -2.6585184e-03  -7.0277365e-04
  -8.4004237e-02  -2.8284182e-01   1.1441438e-01  -1.6213653e-04  -2.3106405e-03  -8.6525111e-04
  -7.9643047e-02  -2.9086046e-01   1.5507527e-01   1.3868169e-04  -2.7405630e-03  -1.3111596e-03
  -8.5121143e-02  -3.2610140e-01   1.4643806e-01  -5.3346148e-04  -2.2037182e-03  -1.2078579e-03
  -7.8714418e-02  -3.3040807e-01   1.7628615e-01  -1.0386452e-03  -2.7861301e-03  -1.2635822e-03
  -6.9435842e-02  -3.2138714e-01   1.6139202e-01   6.2182880e-04  -2.7265484e-03  -1.5471416e-03
  -8.4134847e-02  -3.6703709e-01   1.8459743e-01  -1.6588162e-03  -2.6000898e-03  -1.5348676e-03
  -7.7750586e-02  -3.4354332e-01   2.3486407e-01  -1.1735479e-03  -3.2589207e-03  -1.2923721e-03
  -7.9203781e-02  -3.6523706e-01   2.1828015e-01  -1.5523065e-03  -2.9960820e-03  -1.1837360e-03
  -8.6852754e-02  -3.7828131e-01   2.2142582e-01  -1.5334963e-03  -3.5289404e-03  -1.4622721e-03
  -8.2601092e-02  -3.6324102e-01   2.3210993e-01  -1.0774071e-03  -3.3419994e-03  -1.6482907e-03
  -8.6799285e-02  -4.1480039e-01   2.6567479e-01  -2.7227341e-03  -3.2921953e-03  -1.9366528e-03
  -8.1940172e-02  -3.7570320e-01   2.5502437e-01  -1.4474670e-03  -3.2284476e-03  -1.7841672e-03
  -8.6356488e-02  -4.4010049e-01   3.0172700e-01  -2.6071571e-03  -2.9738736e-03  -1.7724659e-03
  -7.9243594e-02  -3.9617903e-01   2.8069591e-01  -2.3392703e-03  -3.6229800e-03  -1.3214447e-03
  -7.8872039e-02  -4.1706904e-01   2.6239508e-01  -2.1886400e-03  -2.6436004e-03  -1.3133052e-03
  -5.8491683e-02  -4.1180626e-01   1.6298323e-01  -5.1630587e-04  -3.1009082e-03  -1.6431986e-03
  -5.2056270e-02  -3.8273633e-01   1.5507561e-01  -6.0166309e-04  -2.4272886e-03  -1.3898435e-03
  -7.2107574e-02  -4.2085748e-01   2.6002336e-01  -2.1870105e-03  -2.9724716e-03  -1.4340948e-03
  -5.5089169e-02  -3.7928451e-01   2.0384611e-01   4.9294640e-04  -3.0894085e-03  -1.2779725e-03
  -6.6097365e-02  -4.0828577e-01   1.8079353e-01  -9.4818638e-04  -2.7366277e-03  -1.4581479e-03
  -6.9731431e-02  -3.9244571e-01   2.3721859e-01   2.6201356e-05  -3.4926921e-03  -1.5438810e-03
  -7.3581101e-02  -4.0615794e-01   2.1576613e-01  -5.7465280e-04  -3.4322708e-03  -1.7660863e-03
  -8.6354040e-02  -3.9262761e-01   2.2229568e-01   1.5796915e-04  -4.0458101e-03  -1.9588052e-03
  -8.5292677e-02  -4.0364835e-01   2.2790185e-01   4.9293791e-04  -3.9858867e-03  -2.1672164e-03
  -9.0329071e-02  -3.8258800e-01   2.1930990e-01  -5.2445750e-05  -4.0824884e-03  -2.8053409e-03
  -8.3649260e-02  -3.8028498e-01   2.2187044e-01   1.1589811e-03  -3.6299906e-03  -2.5744142e-03
  -8.3473672e-02  -4.0230098e-01   2.5752208e-01  -6.6127221e-04  -4.7150285e-03  -2.7351660e-03
  -8.0029062e-02  -3.7422056e-01   2.3844646e-01  -6.3888247e-05  -4.4090847e-03  -2.5543488e-03
  -8.1664574e-02  -4.2201271e-01   2.3250760e-01  -1.7078244e-03  -3.1800165e-03  -2.2931966e-03
  -9.5273226e-02  -4.1215152e-01   2.4028105e-01  -1.4163173e-03  -4.4098202e-03  -2.3196984e-03
  -8.8889609e-02  -4.3955707e-01   2.2343851e-01  -8.5666529e-04  -3.6657461e-03  -2.4659596e-03
  -9.4883229e-02  -4.4523076e-01   2.8011593e-01  -1.8679754e-03  -4.1056293e-03  -2.7533682e-03
  -9.4100340e-02  -4.3076698e-01   2.4828722e-01   1.7377999e-04  -3.8186758e-03  -3.0790945e-03
  -1.1251447e-01  -4.2312904e-01   2.4840930e-01  -9.2465387e-05  -3.7799676e-03  -3.0907119e-03
  -1.0737040e-01  -3.9535153e-01   2.5147170e-01   1.8908746e-03  -4.1731034e-03  -3.8447772e-03
  -1.1656088e-01  -4.0912084e-01   2.6353042e-01   1.1277790e-03  -3.9216216e-03  -4.6159292e-03
  -1.3395326e-01  -3.8330388e-01   2.5354851e-01   2.0882152e-03  -4.5633751e-03  -5.0564455e-03
  -1.2963039e-01  -4.3548347e-01   2.4289766e-01   8.8929624e-04  -4.2259472e-03  -5.0520621e-03
  -1.2137380e-01  -3.8657044e-01   2.4625428e-01   1.3265210e-03  -4.4539080e-03  -4.5685830e-03
  -1.2104049e-01  -4.0214152e-01   2.7418088e-01   2.0118258e-03  -4.2109418e-03  -4.1338716e-03
  -1.3839482e-01  -4.3928455e-01   3.4402627e-01   8.1896841e-04  -4.3434786e-03  -4.6007699e-03
  -1.3337654e-01  -4.5321016e-01   3.4199703e-01   2.0867866e-03  -4.1836224e-03  -4.2408547e-03
  -1.2743833e-01  -5.1114019e-01   3.6804422e-01   1.3073444e-03  -4.5431395e-03  -3.8338659e-03
  -1.3222675e-01  -4.6468345e-01   3.8121785e-01   1.7567115e-03  -5.3889647e-03  -4.1151228e-03
  -1.2986682e-01  -4.7667625e-01   3.6470853e-01   2.5700261e-03  -4.8822636e-03  -3.9276399e-03
  -1.3119098e-01  -5.2772312e-01   4.3877277e-01   5.2333514e-04  -5.1143226e-03  -4.0518364e-03
  -1.2230975e-01  -4.7766669e-01   4.2413438e-01   2.5534238e-03  -5.4869294e-03  -3.1992809e-03
  -1.4247886e-01  -4.8953607e-01   4.3758396e-01   2.8255549e-03  -4.6751097e-03  -3.8532867e-03
  -1.4016240e-01  -4.4621200e-01   4.5238252e-01   3.9374326e-03  -5.4268511e-03  -4.3768985e-03
  -1.7071207e-01  -4.5597265e-01   4.2819194e-01   1.7091626e-03  -4.8482272e-03  -4.3120385e-03
  -1.5007043e-01  -4.1642390e-01   4.2854183e-01   3.7822268e-03  -4.9294879e-03  -4.7717100e-03
  -1.7500662e-01  -4.5116824e-01   4.3685310e-01   1.6787592e-03  -5.1861441e-03  -4.2745936e-03
  -1.6354324e-01  -4.0384543e-01   4.3361744e-01   2.7319332e-03  -5.0768832e-03  -4.8646788e-03
  -1.6880157e-01  -4.2770901e-01   4.4696965e-01   2.5877822e-03  -4.9591907e-03  -4.6642965e-03
  -1.6516156e-01  -4.2798311e-01   4.1822479e-01   3.0165603e-03  -5.1732449e-03  -4.4974755e-03
  -1.7296986e-01  -4.9794566e-01   4.1259581e-01   1.4154659e-03  -4.2448410e-03  -4.3976446e-03
  -1.5903210e-01  -4.1551465e-01   3.8235479e-01   2.4920701e-03  -4.5357317e-03  -3.8410920e-03
  -1.4138812e-01  -4.6210432e-01   4.3010356e-01   3.0491606e-03  -4.4671373e-03  -3.8310519e-03
  -1.4211866e-01  -4.6373999e-01   3.5850910e-01   3.4587450e-03  -4.1745870e-03  -3.7491154e-03
  -1.4382199e-01  -4.8108188e-01   3.2475867e-01   3.4537666e-03  -3.9707080e-03  -3.6260504e-03
  -1.4101525e-01  -4.6744252e-01   3.3067710e-01   3.2040500e-03  -4.1871257e-03  -3.8737902e-03
  -1.3137197e-01  -4.7478758e-01   3.5502146e-01   3.6825517e-03  -3.9137721e-03  -3.7303346e-03
  -1.4130543e-01  -4.4510609e-01   3.5471967e-01   2.7505942e-03  -4.0140479e-03  -3.6914674e-03
  -1.3032504e-01  -4.4835748e-01   3.0513641e-01   3.9872417e-03  -3.8675393e-03  -3.5950187e-03
  -1.4192841e-01  -4.7203842e-01   3.3389139e-01   2.3995599e-03  -3.8376459e-03  -3.6313074e-03
  -1.3278084e-01  -4.4622270e-01   3.6726689e-01   2.7977591e-03  -3.8155081e-03  -3.3541422e-03
  -1.4660598e-01  -5.2583920e-01   4.0054509e-01   1.3638786e-03  -3.1760119e-03  -3.6210865e-03
  -1.3915500e-01  -5.4254746e-01   4.2731975e-01   3.8906961e-04  -3.4902101e-03  -3.4381984e-03
  -1.3076958e-01  -5.3242075e-01   3.6209960e-01   1.7184107e-03  -3.1239350e-03  -3.2647686e-03
  -1.3293216e-01  -5.6086261e-01   4.0005541e-01   8.4413073e-04  -3.4513653e-03  -3.4613082e-03
  -1.3215317e-01  -5.4958212e-01   3.9915973e-01   1.4531755e-03  -3.8182892e-03  -3.7171779e-03
  -1.4544456e-01  -5.8671816e-01   3.8942897e-01   1.1775409e-03  -3.6212997e-03  -3.4126228e-03
  -1.4109102e-01  -5.7691290e-01   3.8728419e-01   2.0832948e-03  -3.7977863e-03  -3.5905555e-03
  -1.3205917e-01  -5.6329134e-01   3.9866515e-01   1.9226438e-03  -3.7071068e-03  -3.5974718e-03
  -1.2994558e-01  -5.8053270e-01   3.8300484e-01   2.0952058e-03  -3.4396145e-03  -3.5032699e-03
  -1.4042533e-01  -6.0997833e-01   4.1867265e-01   7.5268875e-04  -3.6026996e-03  -3.6380348e-03
  -1.3022346e-01  -5.8867435e-01   4.4372528e-01   2.3636343e-03  -3.6935499e-03  -3.6432297e-03
  -1.2811013e-01  -6.0068989e-01   4.3966302e-01   1.9087841e-03  -3.7198653e-03  -3.3374650e-03
  -1.3294738e-01  -5.7542935e-01   4.3710919e-01   1.5323688e-03  -3.9684021e-03  -3.4698582e-03
  -1.3319189e-01  -5.6895552e-01   4.1643160e-01   2.7674519e-03  -3.4053542e-03  -3.7123932e-03
  -1.4771234e-01  -5.9018255e-01   4.5376721e-01   1.8740399e-03  -3.1105819e-03  -3.8188917e-03
  -1.4708968e-01  -5.5181690e-01   4.3939825e-01   2.4800604e-03  -3.3524391e-03  -3.7714747e-03
  -1.4797825e-01  -5.6916424e-01   3.8477249e-01   1.6403473e-03  -3.2990283e-03  -3.3800194e-03
  -1.5644495e-01  -5.5336412e-01   4.1439044e-01   2.1874521e-03  -3.8103617e-03  -3.3706361e-03
  -1.6386491e-01  -5.6745754e-01   4.1545387e-01   3.4766270e-03  -3.9202494e-03  -3.6839217e-03
  -1.7179716e-01  -5.8772368e-01   4.3263819e-01   1.9931404e-03  -3.8259340e-03  -3.9484233e-03
  -1.6178263e-01  -5.8458798e-01   3.6691974e-01   1.9407666e-03  -3.5392414e-03  -3.7516113e-03
  -1.7179725e-01  -6.4718988e-01   3.7087794e-01   6.7338833e-04  -3.7584866e-03  -3.3973380e-03
  -1.5570400e-01  -6.0069396e-01   3.4727002e-01   2.5896056e-03  -3.2459848e-03  -3.3778574e-03
  -1.5027522e-01  -6.4554350e-01   3.5333120e-01   7.3740678e-04  -3.6620941e-03  -3.0710185e-03
  -1.5210493e-01  -6.1718160e-01   3.5609156e-01   1.0837897e-03  -3.7298505e-03  -3.2753205e-03
  -1.4317199e-01  -6.4195150e-01   3.2734037e-01   1.9630491e-03  -3.0183607e-03  -3.2735567e-03
  -1.3779054e-01  -6.6901149e-01   3.7401483e-01   5.1830714e-04  -3.6997982e-03  -3.2913957e-03
  -1.3048251e-01  -6.4414867e-01   3.8445334e-01   2.0039583e-03  -3.6373618e-03  -3.0607309e-03
  -1.2533035e-01  -6.7200874e-01   4.0922757e-01   5.8013034e-04  -3.4908763e-03  -3.1241127e-03
  -1.2972797e-01  -6.6940745e-01   4.3556071e-01   1.3903402e-03  -3.3323891e-03  -2.9241297e-03
  -1.1097142e-01  -6.9844880e-01   4.3608602e-01   1.2781188e-03  -2.9855387e-03  -2.5179414e-03
  -1.1979436e-01  -7.0472817e-01   4.8148503e-01   3.8086537e-04  -3.6992355e-03  -2.5129602e-03
  -1.1248045e-01  -6.8792700e-01   4.3980705e-01   2.0641972e-03  -3.1506704e-03  -2.3090281e-03
  -1.1876108e-01  -7.1122820e-01   4.7714487e-01   8.8508839e-04  -3.3829902e-03  -2.3271459e-03
  -1.1875289e-01  -6.7206040e-01   4.8031843e-01   1.9996003e-03  -2.9822805e-03  -2.4215053e-03
  -1.0994147e-01  -7.2892191e-01   5.1780316e-01   8.0419765e-04  -3.0644594e-03  -2.2297720e-03
  -1.1123088e-01  -6.9906050e-01   4.9574342e-01   2.1151599e-03  -3.1389984e-03  -2.3369028e-03
  -1.0532868e-01  -7.1812148e-01   4.7859697e-01   1.6669166e-03  -2.9494925e-03  -2.1348383e-03
  -1.1467970e-01  -6.8546723e-01   4.7873110e-01   2.0704396e-03  -2.9884678e-03  -2.0306542e-03
  -1.1543796e-01  -6.9943963e-01   4.0563192e-01   2.8026287e-03  -2.8940309e-03  -1.9968709e-03
  -1.2546121e-01  -6.7503658e-01   3.4750500e-01   2.5782759e-03  -3.2106255e-03  -2.1577305e-03
  -1.2536657e-01  -6.9950981e-01   3.9921878e-01   2.8805216e-03  -2.9042248e-03  -2.1358439e-03
  -1.1445184e-01  -7.1153597e-01   4.2968257e-01   1.4288484e-03  -3.4965233e-03  -2.0720516e-03
  -1.2894301e-01  -6.9802493e-01   4.4964258e-01   2.2953526e-03  -3.1559453e-03  -2.0080963e-03
  -1.3481274e-01  -7.3594028e-01   4.5547907e-01   2.2095284e-03  -3.0228815e-03  -1.8111160e-03
  -1.4471797e-01  -7.3675633e-01   4.8643972e-01   2.5852283e-03  -3.2535540e-03  -2.1097423e-03
  -1.2150847e-01  -7.4077644e-01   3.9285216e-01   4.2908902e-03  -2.7861908e-03  -1.8231872e-03
  -1.2182199e-01  -7.3950502e-01   3.5405569e-01   3.2400937e-03  -3.2970142e-03  -1.7205424e-03
  -1.1385996e-01  -7.0529717e-01   3.9656214e-01   3.3092908e-03  -3.1864086e-03  -1.7079758e-03
  -1.1591669e-01  -7.5160426e-01   4.2252874e-01   2.4258218e-03  -2.8765961e-03  -1.6482980e-03
  -1.0992526e-01  -7.5212864e-01   4.6198301e-01   2.1475771e-03  -3.3950037e-03  -1.3933188e-03
  -9.4699752e-02  -7.5411917e-01   4.2971190e-01   2.9308931e-03  -3.3327400e-03  -1.2746658e-03
  -9.5149505e-02  -8.0359536e-01   4.3459207e-01   1.7982718e-03  -2.9825829e-03  -1.4295257e-03
  -9.9791193e-02  -7.6847881e-01   4.3240377e-01   2.3396847e-03  -3.0616992e-03  -1.4215760e-03
  -8.5171727e-02  -8.0927642e-01   4.3522287e-01   2.1893723e-03  -3.3192951e-03  -1.1081278e-03
  -9.3013823e-02  -8.1464409e-01   4.9586048e-01   2.2200467e-03  -3.5204029e-03  -1.3125946e-03
  -9.3307527e-02  -8.0418704e-01   4.7534956e-01   4.0288406e-03  -3.3560533e-03  -1.5273183e-03
  -9.7784118e-02  -8.5207324e-01   4.8669575e-01   1.8672031e-03  -3.7476017e-03  -1.3266377e-03
  -9.0533598e-02  -8.0963048e-01   3.9122224e-01   2.9188208e-03  -3.5066872e-03  -1.2192309e-03
  -7.9004171e-02  -8.5269264e-01   4.3511898e-01   2.1136064e-03  -3.5018603e-03  -1.5550604e-03
  -8.8243802e-02  -7.9252919e-01   4.3097099e-01   4.6275179e-03  -3.2650629e-03  -1.5770687e-03
  -9.1460817e-02  -8.2117387e-01   4.3638935e-01   3.5249149e-03  -3.0729126e-03  -1.7314420e-03
  -9.2200192e-02  -7.8550649e-01   4.6700284e-01   3.8261564e-03  -3.1947929e-03  -1.5987347e-03
  -1.0237065e-01  -8.0992463e-01   4.1886682e-01   3.4761802e-03  -3.1291485e-03  -1.1997612e-03
  -1.0933183e-01  -8.1461573e-01   4.2641484e-01   3.3796223e-03  -3.2558775e-03  -1.7481555e-03
  -1.0686796e-01  -8.3565375e-01   3.9000582e-01   2.9720276e-03  -2.8991448e-03  -1.5399526e-03
  -1.0489609e-01  -8.6754622e-01   3.8237428e-01   3.7559172e-03  -2.7157633e-03  -1.3650382e-03
  -1.1611926e-01  -8.5190734e-01   4.3197326e-01   2.9113798e-03  -3.1622476e-03  -1.5888362e-03
  -1.1567322e-01  -8.5527706e-01   4.0377720e-01   3.4557699e-03  -2.8593362e-03  -1.3131337e-03
  -1.1649806e-01  -8.8459776e-01   4.2732254e-01   2.5661925e-03  -2.8562431e-03  -1.2047559e-03
  -1.1422107e-01  -8.4413242e-01   4.2789624e-01   3.9297993e-03  -3.0661391e-03  -1.2287979e-03
  -1.0226794e-01  -8.7394450e-01   4.0021224e-01   3.0669790e-03  -3.3344458e-03  -9.9812087e-04
  -1.0823759e-01  -8.3880412e-01   4.2171151e-01   4.0076024e-03  -2.9674964e-03  -1.1398877e-03
  -1.1001197e-01  -8.5029487e-01   3.6618940e-01   4.7834682e-03  -2.9981626e-03  -9.7472731e-04
