   0.0000000e+00   0.0000000e+00   0.0000000e+00   0.0000000e+00   0.0000000e+00   0.0000000e+00
   1.1415383e-02   2.1767266e-02   4.0818151e-02   8.5793970e-04   9.9562808e-05   6.6944627e-05
   1.9393169e-02  -3.4122225e-02   1.6565626e-02   5.6751185e-04   2.6113662e-04  -7.0712558e-05
   1.2738998e-02   2.0493268e-03   2.2287186e-02   5.2281366e-04   9.8207706e-05  -1.7936943e-04
   7.1504671e-03   3.0466993e-02   3.2246515e-02   1.0115012e-03   3.7274022e-05  -2.2769414e-04
   4.2440705e-03   5.5541043e-03   2.2815089e-02   1.4799329e-03   3.3191926e-06  -9.6268733e-05
  -5.7444547e-03  -1.3860420e-03   1.8898658e-02   3.5250147e-04  -1.4189767e-04   1.3477069e-04
  -5.7883236e-04  -1.5241454e-02   2.8030397e-02   9.2104042e-04   1.5660643e-04  -1.6142663e-04
   3.3417229e-05  -1.4013893e-01   1.3058957e-02  -9.3204780e-04  -1.3697165e-04  -2.6974903e-04
  -3.0469362e-03  -9.1160769e-02   3.2658558e-02  -8.3615618e-04  -5.1504471e-04   6.5888161e-05
   5.1732011e-03  -7.9866773e-02   2.9891251e-02   2.8274604e-04  -4.5675781e-04  -9.0109338e-05
   4.9445621e-03  -1.5833344e-01   1.7154377e-03  -3.5955692e-04  -4.0626771e-04  -6.4201825e-06
  -3.6638445e-03  -1.4115248e-01   5.9492715e-03  -5.5451017e-04  -3.2812355e-04  -7.2175076e-05
  -5.1697690e-03  -1.3156321e-01   3.6258518e-02  -4.2990036e-04  -5.6347177e-04  -1.8671212e-04
   1.0571887e-03  -1.6782318e-01   3.4580538e-02  -2.6973482e-04  -5.5654550e-04  -1.4576168e-04
  -1.7926977e-03  -2.2302099e-01   1.7328501e-02  -1.5269208e-03  -4.0963052e-04  -9.9463173e-06
  -1.7180890e-03  -2.3153237e-01   2.9406459e-02  -1.5947897e-03  -5.3501206e-04   1.2089575e-04
   1.9358502e-04  -1.6930375e-01   3.6507808e-02  -8.7843439e-04  -8.6980243e-04   6.9822459e-05
  -1.6923383e-03  -1.8096324e-01   3.2132397e-02  -5.8997844e-04  -8.9227955e-04   5.3595808e-05
   2.0878656e-03  -2.0897709e-01   1.8937415e-02  -7.4505423e-04  -7.2339526e-04  -1.0878517e-04
  -1.2564645e-03  -2.6147210e-01   3.0774529e-03  -1.8209381e-03  -9.6229132e-04   8.8777862e-06
   4.7737243e-04  -1.7565199e-01   2.9005906e-02  -1.1356818e-03  -8.2534336e-04  -6.9980033e-05
   9.6569915e-03  -1.8152802e-01  -2.9886670e-03  -2.0062000e-04  -9.9711986e-04   5.1603170e-05
  -3.9826890e-03  -2.3978805e-01  -4.1009780e-02  -2.0364680e-03  -1.0869215e-03   1.3000541e-04
  -1.0468784e-02  -1.6894385e-01  -3.4422507e-02  -1.4854184e-03  -1.2307911e-03   3.7437377e-05
  -1.5060515e-02  -1.6099339e-01  -3.7385263e-02  -1.2371515e-03  -1.0531148e-03  -2.2243286e-04
  -2.0238867e-02  -1.7964870e-01  -6.0616631e-02  -1.4864396e-03  -1.0580534e-03   6.5578529e-05
  -1.7621125e-02  -1.8779312e-01  -6.6437538e-02  -1.6663072e-03  -8.3841645e-04  -2.5133132e-04
  -1.1473257e-02  -1.5946783e-01  -5.1237554e-02  -8.2168858e-04  -7.7070347e-04  -4.0259773e-04
  -9.8950813e-03  -2.0602943e-01  -5.8551697e-02  -1.4074561e-03  -1.1088090e-03  -1.5670234e-04
  -1.2143832e-02  -1.7639788e-01  -5.6101744e-02  -1.6123364e-03  -9.2028153e-04   1.5945100e-04
  -4.3135973e-03  -1.8927366e-01  -7.4086522e-02  -1.2509699e-03  -7.8869542e-04   6.9979661e-05
  -1.5381603e-03  -2.5667798e-01  -7.7868037e-02  -1.8082501e-03  -7.5058996e-04   2.4082438e-04
  -4.3715376e-03  -2.4095966e-01  -8.4256714e-02  -1.7010393e-03  -1.0388919e-03   1.9624556e-04
   1.6478112e-03  -2.3162490e-01  -9.5262106e-02  -8.5764634e-04  -9.3792637e-04   7.9434565e-05
   9.3832381e-04  -2.5083180e-01  -1.1424472e-01  -1.0478411e-03  -9.7719834e-04   1.0999331e-04
   3.2245284e-03  -2.5871462e-01  -1.1518552e-01  -1.5009055e-03  -8.6246510e-04   1.5621957e-04
  -5.8290640e-03  -2.6472216e-01  -1.2124446e-01  -1.6759108e-03  -9.0009779e-04   9.5930916e-05
  -7.2375289e-03  -2.2663291e-01  -8.4640294e-02  -7.2521658e-04  -9.5208130e-04  -3.6747104e-06
  -1.0990967e-02  -2.3603318e-01  -1.0084719e-01   2.0408066e-04  -9.2083742e-04  -1.6240263e-04
  -9.0659828e-03  -2.9241599e-01  -1.0409269e-01  -1.0387939e-03  -1.0816148e-03   8.9067960e-05
  -1.0386801e-02  -3.0813885e-01  -9.7824034e-02  -2.1507252e-03  -9.9591385e-04  -8.7664793e-05
  -1.1077353e-02  -2.3332245e-01  -7.9576602e-02  -7.4987178e-04  -8.5788658e-04   9.0491373e-05
  -6.9912839e-03  -2.7395685e-01  -1.0002384e-01  -5.7668799e-04  -7.7607153e-04   8.5502131e-05
  -1.6741228e-02  -3.2189123e-01  -1.0372516e-01  -1.0973877e-03  -1.1555727e-03   4.0741794e-05
  -2.0699592e-02  -2.3477248e-01  -7.8036387e-02  -6.6922137e-04  -1.1661518e-03   8.8091571e-05
  -1.2861309e-02  -2.3401547e-01  -9.1967631e-02  -3.8439811e-05  -1.0638474e-03   3.3046736e-04
  -8.3993401e-03  -3.0818480e-01  -1.1051280e-01  -7.6465590e-04  -9.1687960e-04   3.3645760e-04
  -1.4799604e-02  -2.8646551e-01  -8.4128417e-02  -6.0345336e-04  -8.3626343e-04   1.6705090e-04
  -1.7764479e-02  -2.6896105e-01  -7.9084505e-02  -1.9545087e-04  -8.7069906e-04   1.1890743e-04
  -8.1847868e-03  -2.8348703e-01  -1.0271843e-01   5.9840917e-04  -9.3818138e-04  -2.0763768e-04
  -3.6311566e-03  -3.2474226e-01  -1.2295365e-01  -4.6534279e-04  -1.1801856e-03   2.7596309e-04
  -1.4544737e-02  -2.3593234e-01  -8.8068526e-02   3.8189381e-04  -6.0292011e-04  -4.5138899e-05
  -1.4225313e-02  -2.6555207e-01  -7.4761627e-02   6.5285914e-04  -1.0177550e-03   2.6985286e-06
  -6.5851579e-03  -3.7480039e-01  -1.5634817e-02  -6.2440941e-04  -1.1843814e-03   1.7258212e-04
  -9.2686053e-03  -3.0599788e-01  -1.8200063e-02  -4.9638474e-04  -1.2458407e-03   2.0060101e-04
  -4.3392171e-03  -3.1713337e-01  -6.6690435e-02   3.1327889e-04  -9.0731861e-04  -2.0901375e-04
  -5.0948277e-03  -3.5605489e-01  -5.5321259e-02  -4.6198473e-04  -1.0185593e-03   1.1283052e-04
  -1.7360559e-02  -2.3835340e-01  -3.4437780e-02   9.4131223e-04  -9.9383409e-04  -4.7776323e-05
  -9.5551216e-03  -3.3769332e-01  -2.3306200e-02   4.7570547e-04  -6.3207589e-04  -3.3229007e-04
  -2.0487534e-02  -3.2835081e-01  -1.6182032e-02  -4.1452474e-05  -8.2489804e-04  -1.3112385e-04
  -2.5209898e-02  -3.2417556e-01  -3.8183445e-02   7.2241673e-04  -9.1065062e-04  -9.0951852e-05
  -2.6623994e-02  -3.8449074e-01  -4.3599805e-02  -7.4088590e-05  -9.6114421e-04  -2.1224900e-05
  -2.5532034e-02  -3.7395310e-01  -4.0234862e-02  -6.3916186e-04  -1.1031120e-03  -4.6649900e-05
  -1.9423870e-02  -3.5328097e-01  -3.9721029e-02   8.8203373e-04  -8.4574423e-04  -1.2099778e-04
  -1.9448958e-02  -4.5345365e-01  -5.8633637e-02  -4.7595912e-04  -9.3166790e-04  -3.4719262e-04
  -1.9746595e-02  -4.2886898e-01  -4.5647774e-02  -3.0113232e-04  -9.4161133e-04   1.5232526e-04
  -2.3340771e-02  -3.8759947e-01  -5.3004851e-02   9.0558568e-04  -8.2232052e-04   4.7233915e-05
  -1.7685985e-02  -4.7137697e-01  -1.0235871e-01   1.3563256e-04  -9.2132400e-04  -4.9645440e-05
  -2.1657966e-02  -4.4082419e-01  -7.2484572e-02  -1.3272605e-04  -1.0150211e-03  -5.7855245e-05
  -2.1291434e-02  -3.9814795e-01  -3.3727617e-02   9.8686289e-04  -9.6282345e-04  -9.9535609e-05
  -1.6149083e-02  -4.6289939e-01  -5.5748359e-02   8.3071027e-04  -8.1643288e-04  -1.4153267e-04
  -2.5034039e-02  -4.3347290e-01  -4.7026323e-02   7.3337283e-05  -1.1830053e-03   6.6083105e-05
  -2.0684353e-02  -3.7969869e-01  -3.1575747e-02   1.2002035e-03  -1.0113960e-03  -2.7526058e-04
  -2.0235172e-02  -4.9213377e-01  -6.5712239e-02  -3.5983899e-04  -1.0327753e-03  -1.9763682e-04
  -2.1650925e-02  -5.2377697e-01  -6.0003448e-02  -8.4722468e-04  -1.0935123e-03  -5.9753999e-05
  -1.8794162e-02  -4.8601371e-01  -9.6034543e-02  -9.1484583e-06  -1.1669717e-03  -2.4256102e-04
  -2.1897488e-02  -5.3760254e-01  -1.0232412e-01  -3.5330315e-04  -1.1126706e-03  -3.8720767e-04
  -2.4525550e-02  -4.9855658e-01  -7.6591698e-02  -3.2843080e-04  -9.5235351e-04  -8.2921983e-05
  -2.0293221e-02  -4.9601779e-01  -8.1514532e-02   3.1677009e-04  -8.0385117e-04  -2.8822082e-04
  -1.3988557e-02  -5.6190844e-01  -1.0011538e-01  -5.3070342e-04  -9.7478079e-04  -3.1805433e-05
  -1.8679109e-02  -4.6873950e-01  -7.6063432e-02  -2.6216175e-04  -1.0305984e-03   2.7275503e-04
  -1.7055435e-02  -4.8126908e-01  -9.4785629e-02   4.4371666e-04  -8.0115488e-04   6.8943966e-05
  -7.3452478e-03  -5.7989361e-01  -8.6366582e-02  -6.6180410e-04  -1.0317176e-03   2.1967859e-05
  -2.6723482e-02  -5.3231188e-01  -7.3677782e-02  -7.3230954e-04  -1.0505361e-03  -2.8331897e-04
  -2.0238049e-02  -5.6638462e-01  -8.6232861e-02   2.9496156e-04  -8.2594102e-04  -2.5924094e-05
  -2.1020673e-02  -6.2029445e-01  -1.7856411e-02  -1.4862068e-03  -1.2300130e-03  -1.5244065e-05
  -2.6530766e-02  -5.4944972e-01  -4.8882462e-03  -9.8537402e-04  -1.4493165e-03  -9.4617567e-05
  -3.0863587e-02  -5.9876453e-01  -3.7335496e-02  -7.3266538e-04  -1.3598777e-03  -2.2681811e-04
  -3.0410941e-02  -5.9821163e-01  -2.1596223e-02  -1.8063380e-03  -1.3532428e-03   3.8187438e-05
  -3.2824127e-02  -5.7622916e-01   3.6827159e-03  -9.5546619e-04  -1.1476158e-03  -2.2389688e-05
  -2.6607455e-02  -6.3378399e-01  -8.9205294e-03  -1.2084219e-03  -1.2184652e-03   3.2154665e-05
  -3.3316479e-02  -6.3660785e-01  -2.7617689e-02  -1.7496052e-03  -1.5551397e-03   2.3469371e-05
  -3.7942625e-02  -6.1123306e-01  -9.2174240e-03  -9.2526543e-04  -1.5120320e-03   5.3504401e-06
  -3.5023277e-02  -6.7118778e-01  -2.7323294e-02  -1.4904869e-03  -1.5676564e-03   2.4025162e-04
  -4.1800974e-02  -6.0990418e-01   3.2138770e-04  -1.2362495e-03  -1.2622730e-03   6.6563074e-05
  -4.2139596e-02  -6.1753865e-01  -2.0080461e-03  -7.4886584e-04  -1.1870458e-03  -1.6125889e-04
  -3.6966594e-02  -6.5743504e-01  -1.9540288e-02  -1.8405305e-03  -1.4402324e-03   2.3001350e-04
  -4.3540806e-02  -5.9554249e-01  -1.9517068e-02  -5.9487940e-04  -1.5659134e-03   5.2803892e-05
  -3.9772634e-02  -6.7728442e-01  -4.0591100e-02  -9.8266413e-04  -1.7257639e-03   1.9998593e-04
  -3.9912605e-02  -6.8701796e-01  -3.4382632e-02  -1.5210877e-03  -1.8819899e-03   2.3063538e-04
  -4.0942087e-02  -6.3962666e-01  -3.9655042e-02  -7.7311476e-04  -1.6575779e-03   2.0474987e-04
  -3.6120605e-02  -6.9231347e-01  -6.7302035e-02  -1.4196591e-03  -1.8654073e-03   1.2672983e-04
  -4.0777464e-02  -6.6489055e-01  -9.2155773e-02  -1.5851641e-03  -1.9176677e-03   2.7224826e-04
  -4.6651723e-02  -6.3169457e-01  -9.8369599e-02  -1.7428942e-04  -1.7433903e-03   3.9754715e-06
  -8.7940622e-02  -7.2125406e-01  -1.0917426e-01  -1.3844726e-03  -3.1105986e-03  -3.3519995e-04
  -7.9227874e-02  -7.4690847e-01  -8.9451705e-02  -2.0357774e-03  -2.5960401e-03  -5.3753647e-04
  -7.4867536e-02  -6.8737561e-01  -5.3116908e-02  -1.0471003e-03  -2.0926036e-03  -6.9823998e-04
  -7.1072123e-02  -7.5214511e-01  -8.3237535e-02  -9.2364907e-04  -1.9269796e-03  -1.8419281e-04
  -6.7076725e-02  -7.5348344e-01  -4.2551680e-02  -1.4701483e-03  -2.0427774e-03  -9.7293069e-05
  -5.6328908e-02  -7.2715373e-01  -3.5590880e-02  -1.5842078e-03  -1.7988667e-03   6.3964825e-05
  -4.9761723e-02  -7.1946098e-01  -3.6687394e-02  -5.3238461e-04  -1.7434939e-03   1.5999169e-04
  -4.5072262e-02  -7.8771564e-01  -4.4862214e-02  -1.1000689e-03  -1.8836974e-03  -1.2758420e-05
  -4.4167154e-02  -7.6657095e-01  -4.0440456e-02  -1.7192751e-03  -1.8009252e-03   1.5335515e-04
  -4.4107392e-02  -7.2038286e-01  -3.8254212e-02  -4.9818540e-04  -1.5730917e-03   2.0587484e-04
  -4.8697706e-02  -7.6506093e-01  -7.7012859e-02  -4.7602196e-04  -1.7431159e-03   1.4696369e-04
  -4.6359233e-02  -7.3514743e-01  -5.3129666e-02   4.2486663e-05  -1.9625967e-03   1.5975195e-04
  -4.8144644e-02  -7.0043709e-01  -6.9243139e-02   2.7331784e-04  -1.9996953e-03   3.0195288e-04
  -4.3842505e-02  -6.7168317e-01  -7.5711575e-02   8.1534870e-04  -1.7516630e-03   3.8823357e-04
  -3.5983188e-02  -6.8884024e-01  -1.0047965e-01   9.3619941e-04  -1.5750715e-03   3.1300957e-04
  -3.4615215e-02  -7.2816853e-01  -9.8163217e-02   6.1851731e-04  -1.6429900e-03   1.7104287e-04
  -4.1790359e-02  -7.3190642e-01  -8.8865921e-02   9.5647392e-05  -1.8588870e-03   1.4666751e-04
  -4.1262480e-02  -6.9679190e-01  -8.2840874e-02   8.0441534e-04  -1.8875742e-03   1.6911525e-04
  -3.6999934e-02  -7.0050421e-01  -7.9387517e-02   1.1352508e-03  -1.8810534e-03   2.3661472e-04
  -3.6184466e-02  -7.4036601e-01  -7.3965459e-02   3.9519318e-04  -1.7497707e-03   3.6046483e-04
  -4.0356604e-02  -7.3749097e-01  -6.3983057e-02   2.6612130e-04  -1.6799262e-03   3.6731961e-04
  -4.1232467e-02  -7.0922267e-01  -5.2748017e-02   1.1294108e-03  -1.7577144e-03   3.6652651e-04
  -3.7330416e-02  -7.6594127e-01  -9.3791243e-02   1.5679155e-03  -1.7055427e-03   3.5738349e-04
  -3.8274828e-02  -8.1596284e-01  -9.0311200e-02   3.3055026e-04  -1.9439967e-03   3.8861282e-04
  -3.9165761e-02  -7.5480124e-01  -5.9973946e-02   9.0882773e-04  -1.9037631e-03   3.2173926e-04
  -3.3284821e-02  -7.7523358e-01  -1.0631183e-01   1.4598181e-03  -1.8548495e-03   3.8180827e-04
  -3.8396699e-02  -8.0076381e-01  -8.5912202e-02   6.6742094e-04  -1.9507108e-03   2.9443240e-04
  -3.9311501e-02  -7.6110240e-01  -5.9173490e-02   1.1986718e-03  -1.9403825e-03   3.7589009e-04
  -2.9219958e-02  -7.5081497e-01  -5.7736362e-02   2.0107054e-03  -1.6285019e-03   4.1744407e-04
  -2.8053471e-02  -8.2033519e-01  -7.6130403e-02   9.8792353e-04  -2.0153334e-03   2.9010356e-04
  -2.8724722e-02  -7.6038445e-01   3.6605073e-02   1.5728302e-03  -1.8982306e-03   2.1843284e-04
  -3.8261605e-02  -1.0187002e+00   1.9148789e-01   8.9322696e-04  -2.0442489e-03   6.5857201e-04
  -6.4594446e-02  -7.6045284e-01   1.1041454e-01   3.4306147e-03  -1.0873058e-03   6.8538085e-04
  -6.3193124e-02  -7.4595544e-01   1.1338764e-01   3.4229530e-03  -9.8331561e-04   6.4886736e-04
  -6.1646606e-02  -8.0482800e-01   2.1272761e-01   2.3365120e-03  -1.4636542e-03   4.9043882e-04
  -5.4032721e-02  -8.2066566e-01   1.9285386e-01   1.7155777e-03  -2.0936591e-03   3.1703586e-04
  -4.7695321e-02  -7.9765011e-01   2.0968937e-01   2.3300888e-03  -1.6469013e-03   3.8556135e-04
  -5.2116915e-02  -7.7770232e-01   2.2966285e-01   2.7424050e-03  -1.4694814e-03   4.3522261e-04
  -5.5455775e-02  -8.3139806e-01   2.3982780e-01   2.2501398e-03  -1.7561534e-03   2.9860224e-04
  -5.9310580e-02  -8.6754507e-01   2.3937438e-01   1.3410758e-03  -1.8932185e-03   3.2608639e-04
  -6.3182163e-02  -8.2630843e-01   1.9104139e-01   2.5801825e-03  -1.9106672e-03   3.2936894e-04
  -6.0878134e-02  -8.8368332e-01   1.5917914e-01   2.0177682e-03  -1.8505890e-03   3.9754541e-04
  -6.0965966e-02  -8.8901603e-01   1.5710878e-01   1.3244040e-03  -1.6115249e-03   3.5304034e-04
  -6.2843973e-02  -8.5214199e-01   1.6112809e-01   1.9888994e-03  -1.7009019e-03   4.9745277e-04
  -7.3549634e-02  -9.4443075e-01   1.2884594e-01   9.9029768e-04  -2.1289838e-03   2.2218340e-04
  -6.6433404e-02  -1.0802235e+00   7.9548539e-02  -7.7298934e-04  -2.1531253e-03   2.5962605e-04
  -5.6902129e-02  -1.0630845e+00   7.6512201e-02  -1.0597609e-03  -1.8765640e-03   3.0166061e-04
  -6.1722969e-02  -1.0069639e+00   1.1243882e-01  -4.5042857e-04  -1.8274440e-03   4.2661402e-04
  -5.9221672e-02  -1.0363797e+00   1.0557253e-01  -1.0707238e-04  -1.7279374e-03   4.5996567e-04
  -5.5717310e-02  -1.0908778e+00   1.3410850e-01  -8.2950809e-04  -1.4998002e-03   5.3725747e-04
  -6.0674800e-02  -1.0998061e+00   1.4656823e-01  -1.2452687e-03  -1.7292970e-03   4.9789061e-04
  -6.5186831e-02  -1.0755008e+00   1.6396864e-01  -2.6844792e-04  -1.7389943e-03   4.7313402e-04
  -6.6034908e-02  -1.1526983e+00   1.2240181e-01  -1.3578667e-03  -1.7631217e-03   6.0638405e-04
  -7.0206307e-02  -1.1053088e+00   1.5985254e-01  -7.9587717e-04  -1.6046012e-03   6.1693151e-04
  -6.7059331e-02  -1.1371187e+00   8.3805151e-02  -6.7224139e-04  -1.5304657e-03   5.2528390e-04
  -5.9950819e-02  -1.1677929e+00   8.8877437e-02  -1.1830849e-03  -1.6855279e-03   6.6326800e-04
  -5.8078981e-02  -1.1021924e+00   1.2212445e-01  -1.9123432e-04  -1.2066760e-03   6.8671815e-04
  -5.4077083e-02  -1.1437075e+00   9.3195782e-02   1.9626572e-05  -1.2563174e-03   7.2360348e-04
  -5.6732452e-02  -1.1959123e+00   9.3776608e-02  -5.7532591e-04  -1.4442807e-03   5.4103692e-04
  -6.8117022e-02  -1.1480320e+00   9.3939501e-02  -6.5106450e-04  -1.2827384e-03   5.5112162e-04
  -7.1319273e-02  -1.1543449e+00   8.8791945e-02   4.1394644e-04  -1.1059445e-03   4.9078569e-04
  -6.6102842e-02  -1.2065583e+00   8.9230708e-02  -2.8117083e-04  -1.3771061e-03   4.3045815e-04
  -6.5256210e-02  -1.1603767e+00   9.1107195e-02  -3.7184979e-04  -1.1396948e-03   5.7927644e-04
  -6.2709512e-02  -1.1424037e+00   9.4427061e-02   6.3198087e-04  -1.0376757e-03   6.0505206e-04
  -5.9461274e-02  -1.1828308e+00   8.7288961e-02   4.3305445e-04  -1.2212126e-03   5.2892866e-04
  -6.2696191e-02  -1.1837572e+00   8.7165466e-02   2.6724810e-04  -1.4202454e-03   4.9482355e-04
  -6.8476331e-02  -1.1317105e+00   1.1866460e-01   5.9283348e-04  -1.4128873e-03   4.7424075e-04
  -6.1880994e-02  -1.1663532e+00   8.8050900e-02   6.2408705e-04  -1.0988485e-03   3.7161778e-04
  -5.7031985e-02  -1.2348755e+00   8.7911315e-02  -2.3863108e-04  -1.2429373e-03   3.6201699e-04
  -5.8239886e-02  -1.1673657e+00   8.4210740e-02   2.7321804e-04  -1.4094486e-03   3.6932133e-04
  -5.8872917e-02  -1.1747187e+00   8.4181740e-02   5.6149837e-04  -1.3412218e-03   4.6615029e-04
  -4.9125570e-02  -1.2178153e+00   7.6183874e-02   5.3409481e-04  -1.2924932e-03   5.1369079e-04
  -4.2337135e-02  -1.1949506e+00   7.1935270e-02   2.4873909e-04  -1.5336709e-03   5.6126081e-04
  -4.5295356e-02  -1.1395295e+00   1.0084823e-01   6.9058886e-04  -1.5856812e-03   5.7987394e-04
  -4.0652796e-02  -1.1758360e+00   7.0131732e-02   9.2806318e-04  -1.2692663e-03   5.8516637e-04
  -4.4032699e-02  -1.2750622e+00   6.2043454e-02  -7.5288324e-04  -1.4921150e-03   1.8544872e-04
  -2.0593487e-02  -1.3090363e+00  -2.0730147e-02  -1.2850707e-03  -6.1756627e-04   1.3390325e-03
  -3.5170950e-02  -1.3235240e+00   3.8842460e-02  -1.8099464e-03  -6.4020129e-04   7.2549251e-04
  -4.7465271e-02  -1.2634203e+00   7.9523392e-02  -9.4280600e-04  -7.7151576e-04   3.8698431e-04
  -4.1916344e-02  -1.2680042e+00   6.2944940e-02  -1.8374886e-04  -6.2550076e-04   5.8699865e-04
  -3.8502527e-02  -1.3077214e+00   7.3940376e-02  -6.9702915e-04  -5.5217389e-04   5.4616210e-04
  -3.7078615e-02  -1.2896942e+00   7.6028798e-02  -1.0772421e-03  -6.8392100e-04   6.0538951e-04
  -5.0015021e-02  -1.2720292e+00   1.0639388e-01  -9.7596301e-04  -8.2279693e-04   5.2188541e-04
  -5.2695490e-02  -1.3540371e+00   7.4560777e-02  -1.6523980e-03  -1.0117122e-03   6.7447582e-04
  -5.8482099e-02  -1.3219786e+00   7.8752408e-02  -1.8587184e-03  -6.3192441e-04   5.4074813e-04
  -4.6066648e-02  -1.3060634e+00   7.1113962e-02  -7.7713602e-04  -4.4070419e-04   6.1877556e-04
  -4.0502697e-02  -1.3530093e+00   5.0053228e-02  -8.7762834e-04  -6.7632409e-04   6.8549969e-04
  -3.8147382e-02  -1.3817970e+00   1.7345344e-02  -1.4783315e-03  -8.0335623e-04   6.2260289e-04
  -4.2958464e-02  -1.3412711e+00   7.0813036e-03  -1.4562195e-03  -4.5750057e-04   6.0262235e-04
  -4.4555821e-02  -1.3304830e+00   3.5380808e-02  -1.0112838e-03  -4.3116800e-04   5.9639533e-04
  -3.4857586e-02  -1.3491983e+00   2.3204131e-02  -5.0358987e-04  -6.4441697e-04   6.3366149e-04
  -3.1536389e-02  -1.3392185e+00   3.0055571e-02  -1.1792459e-03  -6.0258143e-04   7.7087519e-04
  -3.1862064e-02  -1.3151522e+00   5.7560517e-02  -3.2727708e-04  -2.8938896e-04   6.4964038e-04
  -3.0250147e-02  -1.3962468e+00   4.5841728e-02  -1.3335480e-03  -4.6470828e-04   5.4184743e-04
  -2.9151501e-02  -1.3941320e+00   1.7830305e-03  -1.6585875e-03  -7.0695176e-04   5.5854843e-04
  -3.8501696e-02  -1.3491912e+00   1.9732294e-02  -1.1649632e-03  -6.9859667e-04   5.0523489e-04
  -3.3770071e-02  -1.4091892e+00   4.7937959e-03  -1.6513152e-03  -4.6582647e-04   6.9442732e-04
  -3.6437054e-02  -1.4178464e+00   4.1894234e-02  -1.8840659e-03  -2.7162872e-04   5.5775365e-04
  -4.8673825e-02  -1.3858550e+00   3.7580188e-02  -1.1959070e-03  -5.6250027e-04   3.7170058e-04
  -4.3200544e-02  -1.4284090e+00   4.1392415e-02  -1.5122762e-03  -4.7276133e-04   4.9998976e-04
  -3.5626435e-02  -1.4804220e+00   1.7999407e-02  -2.5623193e-03  -4.4813988e-04   3.7557393e-04
  -4.6728399e-02  -1.4439768e+00   9.0708608e-02  -1.9061921e-03  -4.1470099e-04   3.2027398e-04
  -3.6948348e-02  -1.4012142e+00   4.4432725e-02  -1.0658508e-03  -1.0093493e-04   1.9659483e-04
  -3.0969288e-02  -1.3425696e+00   8.1614147e-02  -2.2864019e-04  -2.7780360e-05   5.8030983e-05
  -3.6296178e-02  -1.3409658e+00   6.5891961e-02   2.3844722e-04   5.0223869e-05   3.4265609e-04
