   0.0000000e+00   0.0000000e+00   0.0000000e+00   0.0000000e+00   0.0000000e+00   0.0000000e+00
   5.4105463e-03  -6.6248337e-03  -2.7769581e-02   5.9693064e-04  -3.5385569e-04   8.7119306e-05
   8.4278179e-03  -3.5618410e-02  -2.3380531e-02   1.7965533e-04   5.5438795e-05  -2.1887541e-04
  -5.3411205e-03  -1.7754606e-02  -5.5020570e-02   1.1694743e-03  -1.6804760e-04  -4.4462201e-04
   3.1606467e-02  -5.4648076e-02  -7.0831609e-02  -4.0042971e-05  -1.7206293e-04  -4.2683959e-04
   5.0286271e-03  -1.6348523e-03  -4.6471089e-02   9.8142686e-04  -3.3432088e-04  -3.2787209e-04
   3.0089997e-02  -6.1017599e-02  -7.0356117e-02   2.9181288e-04  -2.2682727e-04  -1.2586427e-04
   2.6109393e-03  -1.0072476e-02  -4.4434666e-02   1.0570854e-03  -2.6654403e-05  -3.6401113e-04
   1.4215732e-02  -5.8721245e-02  -1.0273791e-01   3.2763419e-04  -2.6086913e-04  -2.3772448e-04
   2.2431989e-03  -4.5878565e-02  -5.1203267e-02   1.0103702e-03   1.1987546e-04  -3.7526712e-04
   1.2025215e-02  -7.1090495e-02  -9.1896786e-02   2.3529316e-04  -4.2280221e-05  -1.4205184e-04
   1.8310312e-02  -6.1218852e-02  -7.3332638e-02   4.9812516e-04   2.2080733e-04  -3.0764472e-04
   1.1957706e-02  -7.5394398e-02  -7.6748345e-02   7.1520277e-04   1.6818563e-04  -2.5445947e-04
   2.8858160e-02  -1.0210304e-01  -7.1652881e-02   4.4727094e-04   2.9694895e-04  -4.3694933e-04
   1.2646967e-02  -8.3033932e-02  -7.1338625e-02   1.2434488e-03   1.9073371e-04  -3.8461324e-04
   2.9317765e-02  -1.0044385e-01  -8.4619872e-02  -1.7171114e-04   2.0683831e-04  -2.6619133e-04
   2.9641875e-02  -6.3741961e-02  -5.9883292e-02   1.2451966e-03   2.1937651e-04  -1.8193802e-04
   4.8294140e-02  -1.0136525e-01  -7.3685418e-02   4.9225301e-04   1.0114334e-04   1.2105908e-04
   3.0342214e-02  -6.3999698e-02  -4.8084479e-02   1.4637505e-03   3.9473872e-04  -1.5987985e-04
   4.7491155e-02  -1.2000051e-01  -8.0738964e-02   1.0184167e-03   1.9004155e-04   2.0945099e-04
   4.4955240e-02  -9.8883051e-02  -5.8234278e-02   6.1895849e-04   1.6937154e-04   1.8074926e-04
   4.2803207e-02  -1.1282988e-01  -7.4628926e-02   1.5195175e-03   1.4782663e-04   1.0883630e-04
   5.8057453e-02  -1.3165204e-01  -7.2907843e-02   5.2461138e-04   2.4625252e-04  -3.0954658e-04
   4.9881063e-02  -1.1938313e-01  -5.2818675e-02   1.5139528e-03   1.5415407e-04   1.5113176e-05
   5.6288762e-02  -1.6570644e-01  -6.8032421e-02   5.9292413e-04   1.0069156e-04  -1.3536498e-04
   4.3245648e-02  -9.4768722e-02  -6.8577541e-02   7.9123953e-04   1.8771310e-04   2.5383455e-04
   6.4927517e-02  -1.4234483e-01  -1.0932063e-01   7.7505155e-04  -7.6125735e-05   7.0396661e-05
   4.8728067e-02  -1.1119621e-01  -7.1318452e-02   2.0641279e-03   2.3213719e-04   1.6951976e-04
   5.5529427e-02  -1.5949498e-01  -1.0805135e-01   1.5137619e-03  -4.5681149e-06   1.3567141e-04
   4.7803000e-02  -1.3897124e-01  -7.5516158e-02   2.0357961e-03   3.0499145e-04   8.0924143e-05
   5.6928120e-02  -1.6688049e-01  -1.1070986e-01   1.6105712e-03   7.0760727e-05   1.7392789e-04
   5.4469219e-02  -1.6208334e-01  -8.5027227e-02   1.4833432e-03   3.6485552e-04   1.6904377e-04
   4.9416132e-02  -1.9256504e-01  -1.2693918e-01   1.3826794e-03   1.0949444e-04   2.4241015e-04
   4.2583380e-02  -2.2442893e-01  -1.2015774e-01   9.1506687e-04   3.1457396e-04  -1.5537679e-04
   4.3247429e-02  -1.9993586e-01  -1.2704250e-01   1.5855314e-03   4.1592163e-04   8.4483070e-05
   5.4279453e-02  -2.2104032e-01  -1.3276790e-01   4.1431834e-04   3.7781376e-04  -7.4329730e-05
   5.1848842e-02  -1.7816152e-01  -1.1254904e-01   2.2462798e-03   4.1525559e-04  -5.8605038e-05
   5.5464626e-02  -2.2938996e-01  -9.3731059e-02   1.1788802e-03   1.5734092e-04  -2.0627353e-04
   4.1024828e-02  -1.8450294e-01  -8.3118050e-02   2.6413245e-03   3.6682366e-04  -7.1582314e-05
   5.0848963e-02  -2.4335154e-01  -1.0734159e-01   1.2944693e-03   2.6505190e-04  -2.8772204e-04
   3.9058272e-02  -2.0206961e-01  -8.9302464e-02   2.4072874e-03   2.7585105e-04  -1.2749991e-04
   4.5870035e-02  -2.6257506e-01  -1.1496576e-01   1.4355883e-03   1.7274217e-04  -2.0333300e-04
   3.9608741e-02  -2.0059495e-01  -7.5067838e-02   3.1550378e-03   1.6275899e-04  -9.9041444e-05
   3.1194243e-02  -2.7489159e-01  -1.1658214e-01   1.7595394e-03   1.6747576e-04  -5.8285852e-04
   3.1405943e-02  -2.6533767e-01  -1.0600410e-01   1.3501362e-03   3.4452157e-04  -3.5874050e-04
   2.7295178e-02  -2.8989261e-01  -1.1216837e-01   2.4344956e-04  -7.6258649e-06  -8.3395044e-04
   2.2079735e-02  -2.9346407e-01  -1.4351669e-01   1.6336084e-03  -5.9347008e-05  -9.3294720e-04
   3.1518653e-02  -3.4241000e-01  -1.3456773e-01   9.5289441e-04  -2.6869268e-05  -1.0927350e-03
   1.3406614e-02  -3.2387506e-01  -1.5289993e-01   2.0217067e-03  -1.7683295e-04  -1.2903617e-03
   2.2514777e-02  -3.7979052e-01  -1.5849897e-01   9.9814604e-04  -1.3595957e-04  -1.5734015e-03
  -1.0599797e-02  -3.3191019e-01  -1.8407022e-01   1.2782856e-03  -1.6531700e-04  -1.9657859e-03
   1.0025250e-02  -3.8126913e-01  -2.1294821e-01   1.0902220e-03  -3.0717914e-04  -2.2090926e-03
  -3.4948066e-03  -3.2777446e-01  -1.8308093e-01   1.6136534e-03  -1.1019405e-05  -2.2393676e-03
   7.8652303e-03  -3.7881798e-01  -1.9785219e-01   1.4372139e-03  -1.7681432e-04  -1.8615005e-03
   5.9657183e-03  -3.4686380e-01  -1.7340902e-01   1.7540286e-03   1.8955680e-04  -2.2041314e-03
   1.8361460e-02  -3.1764143e-01  -2.1462655e-01   2.1043268e-03  -1.3357290e-04  -1.6058457e-03
   4.7530192e-03  -2.8766824e-01  -1.4835774e-01   2.9048031e-03  -1.6845590e-04  -1.8604116e-03
   1.7749897e-02  -3.5296623e-01  -1.7382597e-01   2.0834092e-03   3.1118497e-04  -2.2249994e-03
   2.3026458e-02  -3.4539685e-01  -1.5169467e-01   2.3513729e-03   5.5666516e-04  -2.3004850e-03
   2.1036778e-02  -3.6557593e-01  -1.8719649e-01   2.4320201e-03   5.0521534e-04  -2.0915753e-03
   1.8997263e-02  -3.8139917e-01  -1.3622281e-01   2.1088749e-03   4.2730351e-04  -2.5469487e-03
   1.7312917e-02  -3.5004584e-01  -1.7900021e-01   3.1495246e-03   2.3204008e-04  -2.0856853e-03
   2.4925859e-03  -3.4542034e-01  -1.4001720e-01   3.3532660e-03   5.0883896e-04  -2.9901195e-03
   4.3128575e-03  -3.8494879e-01  -1.8221942e-01   3.0136035e-03   1.1811857e-04  -2.5836102e-03
   6.6151743e-03  -3.9437054e-01  -1.6834382e-01   2.1054927e-03   2.2914950e-04  -2.8458991e-03
   7.4773814e-03  -4.3962822e-01  -1.9883396e-01   2.4200594e-03  -9.1731107e-05  -2.0654530e-03
   1.7086486e-02  -4.3571696e-01  -1.5910688e-01   1.9832261e-03   2.8681400e-05  -2.6637632e-03
   8.5422231e-03  -4.4536806e-01  -1.8841207e-01   2.4738424e-03  -3.2124153e-04  -2.4270118e-03
   1.8148192e-02  -4.6586239e-01  -1.6611592e-01   2.2527620e-03  -2.4643896e-04  -2.4879306e-03
   7.6530103e-03  -4.4643429e-01  -1.7996541e-01   3.0950202e-03  -2.0271668e-04  -2.3023205e-03
   2.1026135e-02  -4.8738371e-01  -1.8757217e-01   2.2416776e-03  -7.2690840e-05  -2.4104972e-03
  -4.8328353e-03  -4.2270779e-01  -1.8566136e-01   2.9007539e-03  -2.7535634e-04  -2.3946093e-03
   8.6935058e-03  -4.4834214e-01  -1.8501293e-01   2.3121590e-03  -4.5539052e-04  -2.5303196e-03
   6.1231165e-03  -3.8497933e-01  -1.8145399e-01   4.0914683e-03  -2.3475657e-04  -2.2194561e-03
   2.0126630e-02  -4.6281913e-01  -1.6557530e-01   2.7037216e-03   6.2338354e-05  -2.9084971e-03
   1.5214153e-02  -4.8609525e-01  -1.8831534e-01   2.9301822e-03  -1.4038544e-04  -2.5673626e-03
   2.3767014e-02  -5.2220982e-01  -1.9555900e-01   1.9980751e-03  -1.3247296e-04  -2.7113719e-03
   4.8787029e-03  -4.7718115e-01  -2.1161153e-01   2.9135529e-03  -4.5248141e-04  -2.4957614e-03
   2.4222445e-02  -5.3894813e-01  -2.1779741e-01   2.6953611e-03  -5.3935273e-04  -2.4587411e-03
   8.7337236e-03  -5.0852772e-01  -1.7844272e-01   3.4090151e-03  -5.5115147e-04  -2.6213316e-03
   1.6049643e-02  -5.4116594e-01  -2.2195510e-01   3.3462222e-03  -5.7713497e-04  -2.5311279e-03
   1.1771078e-02  -5.0132940e-01  -1.8167733e-01   2.8284972e-03  -2.3534049e-04  -2.3874552e-03
   1.2346548e-02  -5.3501649e-01  -1.9914881e-01   3.4057154e-03  -3.6545005e-04  -2.2797051e-03
   3.0888180e-02  -5.3390736e-01  -1.6882421e-01   3.2439062e-03  -4.0487244e-05  -2.6775407e-03
   3.5058178e-02  -5.2567913e-01  -2.0223185e-01   3.9492324e-03  -3.1734292e-04  -2.1951357e-03
   2.7994900e-02  -5.3220391e-01  -1.6545793e-01   3.7909353e-03  -2.7556360e-04  -2.4562661e-03
   3.8332616e-02  -5.5602417e-01  -2.1406812e-01   3.2233693e-03  -4.0870561e-04  -2.3346030e-03
   3.0319669e-02  -5.5914079e-01  -1.8165950e-01   3.0122295e-03  -3.2636730e-04  -2.6048010e-03
   2.3138211e-02  -5.7243576e-01  -2.2212260e-01   3.5345182e-03  -5.3122226e-04  -2.7187592e-03
   3.4056019e-02  -6.1614770e-01  -1.7669693e-01   2.7722887e-03  -4.2071068e-04  -3.1134774e-03
   1.8331384e-02  -6.1220084e-01  -2.0362335e-01   3.6087401e-03  -6.0198670e-04  -3.2417805e-03
   2.2579713e-02  -6.2937800e-01  -2.0764371e-01   2.5975109e-03  -6.5719239e-04  -3.3066655e-03
   7.3303766e-03  -5.8232511e-01  -2.2557952e-01   2.8825105e-03  -7.7837263e-04  -3.2652098e-03
   2.9660057e-02  -6.3876677e-01  -2.4557712e-01   2.5769952e-03  -7.7178091e-04  -3.1874083e-03
   1.9497401e-02  -6.0189187e-01  -2.0104691e-01   3.5098932e-03  -7.4503912e-04  -3.1198709e-03
   2.4922646e-02  -6.2767691e-01  -2.3122491e-01   3.8304157e-03  -5.9185882e-04  -2.6296350e-03
   2.3786410e-02  -5.9255068e-01  -2.0595135e-01   3.1192019e-03  -3.2768069e-04  -2.8663962e-03
   2.1788915e-02  -6.1253286e-01  -2.2920067e-01   4.4055231e-03  -6.3744572e-04  -2.6871461e-03
   3.4912217e-02  -6.4477106e-01  -1.9613018e-01   3.4163467e-03  -5.4651387e-04  -2.7196116e-03
   2.9087839e-02  -6.3889025e-01  -2.0491705e-01   4.4377486e-03  -4.1359485e-04  -2.4511984e-03
   2.8263392e-02  -6.8197431e-01  -1.9981372e-01   3.4696897e-03  -3.4521775e-04  -2.8027265e-03
   8.9283823e-03  -6.2892814e-01  -2.1229632e-01   3.6760344e-03  -1.5898392e-04  -2.6823847e-03
   2.4735349e-02  -6.7612296e-01  -2.1738024e-01   3.7014673e-03  -1.2154014e-04  -2.7737685e-03
   1.5727424e-02  -6.2839788e-01  -2.2578365e-01   4.7306074e-03  -2.5250685e-04  -2.9826413e-03
   3.6088495e-02  -7.0473929e-01  -2.2089209e-01   3.3644594e-03  -3.0535293e-04  -2.8853225e-03
   1.5935038e-02  -6.9438423e-01  -2.1779206e-01   4.2667004e-03  -5.3837259e-04  -2.7942418e-03
   2.1265526e-02  -7.4427537e-01  -2.4452111e-01   2.9955733e-03  -4.5748974e-04  -3.1368182e-03
   1.4412012e-02  -6.7255514e-01  -2.2931058e-01   4.8259057e-03  -5.2008131e-04  -2.8350088e-03
   2.7708016e-02  -7.1347292e-01  -2.5779708e-01   3.6708504e-03  -5.2274207e-04  -3.0708530e-03
   1.7578757e-02  -6.7979517e-01  -2.3763257e-01   4.0232603e-03  -2.3152101e-04  -2.8768278e-03
   3.5326550e-02  -7.3417402e-01  -2.3289014e-01   3.0318203e-03  -4.4314586e-04  -3.0461915e-03
   1.8635494e-02  -7.2503273e-01  -2.2879475e-01   3.8376512e-03  -3.6489571e-04  -3.1353771e-03
   2.7899351e-02  -7.6614249e-01  -2.7078096e-01   2.5803692e-03  -6.1234668e-04  -3.1055762e-03
   2.3371502e-02  -7.0839815e-01  -2.4370993e-01   3.9122712e-03  -4.0457695e-04  -3.1089691e-03
   4.0641465e-02  -7.5294647e-01  -2.7395318e-01   3.5620112e-03  -8.0081575e-04  -3.0276684e-03
   3.4744635e-02  -7.1879098e-01  -2.4578211e-01   3.6829432e-03  -5.7921322e-04  -3.1804862e-03
   4.0821460e-02  -7.7013635e-01  -2.7971665e-01   3.6101955e-03  -7.4265872e-04  -3.2688174e-03
   3.9647572e-02  -7.5098413e-01  -2.2463716e-01   3.9868194e-03  -3.5877102e-04  -3.3734378e-03
   3.6511760e-02  -7.6478899e-01  -2.6682031e-01   3.6424008e-03  -5.8599236e-04  -3.5583344e-03
   2.5046561e-02  -7.5901146e-01  -2.1784526e-01   3.4387661e-03  -4.8541808e-04  -3.8108593e-03
   3.1172531e-02  -7.8000316e-01  -2.4382533e-01   4.1005691e-03  -3.9123626e-04  -3.5346425e-03
   3.0740394e-02  -7.8029616e-01  -2.1039870e-01   3.6426592e-03  -4.0687589e-04  -3.5370895e-03
   2.1982079e-02  -7.9381023e-01  -2.4478693e-01   4.4460657e-03  -4.7740444e-04  -3.6937521e-03
   2.3991803e-02  -7.7453242e-01  -2.1771847e-01   4.1540675e-03  -5.5305964e-04  -3.7244005e-03
   2.6652590e-02  -7.6852536e-01  -2.8242442e-01   4.2863560e-03  -5.9442380e-04  -3.2847011e-03
   3.6038400e-02  -7.9172338e-01  -2.1335375e-01   4.4071778e-03  -3.6575337e-04  -3.4346127e-03
   3.4222171e-02  -7.9069077e-01  -2.4363322e-01   5.4852156e-03  -7.0038896e-04  -3.2791716e-03
   3.0535730e-02  -7.7405252e-01  -2.0442261e-01   5.5060795e-03  -8.4845888e-04  -3.4795214e-03
   3.3816651e-02  -8.2361508e-01  -2.4790329e-01   4.5112425e-03  -6.4449253e-04  -3.6097384e-03
   2.4776330e-02  -8.1241062e-01  -2.2374329e-01   4.1985746e-03  -8.8080769e-05  -4.2931346e-03
   2.6227933e-02  -8.2892130e-01  -2.9336006e-01   3.8261265e-03  -7.1395129e-04  -3.9406235e-03
   4.0483947e-02  -8.5923368e-01  -2.7607618e-01   4.3165317e-03  -5.2470812e-04  -3.6489487e-03
   2.5689992e-02  -8.8889465e-01  -3.0900584e-01   4.7816830e-03  -5.8067186e-04  -3.7059137e-03
   3.7962592e-02  -8.9786306e-01  -2.8367151e-01   4.2056867e-03  -6.3961260e-04  -3.8685818e-03
   2.1940190e-02  -8.3519136e-01  -2.8569957e-01   4.7830769e-03  -7.3432678e-04  -3.9850283e-03
   4.1343711e-02  -8.9907674e-01  -2.8878360e-01   4.2824346e-03  -1.0840121e-03  -3.9227029e-03
   3.8059193e-02  -8.8056335e-01  -2.6451603e-01   4.9424961e-03  -7.1458339e-04  -3.8713355e-03
   4.5704971e-02  -9.1187589e-01  -3.0259319e-01   4.2768951e-03  -8.3454932e-04  -3.8608778e-03
   3.5467280e-02  -8.8258207e-01  -2.7019474e-01   4.6683337e-03  -5.3227405e-04  -4.1936285e-03
   3.7095328e-02  -8.9225343e-01  -3.2809683e-01   4.8112735e-03  -8.2674553e-04  -4.0157519e-03
   4.9952363e-02  -9.1435377e-01  -2.9457120e-01   4.4519649e-03  -6.0953929e-04  -4.1683599e-03
   4.6183402e-02  -8.8102352e-01  -3.3265958e-01   4.9980124e-03  -5.3146469e-04  -4.1525949e-03
   5.9728426e-02  -9.0113511e-01  -2.8189383e-01   4.4843909e-03  -5.1074081e-04  -4.3723479e-03
   4.4660954e-02  -9.0654035e-01  -3.3109249e-01   4.9057213e-03  -5.7132530e-04  -4.4686313e-03
   7.7406256e-02  -9.4800312e-01  -3.2413555e-01   3.7586773e-03  -4.9155517e-04  -4.2293407e-03
   6.7980652e-02  -8.8218138e-01  -3.2686316e-01   5.4250651e-03  -1.7971989e-04  -3.7277672e-03
   9.7441983e-02  -9.3603932e-01  -3.2209904e-01   4.7724820e-03  -6.4807881e-04  -3.4456519e-03
   7.3000057e-02  -8.8802474e-01  -3.1155208e-01   6.1181339e-03  -5.9412087e-04  -3.3477576e-03
   9.1488433e-02  -9.5326354e-01  -3.1559621e-01   4.4903782e-03  -6.3965114e-04  -3.8211969e-03
   6.1620746e-02  -9.0728881e-01  -3.0932241e-01   5.1513327e-03  -7.3261858e-04  -3.8033034e-03
   7.4196550e-02  -9.8614391e-01  -3.4087544e-01   4.4699212e-03  -1.0517231e-03  -3.9787230e-03
   7.4588690e-02  -9.2876895e-01  -3.2441130e-01   5.8634171e-03  -9.9053849e-04  -3.5150483e-03
   8.1294731e-02  -9.5957025e-01  -3.4573731e-01   5.7282073e-03  -1.1398099e-03  -4.1984385e-03
   7.6598482e-02  -9.2195586e-01  -3.1761311e-01   6.0802925e-03  -9.5634371e-04  -3.7543389e-03
   8.1893659e-02  -9.9428578e-01  -3.8869142e-01   4.3486200e-03  -1.2508949e-03  -4.3060010e-03
   7.0844826e-02  -9.8343609e-01  -3.5452219e-01   4.8415575e-03  -1.1056286e-03  -4.6576320e-03
   8.6371831e-02  -1.0397885e+00  -4.0480171e-01   4.4710372e-03  -1.4591851e-03  -4.6094904e-03
   8.3131161e-02  -9.8462685e-01  -3.6774149e-01   3.6984863e-03  -1.2149492e-03  -4.4821828e-03
   9.6281018e-02  -1.0709514e+00  -3.9381504e-01   2.6370707e-03  -2.1184319e-03  -4.3697934e-03
   7.3371940e-02  -1.0625736e+00  -3.6802949e-01   2.6293828e-03  -2.6029335e-03  -4.9065186e-03
   8.3092538e-02  -1.0927358e+00  -3.9160108e-01   2.8325909e-03  -2.9490709e-03  -4.4746622e-03
   7.8662120e-02  -1.0750314e+00  -3.3751465e-01   1.4445219e-03  -2.3973022e-03  -4.6292818e-03
   7.6725524e-02  -1.0939601e+00  -3.6958164e-01   2.5403796e-03  -2.6048775e-03  -4.2422243e-03
   8.7781372e-02  -1.1221787e+00  -3.2119819e-01   1.8993848e-03  -2.5162182e-03  -4.2657621e-03
   7.0660716e-02  -1.1127703e+00  -3.5338498e-01   2.5102822e-03  -2.7931727e-03  -4.2610165e-03
   8.5280707e-02  -1.1512778e+00  -3.1709425e-01   1.2855811e-03  -2.7479726e-03  -4.4049783e-03
   4.9771329e-02  -1.0983757e+00  -3.4325130e-01   2.4779163e-03  -2.7293554e-03  -4.2577066e-03
   7.0991429e-02  -1.1474063e+00  -3.0581654e-01   1.4571370e-03  -2.6327935e-03  -4.4201560e-03
   4.9560732e-02  -1.1117872e+00  -3.4783955e-01   2.4257409e-03  -2.9357039e-03  -4.4083723e-03
   7.9272295e-02  -1.1642076e+00  -3.3364684e-01   1.0138439e-03  -3.0865102e-03  -4.4893504e-03
   5.6283541e-02  -1.1174229e+00  -3.3884852e-01   2.3829654e-03  -2.8791585e-03  -4.5110836e-03
   8.3961468e-02  -1.1756446e+00  -3.2425578e-01   1.4926865e-03  -2.9663650e-03  -4.4589073e-03
   4.8914101e-02  -1.1321325e+00  -3.2529928e-01   2.6870685e-03  -2.6623919e-03  -4.7245983e-03
   9.1383679e-02  -1.1530473e+00  -3.4667850e-01   1.1913394e-03  -2.6266242e-03  -3.9843874e-03
   7.4222924e-02  -1.1324586e+00  -3.2348536e-01   2.3856045e-03  -2.7228139e-03  -4.3207294e-03
   8.8517685e-02  -1.1844278e+00  -3.4825428e-01   2.0337853e-03  -2.9580522e-03  -4.0640829e-03
   8.6031704e-02  -1.1612816e+00  -3.1011588e-01   1.9134254e-03  -2.7107207e-03  -4.1574093e-03
   8.9340986e-02  -1.1672262e+00  -3.6682320e-01   1.9012002e-03  -3.1860679e-03  -4.0806810e-03
   8.3552770e-02  -1.1664231e+00  -3.1310137e-01   1.9568839e-03  -2.8164999e-03  -4.5395806e-03
   9.5810734e-02  -1.2080621e+00  -3.4159604e-01   2.4954312e-03  -2.7173977e-03  -4.3836147e-03
   7.7967653e-02  -1.1841261e+00  -2.9393189e-01   1.1935774e-03  -2.7058566e-03  -4.6696427e-03
   7.0369202e-02  -1.1771294e+00  -3.6810510e-01   2.6393826e-03  -2.7349528e-03  -4.5574231e-03
   7.5411227e-02  -1.2082073e+00  -3.1866494e-01   1.7446582e-03  -2.6655237e-03  -4.8595369e-03
   6.7345818e-02  -1.1859652e+00  -3.3411872e-01   3.0249550e-03  -2.1505475e-03  -4.7007134e-03
   7.3167716e-02  -1.1920692e+00  -2.9305407e-01   1.6232168e-03  -2.0767769e-03  -5.3195044e-03
   7.3382022e-02  -1.2031942e+00  -3.2585342e-01   2.8272597e-03  -2.6057478e-03  -4.3514083e-03
   7.0036117e-02  -1.2461166e+00  -2.7237542e-01   2.0244295e-03  -2.4820587e-03  -4.8114350e-03
   6.1324846e-02  -1.2371042e+00  -3.3540541e-01   2.8381034e-03  -2.5053193e-03  -4.2710223e-03
   7.4778300e-02  -1.2671892e+00  -3.1807865e-01   1.3325450e-03  -2.4170974e-03  -4.6777335e-03
   7.2955597e-02  -1.2579968e+00  -3.4471127e-01   2.7018508e-03  -2.4959608e-03  -4.7328725e-03
   9.0540428e-02  -1.3070362e+00  -3.5007555e-01   1.6933951e-03  -2.3492056e-03  -4.6912868e-03
   6.9465286e-02  -1.2336073e+00  -3.6095779e-01   2.1560653e-03  -2.2081649e-03  -4.7943084e-03
   9.7012864e-02  -1.3021089e+00  -3.5975992e-01   2.0849151e-03  -2.5186943e-03  -4.4112680e-03
   7.4661307e-02  -1.2625170e+00  -3.1660898e-01   3.1157765e-03  -2.3570675e-03  -4.6350227e-03
   9.9536229e-02  -1.3042778e+00  -3.3869777e-01   2.1229637e-03  -2.3965233e-03  -4.5679655e-03
   7.9062080e-02  -1.2262299e+00  -3.2690537e-01   2.7036862e-03  -2.5073682e-03  -4.1536470e-03
   8.2812153e-02  -1.3215961e+00  -2.9035566e-01   1.9559669e-03  -2.2974155e-03  -5.1024127e-03
   6.3399550e-02  -1.2713315e+00  -2.9694668e-01   2.9464322e-03  -2.3374134e-03  -4.9165105e-03
   8.4415445e-02  -1.3007882e+00  -2.8415063e-01   2.3158942e-03  -2.3858570e-03  -5.0461119e-03
   7.9110810e-02  -1.2003479e+00  -3.3111494e-01   3.5904095e-03  -2.1117154e-03  -4.2662400e-03
   9.9041571e-02  -1.2685781e+00  -2.5917966e-01   3.3956922e-03  -1.8074955e-03  -4.3617342e-03
   7.6757318e-02  -1.3171969e+00  -2.9693184e-01   2.8862280e-03  -1.6750024e-03  -5.0051051e-03
   9.0850273e-02  -1.3616543e+00  -2.7153389e-01   2.0588667e-03  -1.8118705e-03  -4.8377916e-03
   8.1117924e-02  -1.3354194e+00  -3.2767006e-01   2.8361532e-03  -1.8931631e-03  -4.7757640e-03
   1.0112273e-01  -1.3759470e+00  -3.0769828e-01   1.8164925e-03  -2.0255073e-03  -4.4264393e-03
   8.7891023e-02  -1.3354295e+00  -3.1690568e-01   3.3677845e-03  -1.8178471e-03  -4.5200906e-03
   1.1261445e-01  -1.3960154e+00  -2.9885727e-01   2.3058707e-03  -1.8009910e-03  -4.3585764e-03
   9.9584662e-02  -1.3422537e+00  -3.1333703e-01   3.3693318e-03  -1.7668034e-03  -4.4775035e-03
   1.1763201e-01  -1.3634775e+00  -3.2687063e-01   1.7098501e-03  -1.7904249e-03  -4.4279153e-03
   1.0204603e-01  -1.3222145e+00  -3.3693490e-01   3.5988988e-03  -1.9569365e-03  -4.1461010e-03
