   0.0000000e+00   0.0000000e+00   0.0000000e+00   0.0000000e+00   0.0000000e+00   0.0000000e+00
   1.4406730e-02  -2.9596230e-03   6.7932001e-03  -8.2027283e-04  -6.2954846e-05   3.2983982e-04
  -5.2237856e-03  -1.7565309e-02  -4.4364464e-03   4.8143402e-05   2.2777626e-04   6.9992080e-04
   2.3823130e-02  -5.7628261e-03  -8.4157124e-03  -2.3789429e-03  -1.7149417e-04   5.0788627e-04
   6.0813930e-03   1.2598030e-04   7.9224807e-04  -1.4349676e-03  -3.4911115e-05   6.7545469e-04
   2.7702492e-02  -3.2054263e-02  -1.7435589e-02  -2.3596153e-03  -5.1774956e-04   8.4139839e-04
   4.0021947e-03   1.3502099e-02  -2.3701673e-02  -2.0367405e-03  -1.0709616e-04   7.4757044e-04
   7.3736532e-03   1.6832215e-02  -2.5600083e-02  -2.2225420e-03  -4.7108253e-04   5.3370707e-04
   2.7939674e-02   1.2216781e-02  -7.3254409e-03  -2.5712316e-03  -5.2598783e-04   4.0986813e-04
  -9.8928234e-03   9.7877689e-03   7.5988124e-03  -1.0062768e-03   9.1096658e-05   3.4771939e-04
   1.8806696e-02  -2.2387460e-02   1.7853376e-02  -2.4992573e-03  -1.3467278e-04   1.2289380e-05
  -1.1110859e-02  -2.7250371e-03   2.0735078e-02  -1.1100129e-03   1.9383572e-04   3.2978194e-05
   2.2211461e-02  -3.9916906e-02   1.2359323e-02  -2.6753484e-03  -3.1530218e-04  -3.0207683e-05
  -1.1875882e-02  -4.1653772e-02   9.4631706e-03  -1.6299212e-03   4.2984146e-04   5.2381950e-05
   2.5173601e-02  -6.8991814e-02  -2.4530328e-03  -3.1848640e-03  -1.2683742e-04  -1.6498156e-04
   7.8227125e-03  -7.2587502e-02   1.0526899e-02  -1.3349896e-03   1.4287566e-04  -3.8786384e-04
   2.5761801e-02  -9.9555712e-02   2.5492869e-02  -2.5697394e-03   9.4026254e-05  -5.6214190e-04
   1.4124187e-03  -1.0165969e-01   3.7127836e-02  -1.0392268e-03   7.3728695e-04  -5.7639548e-04
   3.9327004e-02  -1.1282140e-01   2.1753248e-02  -2.3794104e-03  -1.3348199e-04  -2.8945671e-04
   4.8493927e-02  -1.1069530e-01   2.9962562e-02  -1.6604937e-03   1.1327010e-04  -2.3990103e-04
   2.6236352e-02  -1.2450435e-01   2.1609263e-02  -1.0332156e-03   5.3828357e-04  -5.9188908e-04
   5.0464825e-02  -1.4250284e-01   1.6927525e-02  -2.1328637e-03  -5.4029026e-06  -4.2594142e-04
   3.6306729e-02  -1.2377150e-01   1.6797599e-02  -8.1035417e-04  -1.0613168e-04   4.4729434e-04
   2.3396976e-02  -1.7506681e-01   4.9852035e-03  -1.0953582e-03  -8.5538706e-06   6.7308354e-05
   2.0803596e-02  -1.7995197e-01   3.4977428e-02  -2.1072290e-03   2.4231061e-04   1.0446042e-04
   3.0427680e-02  -2.0657360e-01   1.4548121e-02  -2.6479317e-03   3.2442626e-05   2.9762607e-04
   5.5693894e-02  -2.2380137e-01   7.5124209e-03  -3.7439511e-03  -3.3218317e-04   4.7104494e-04
   3.7436431e-02  -1.7767068e-01  -1.2541815e-02  -2.3338274e-03  -2.6145144e-04   9.9176375e-04
   4.8151442e-02  -1.6873947e-01  -7.4916502e-03  -3.8397884e-03  -3.2429819e-04   5.5070471e-04
   2.6447991e-02  -1.8102490e-01  -6.8413265e-03  -2.1045115e-03  -1.6137824e-04   6.5740646e-04
   4.3034706e-02  -1.9304870e-01   4.7889986e-03  -3.5450169e-03  -3.4412091e-04   4.4547668e-04
   1.2988790e-02  -2.0352929e-01  -7.9466420e-03  -2.1349139e-03   1.2023016e-04   2.6606126e-04
   4.2165149e-02  -1.9812872e-01  -5.7607050e-03  -3.5041603e-03  -2.9024940e-04   4.7675751e-05
   2.0977623e-02  -1.9705791e-01  -1.5123609e-03  -1.8722597e-03  -9.1596463e-05   1.0010584e-04
   3.7260845e-02  -2.1945987e-01  -4.2187705e-03  -3.1276958e-03  -4.1534154e-04   1.5524678e-04
   1.8408421e-02  -2.1360264e-01   1.7360991e-03  -1.8870394e-03   5.1459506e-05   8.6706307e-05
   2.9063703e-02  -2.1974017e-01  -1.7672112e-02  -2.2733538e-03  -1.5452525e-04  -4.0601418e-05
   9.6857635e-03  -2.3769458e-01  -1.3309705e-04  -1.4457193e-03   3.6106987e-04  -8.5246049e-06
   1.6111004e-02  -2.3428688e-01  -2.4265972e-02  -2.0184310e-03   1.6436189e-04   4.6995572e-05
   2.9862014e-02  -2.4749277e-01  -2.0752827e-03  -1.7487027e-03   8.5800263e-05  -5.7597799e-05
   2.3072344e-02  -2.4274058e-01  -2.0318162e-02  -1.8969445e-03   8.7042860e-05  -7.0393083e-05
   4.8760110e-02  -2.9514442e-01  -2.4331888e-02  -3.6532319e-03  -9.6145977e-05  -1.1836382e-04
   2.0527487e-02  -2.8234015e-01  -3.2150195e-02  -2.1415633e-03   8.7193687e-05   1.7555083e-04
   4.4864083e-02  -3.0084443e-01  -3.3524246e-02  -3.4351333e-03  -3.4796833e-04   4.9708528e-06
   1.6010552e-02  -2.9877996e-01  -2.6635103e-02  -1.7450570e-03   1.4027251e-04   1.2287464e-04
   2.2311206e-02  -2.9395800e-01  -3.4311037e-02  -2.9543476e-03  -1.5482219e-04   1.8817618e-05
   1.9739289e-02  -2.7934706e-01  -2.2672176e-02  -2.0597003e-03   4.0168456e-05   2.3071542e-04
   3.3733744e-02  -2.8980942e-01  -3.6707174e-02  -2.5111242e-03  -2.1477046e-04   3.0704732e-05
   3.0531033e-02  -3.1293918e-01  -2.4458419e-02  -1.9784108e-03   1.2059461e-04   3.0287000e-05
   2.4788765e-02  -3.4881169e-01  -2.3200970e-02  -1.9513746e-03   1.9151514e-04  -2.0202647e-04
   3.3878582e-02  -3.5687187e-01  -4.8365072e-03  -2.3008267e-03   1.0991583e-04  -2.3844857e-04
   7.0505281e-03  -3.9157186e-01  -2.2669811e-02  -1.5081346e-03   2.5809030e-04   2.4869594e-05
   2.9284681e-02  -3.8468008e-01  -1.8145097e-02  -3.2306227e-03   4.2137555e-05  -1.6102709e-04
   1.0558010e-02  -3.6808430e-01  -3.3132434e-02  -2.0544965e-03  -2.0430640e-04  -2.1789385e-04
   4.5888642e-02  -4.0194092e-01  -2.2561807e-02  -3.0198436e-03  -4.7693245e-04  -2.2590942e-04
   2.6550752e-02  -4.0430755e-01  -8.0397620e-03  -1.5663305e-03  -6.4408959e-05  -1.4697980e-04
   3.5413267e-02  -4.1563643e-01  -1.2383707e-02  -2.6948085e-03  -3.3676855e-04  -1.2946378e-04
   2.1253121e-02  -3.9779473e-01  -1.6580712e-03  -1.6835097e-03  -9.3935620e-05  -1.0751907e-04
   4.0188212e-02  -3.9863229e-01  -1.7445060e-02  -2.1677748e-03  -5.3549058e-04  -1.8531037e-04
   3.6633838e-02  -3.6949823e-01   3.6702304e-03  -1.5755937e-03  -2.9274274e-04  -6.2095632e-05
   4.9977042e-02  -3.8558838e-01  -6.8144140e-03  -2.3917176e-03  -6.2066475e-04  -4.6243387e-05
   3.9698984e-02  -4.0231802e-01  -8.7221799e-03  -1.9733284e-03  -3.0329638e-04   5.3498998e-05
   5.3437256e-02  -4.0270824e-01  -2.2821037e-02  -1.9232363e-03  -5.4850913e-04   5.9481355e-05
   5.4498354e-02  -4.2626783e-01  -5.5286879e-03  -1.5823573e-03  -4.5346597e-04  -1.9630017e-04
   3.7010533e-02  -4.5073800e-01  -1.6865668e-02  -6.6397941e-04  -6.6465594e-05  -1.9039998e-04
   4.9401454e-02  -4.2393391e-01  -9.9313191e-03  -1.4186288e-03  -1.9883192e-04  -4.1588057e-04
   3.5073244e-02  -4.6424871e-01  -8.8226347e-03   4.9481806e-04  -1.5276123e-04  -2.2476159e-04
   4.9248693e-02  -4.8242999e-01  -5.5158981e-03  -9.1395389e-04  -2.1458447e-04  -5.4165759e-04
   1.4693336e-02  -4.8674546e-01  -1.1906973e-02   3.5190723e-04   3.1943482e-04  -2.6870670e-04
   6.0128158e-02  -4.9697537e-01  -3.3139418e-02  -1.3993833e-03  -3.5260946e-04  -3.5739419e-04
   2.6833728e-02  -4.7957870e-01  -4.7996288e-02  -1.7420331e-04   2.8438116e-04  -2.3971206e-05
   5.4779895e-02  -4.9934900e-01  -5.5893172e-02  -1.5544853e-03  -3.4310377e-04  -1.3261253e-04
   1.4680176e-02  -4.8118323e-01  -4.4569366e-02   2.5505147e-05   1.6466569e-04  -1.3438244e-04
   3.8380119e-02  -4.8710944e-01  -4.3536774e-02  -1.1149821e-03  -3.2209661e-04  -3.6224040e-04
   8.3408828e-03  -4.8069960e-01  -3.4037722e-02  -2.1499766e-04  -2.3632843e-04  -4.6811057e-04
   4.9660528e-02  -5.1135837e-01  -2.8013358e-02  -1.6949279e-03  -3.1161281e-04  -3.8915609e-04
   3.1531692e-02  -5.0007240e-01  -3.2265476e-02  -3.1595757e-04   3.9819385e-05  -1.6057987e-04
   5.2822198e-02  -5.2406790e-01  -4.1639911e-02  -1.6441226e-03  -3.8199450e-04  -1.6817641e-04
   1.2700454e-02  -5.3154880e-01  -3.9899228e-02  -2.5761149e-04   2.1467317e-04  -1.1796243e-05
   6.0227452e-02  -5.6163678e-01  -4.7591113e-02  -1.6596682e-03  -3.1734836e-04  -4.1701785e-05
   3.8721458e-02  -5.4388416e-01  -3.9050840e-02   2.9694370e-05  -1.4158674e-05  -2.7435088e-05
   6.4827477e-02  -5.8172593e-01  -5.2957348e-02  -1.4783872e-03  -4.7762887e-04  -1.0056775e-04
   2.4223167e-02  -5.7218463e-01  -5.2515794e-02  -3.2202629e-05  -6.7878335e-05  -9.8872336e-05
   5.0886661e-02  -6.0549003e-01  -7.0559215e-02  -1.3834350e-03  -7.1369145e-04  -1.7746557e-04
   4.4100034e-02  -6.0374921e-01  -6.3942233e-02  -1.0931538e-03  -3.0365659e-04  -3.8917305e-04
   3.1626952e-02  -6.0284481e-01  -7.6813997e-02  -3.7139927e-04  -1.5190466e-04  -1.2332212e-04
   5.3243423e-02  -6.0751982e-01  -6.0347392e-02  -1.4793810e-03  -3.7443849e-04  -3.0435388e-04
   3.8005125e-02  -6.3274064e-01  -7.4257875e-02  -2.4959232e-04  -4.2154027e-04  -7.7519700e-06
   5.7078881e-02  -6.1728539e-01  -7.7101817e-02  -1.7452326e-03  -4.0103765e-04  -1.4000367e-04
   2.6754811e-02  -6.1387170e-01  -6.1068208e-02   1.2554592e-05  -3.9181451e-04  -1.0956641e-04
   6.4115891e-02  -6.3787638e-01  -6.8841551e-02  -1.6237181e-03  -7.2450450e-04  -5.4118154e-05
   3.7850136e-02  -6.8122702e-01  -5.8259957e-02  -2.9528322e-04   7.7846067e-05  -6.5153426e-05
   5.6055169e-02  -6.7647430e-01  -6.9099331e-02  -1.4012029e-03  -2.5019050e-04  -8.3974654e-05
   1.3829683e-02  -6.6113825e-01  -7.3378975e-02  -4.8324025e-04  -4.1588122e-04  -3.8603100e-04
   7.5225396e-02  -7.0690027e-01  -7.8096062e-02  -2.0324798e-03  -5.9657864e-04  -5.6565735e-05
   5.7143840e-02  -7.2633442e-01  -8.4062666e-02   1.2046815e-04  -2.0132373e-03   3.2362199e-04
   4.3763784e-02  -7.3971274e-01  -7.5547161e-02  -5.1862268e-04  -2.0864750e-03   1.1226413e-03
  -9.6693027e-03  -7.5106209e-01  -4.0313878e-02  -4.5352634e-04  -7.5671227e-04  -5.9106630e-04
   2.0445153e-03  -7.5251962e-01   4.3781126e-03   5.6556840e-04  -1.0285314e-03   3.7901770e-04
   5.9351322e-02  -7.7741511e-01   2.5145875e-02   1.3295103e-03  -2.3649765e-03   6.6092684e-05
   1.6665329e-02  -7.5988969e-01   3.8311101e-02   2.7030968e-03  -1.7394721e-03  -3.5502025e-04
   2.1063012e-02  -7.4508641e-01   4.0847568e-02   2.2583714e-03  -1.8510746e-03   4.2190234e-04
  -5.5655168e-03  -7.3732367e-01   5.3457273e-02   3.0844478e-03  -1.2060391e-03  -6.8254266e-05
   1.0479644e-02  -7.4035231e-01   2.4897489e-02   2.0350226e-03  -1.3952080e-03  -1.9315083e-04
  -2.7547164e-03  -7.3434428e-01   1.9033431e-02   2.2768512e-03  -1.0989437e-03  -3.8595812e-04
   2.4199817e-02  -7.4153168e-01   4.4090048e-03   6.9366935e-04  -1.6480172e-03  -2.9048967e-04
  -8.1387433e-04  -7.2567965e-01  -2.4591303e-02   2.1054734e-03  -1.4485805e-03   1.9974157e-04
   2.1297284e-02  -7.3882595e-01  -3.5841360e-02   5.1177088e-04  -1.6986218e-03   1.6418282e-04
  -8.7520606e-03  -7.2543205e-01  -6.2710477e-02   2.0343366e-03  -1.4677604e-03   5.3399294e-04
   6.4515688e-03  -7.2926051e-01  -6.3922304e-02   5.4235459e-04  -1.5849212e-03   1.5666358e-04
  -2.4519088e-02  -7.4677648e-01  -8.8585193e-02   1.8231314e-03  -1.1439021e-03   4.9482402e-04
  -3.2167428e-03  -7.5071629e-01  -9.1564229e-02   4.1174098e-04  -1.5021837e-03   1.1387158e-04
  -4.0385443e-02  -7.6576299e-01  -1.1046098e-01   2.1150756e-03  -1.0104445e-03   3.4143783e-04
  -2.1389389e-02  -7.6190491e-01  -1.0329761e-01   4.1073283e-04  -1.0706236e-03  -1.0034156e-04
  -4.0483365e-02  -7.9086922e-01  -1.1460904e-01   1.8889320e-03  -9.5187471e-04   1.7505666e-04
  -3.9127614e-02  -7.8815715e-01  -1.0736961e-01   6.3390712e-04  -1.0868542e-03  -3.6394733e-04
  -5.2124778e-02  -8.2201776e-01  -1.0946661e-01   1.6194987e-03  -9.2447124e-04  -1.6007716e-04
  -3.7598138e-02  -8.1160534e-01  -1.0016572e-01   6.3469268e-04  -9.9127895e-04  -4.6046327e-04
  -3.1546357e-02  -8.3444951e-01  -1.0298952e-01   1.5678254e-03  -1.1315433e-03  -2.8171959e-04
  -2.5999548e-02  -8.4220985e-01  -9.2050106e-02   8.9573524e-04  -1.2130560e-03  -4.7366615e-04
  -3.9854601e-02  -8.3033804e-01  -1.0029395e-01   1.3284614e-03  -1.0016333e-03  -3.2901601e-04
  -3.4571615e-02  -8.4070864e-01  -9.3268626e-02   1.1404275e-03  -1.1502933e-03  -3.8903913e-04
  -1.8653748e-02  -8.6419100e-01  -9.6200176e-02   8.6898991e-04  -1.4411146e-03  -4.1743367e-04
  -2.9128046e-02  -8.3352864e-01  -9.0460244e-02   1.4046331e-03  -1.2816396e-03  -2.0284172e-04
  -8.9361810e-03  -8.6915042e-01  -9.8983295e-02   9.4263628e-05  -1.8888065e-03  -1.7003337e-05
  -3.3665155e-02  -8.4495816e-01  -6.4386548e-02  -3.5202110e-04  -1.2404984e-03  -9.1615851e-05
  -1.0903109e-02  -8.8750523e-01  -8.0445668e-02  -2.2275269e-03  -1.8025090e-03   6.6229477e-05
  -3.7666326e-02  -8.9477047e-01  -7.0076330e-02  -5.6344765e-04  -1.3160667e-03   1.5102745e-04
  -1.3891208e-02  -9.0904006e-01  -7.2878635e-02  -1.5153633e-03  -1.8088317e-03  -9.1551351e-05
  -3.4067842e-02  -9.1653845e-01  -5.2542570e-02   5.1723172e-04  -1.4742647e-03   4.5124989e-05
  -1.8116468e-02  -9.1839910e-01  -6.7499938e-02  -7.2041592e-04  -1.6540822e-03  -3.3400848e-04
  -2.9129882e-02  -9.1720743e-01  -5.0217440e-02  -7.5806196e-04  -1.3538930e-03  -5.9551819e-04
  -9.0995741e-03  -9.3599207e-01  -5.8516758e-02  -1.6929212e-03  -1.7391469e-03  -3.7393142e-04
  -2.3421015e-02  -9.1718494e-01  -5.2965523e-02  -9.9312872e-04  -1.3659641e-03  -3.5825627e-04
  -7.7370194e-03  -9.3374797e-01  -7.6095374e-02  -4.2204287e-04  -1.7512161e-03  -4.0993776e-04
  -2.0584771e-02  -9.4942821e-01  -7.8790748e-02  -8.0658736e-05  -1.4278561e-03  -5.3804759e-04
  -4.8278062e-02  -9.4146103e-01  -1.1024074e-01   8.9323102e-05  -9.5671665e-04  -4.0528800e-04
  -2.4656237e-02  -9.2789300e-01  -1.0441099e-01  -8.3854613e-04  -1.3181567e-03  -5.8629151e-04
  -3.8402750e-02  -9.3332907e-01  -1.1731783e-01   2.5403888e-04  -1.2283439e-03  -5.8744706e-04
  -2.2097846e-02  -9.6085964e-01  -9.6664276e-02  -1.3397842e-03  -1.3373053e-03  -9.6504045e-04
  -5.2744689e-02  -9.5062619e-01  -9.9557236e-02  -1.0123848e-03  -1.1589977e-03  -8.6625152e-04
  -3.1150284e-02  -9.7648519e-01  -1.0296534e-01  -2.2029906e-03  -1.4188384e-03  -1.1207730e-03
  -4.2614272e-02  -9.8302324e-01  -9.2680192e-02  -7.5119054e-04  -1.1862668e-03  -7.2933586e-04
  -2.2491969e-02  -1.0002054e+00  -1.1711013e-01  -2.0572128e-03  -1.4388029e-03  -9.0505091e-04
  -3.8746465e-02  -1.0121605e+00  -1.0441672e-01  -5.3781334e-04  -1.2267075e-03  -8.0350661e-04
  -2.0440827e-02  -1.0111455e+00  -1.0554800e-01  -1.2487669e-03  -1.6127922e-03  -1.0282226e-03
  -4.3323071e-02  -1.0460723e+00  -9.0371046e-02   4.3545816e-04  -1.1074335e-03  -9.2193127e-04
  -1.9254885e-02  -1.0491449e+00  -8.4077402e-02  -1.1555064e-03  -1.4565130e-03  -1.1126997e-03
  -3.2596203e-02  -1.0359794e+00  -7.4835166e-02   1.7094938e-04  -1.2053564e-03  -9.5025709e-04
  -6.7974673e-03  -1.0431088e+00  -9.3935854e-02  -9.2736529e-04  -1.6611349e-03  -1.2291505e-03
  -3.0104927e-02  -1.0464820e+00  -8.3916545e-02   7.5716583e-04  -1.4250733e-03  -9.6058308e-04
  -1.6122229e-02  -1.0574488e+00  -9.9457704e-02  -7.8755726e-04  -1.5842912e-03  -1.1895858e-03
  -4.3659385e-02  -1.0804150e+00  -9.7977162e-02   2.5149620e-04  -1.2113842e-03  -1.1308910e-03
  -4.2438177e-03  -1.1284745e+00  -1.0374540e-01  -1.3406745e-03  -1.7273097e-03  -1.2600849e-03
  -3.1648546e-02  -1.1245978e+00  -8.6656356e-02   3.5626072e-04  -1.1675640e-03  -1.3574186e-03
  -1.0652090e-03  -1.1552434e+00  -8.2730619e-02  -7.8327977e-04  -1.3155623e-03  -1.3959790e-03
  -2.4686489e-02  -1.1675661e+00  -8.3663416e-02   3.6271954e-05  -9.1705744e-04  -1.8206654e-03
  -8.5854205e-03  -1.1901238e+00  -9.1232549e-02   1.1041596e-03  -1.4739950e-03  -9.0180772e-04
   1.1169750e-02  -1.1812091e+00  -7.8947239e-02   1.7686425e-04  -2.0497543e-03   2.5010167e-04
  -2.8158595e-02  -1.2063885e+00  -3.1471448e-02   1.9598889e-03  -7.1042380e-04  -2.4408125e-03
  -1.8584810e-02  -1.2106071e+00  -3.6348640e-02   2.5707144e-03  -1.2787775e-03  -1.2086879e-03
  -1.4809348e-03  -1.2062428e+00  -2.3071142e-02   1.9658673e-03  -1.4330134e-03  -9.0654503e-04
  -4.9177645e-03  -1.2095768e+00  -3.6014287e-02   2.8280805e-03  -1.1755139e-03  -1.7650122e-03
   1.7409646e-02  -1.2070644e+00  -5.8837504e-02   1.3966505e-03  -1.4815243e-03  -1.9890869e-03
   5.6949384e-03  -1.2293425e+00  -6.0779306e-02   2.2026462e-03  -1.1753021e-03  -1.8048189e-03
   1.7954502e-02  -1.2366186e+00  -8.2946122e-02   1.6187619e-03  -1.2698670e-03  -1.8088392e-03
   6.4767298e-03  -1.2255908e+00  -9.5060109e-02   8.7987232e-04  -1.0741659e-03  -2.2102176e-03
  -1.2724026e-02  -1.2391580e+00  -1.3270696e-01   1.8382415e-03  -9.7361057e-04  -2.0531170e-03
   1.0471878e-02  -1.2401067e+00  -1.3886441e-01   2.6592311e-04  -9.4376359e-04  -2.2476137e-03
  -1.9533948e-02  -1.2311374e+00  -1.5406173e-01   1.8433071e-03  -6.7437250e-04  -2.0779347e-03
   1.5032081e-02  -1.2662396e+00  -1.6523626e-01   4.1717219e-04  -1.1538008e-03  -2.2224394e-03
  -1.5691571e-02  -1.2572950e+00  -1.6188847e-01   1.6701174e-03  -5.2618971e-04  -2.1289350e-03
  -4.1419899e-03  -1.2554720e+00  -1.7242308e-01   1.5122037e-03  -1.0654073e-03  -1.9996057e-03
  -2.1869483e-02  -1.2490642e+00  -1.5394730e-01   1.5703752e-03  -8.0950112e-04  -2.1316426e-03
  -9.2485802e-03  -1.2732486e+00  -1.5818118e-01   9.9837645e-04  -1.0392618e-03  -1.9643791e-03
  -2.2947405e-02  -1.2707645e+00  -1.4611240e-01   1.6098802e-03  -7.5895935e-04  -1.7833282e-03
  -5.9862656e-03  -1.2926696e+00  -1.4669843e-01   1.0562740e-03  -1.2608409e-03  -1.8267350e-03
  -1.2707430e-02  -1.2971666e+00  -1.3398970e-01   2.3583157e-03  -1.1163937e-03  -1.6579157e-03
  -7.4234868e-04  -1.2985498e+00  -1.2736960e-01   1.3063945e-03  -1.3986298e-03  -1.5497064e-03
  -3.0038002e-02  -1.2834852e+00  -1.1476755e-01   2.5290423e-03  -1.0062269e-03  -1.3872178e-03
   3.3661970e-03  -1.2885715e+00  -1.2052698e-01   1.2176036e-03  -1.5378945e-03  -1.4460297e-03
  -1.1322380e-02  -1.2952031e+00  -1.1807575e-01   2.4536135e-03  -1.3372251e-03  -1.3429602e-03
   6.1151366e-03  -1.3289677e+00  -1.2934558e-01   1.3339277e-03  -1.7096855e-03  -1.2203904e-03
  -1.3811565e-02  -1.3417550e+00  -1.1651962e-01   2.4840816e-03  -1.2407084e-03  -1.0634103e-03
   9.2068837e-03  -1.3432576e+00  -1.3370583e-01   1.0115705e-03  -1.4945580e-03  -1.1535133e-03
  -3.0094525e-03  -1.3316494e+00  -1.3436890e-01   2.0822662e-03  -1.2755865e-03  -9.5975154e-04
   1.4479611e-02  -1.3609640e+00  -1.4963097e-01   8.1911196e-04  -1.5191239e-03  -1.1334899e-03
  -1.9265884e-02  -1.3568553e+00  -1.5133990e-01   2.0096850e-03  -1.0567410e-03  -9.1788215e-04
  -1.1941150e-02  -1.3753574e+00  -1.6385576e-01   3.2700183e-04  -1.1050637e-03  -9.8098218e-04
  -3.5651258e-02  -1.3758178e+00  -1.5489624e-01   5.6413478e-04  -8.0627521e-04  -8.7030891e-04
  -4.8954794e-02  -1.4009060e+00  -1.7264656e-01  -2.4156501e-04  -1.3495431e-03  -9.3790375e-04
  -5.2260182e-03  -1.4100047e+00  -1.3638227e-01  -5.7702501e-04  -3.1706236e-03  -6.1100707e-04
   1.9268728e-02  -1.4374853e+00  -1.6517023e-01   1.0996567e-03  -3.7255152e-03  -5.2462655e-04
  -4.9659527e-04  -1.4084226e+00  -1.5449205e-01   8.1206325e-04  -2.8901476e-03  -1.1788163e-03
  -1.7719068e-02  -1.4533359e+00  -1.0136349e-01   1.4501042e-03  -2.3910494e-03  -2.3221984e-03
  -4.9560236e-02  -1.4503754e+00  -4.3816457e-02   3.1885390e-03  -2.0317621e-03  -1.5974372e-03
  -1.0809504e-02  -1.4473465e+00  -4.0089273e-02   3.1407943e-03  -2.8760368e-03  -2.7635376e-04
  -2.9455617e-03  -1.4279058e+00  -4.3069217e-03   1.2813868e-03  -3.1825129e-03  -6.6888799e-04
  -8.3230948e-03  -1.4352728e+00  -2.2565910e-02   7.9381933e-04  -2.8174954e-03  -1.0590993e-03
   2.8814164e-03  -1.4809762e+00  -5.5716506e-02   1.3386407e-03  -2.9213932e-03  -2.1919808e-04
  -7.6769093e-03  -1.4631789e+00  -6.6654094e-02   2.0879066e-03  -2.3440177e-03  -2.6310973e-03
   6.1744801e-03  -1.4853088e+00  -8.4700478e-02   3.0179387e-03  -2.9256246e-03  -1.0121334e-03
  -5.8536014e-03  -1.4800739e+00  -8.2070416e-02   2.0861841e-03  -2.7225618e-03  -2.5595788e-03
  -1.5430683e-02  -1.4970061e+00  -8.0853633e-02   3.7601069e-03  -2.7046214e-03  -8.4833975e-04
   1.1980063e-04  -1.4999762e+00  -8.0562284e-02   2.9939547e-03  -2.9973991e-03  -1.3794651e-03
  -6.0914061e-03  -1.5025386e+00  -8.1420336e-02   3.9258619e-03  -2.8691328e-03  -1.1561344e-03
   3.7992673e-03  -1.5175309e+00  -1.0328268e-01   2.5218411e-03  -2.9223664e-03  -1.2699600e-03
  -2.1803880e-03  -1.5048586e+00  -1.1186977e-01   2.8756763e-03  -2.7783236e-03  -1.0230678e-03
  -7.5720881e-04  -1.5317455e+00  -1.4589859e-01   2.6592982e-03  -2.7870991e-03  -9.8075574e-04
  -9.7755624e-03  -1.5291582e+00  -1.4241254e-01   2.8710400e-03  -2.6317826e-03  -1.0020547e-03
